%YAML:1.0
---
vocabulary: !!opencv-matrix
   rows: 10
   cols: 128
   dt: f
   data: [ 3.80499725e+01, 5.39425468e+01, 4.07374573e+01,
       2.23106499e+01, 1.13229713e+01, 6.12039185e+00, 5.53129101e+00,
       1.23397760e+01, 7.10413589e+01, 7.48790283e+01, 3.99102097e+01,
       1.70334988e+01, 8.03623009e+00, 6.03680992e+00, 8.86510754e+00,
       2.57923965e+01, 2.81507854e+01, 3.34944954e+01, 3.77748337e+01,
       4.39685402e+01, 3.82867126e+01, 2.16106644e+01, 1.50147209e+01,
       1.80389900e+01, 1.06847401e+01, 1.86722393e+01, 3.33713837e+01,
       4.40431824e+01, 4.22473373e+01, 2.32250824e+01, 1.12784901e+01,
       8.52305412e+00, 5.04765434e+01, 4.01264877e+01, 3.10789719e+01,
       2.49618645e+01, 2.04177151e+01, 1.46152449e+01, 1.04166250e+01,
       1.47965231e+01, 1.23198769e+02, 6.34383545e+01, 1.94410591e+01,
       9.62007427e+00, 8.11879158e+00, 6.10642910e+00, 7.57025385e+00,
       4.19302559e+01, 3.69442863e+01, 1.96447563e+01, 2.84764481e+01,
       6.68738403e+01, 7.19792786e+01, 2.80958595e+01, 1.24068708e+01,
       1.73440952e+01, 1.63549938e+01, 2.27279243e+01, 3.88828926e+01,
       5.46434441e+01, 4.27662392e+01, 1.77167358e+01, 1.10261583e+01,
       1.14600573e+01, 4.53103752e+01, 1.48258133e+01, 8.80074501e+00,
       1.32878857e+01, 2.14723778e+01, 2.77622509e+01, 3.31616287e+01,
       3.64751244e+01, 1.14444397e+02, 6.16364098e+01, 2.85161686e+01,
       1.70361195e+01, 9.90662193e+00, 8.61094093e+00, 1.40963850e+01,
       4.05355949e+01, 2.39415970e+01, 2.61588020e+01, 4.36419983e+01,
       7.87412109e+01, 6.50287781e+01, 2.01145554e+01, 1.03427429e+01,
       1.09328918e+01, 2.05521526e+01, 1.80008278e+01, 2.28476543e+01,
       3.68339539e+01, 3.54580688e+01, 2.14188461e+01, 2.22521248e+01,
       2.31878586e+01, 2.94583321e+01, 1.68987579e+01, 1.05597544e+01,
       1.08884106e+01, 1.55040693e+01, 2.24429359e+01, 3.08313313e+01,
       3.40301857e+01, 4.27907410e+01, 2.86387272e+01, 1.95139351e+01,
       1.64701576e+01, 1.78985920e+01, 2.14912529e+01, 2.85071735e+01,
       3.86486473e+01, 2.27497501e+01, 1.90388374e+01, 2.23451023e+01,
       2.99151897e+01, 3.34684715e+01, 2.78868923e+01, 2.53443432e+01,
       2.53912926e+01, 1.86992817e+01, 1.39947014e+01, 1.44156733e+01,
       2.11868649e+01, 2.56614513e+01, 2.28102646e+01, 2.47774696e+01,
       2.42826843e+01, 1.92586040e+01, 2.29473171e+01, 2.47363529e+01,
       2.28329983e+01, 1.73194828e+01, 1.11891098e+01, 9.30845356e+00,
       1.28077879e+01, 3.18135376e+01, 2.68154430e+01, 2.30053959e+01,
       1.87216816e+01, 1.36536703e+01, 1.28648376e+01, 2.36238041e+01,
       3.53209152e+01, 3.48460159e+01, 2.40223942e+01, 1.74417610e+01,
       1.21256685e+01, 1.08047686e+01, 1.70842514e+01, 3.90944214e+01,
       4.75580521e+01, 3.44416428e+01, 1.98284111e+01, 1.12968855e+01,
       8.00163555e+00, 9.41729164e+00, 1.73238335e+01, 3.43702431e+01,
       4.30806923e+01, 3.97064705e+01, 2.43217754e+01, 2.27741451e+01,
       2.41659718e+01, 2.02673740e+01, 1.38245840e+01, 8.67808914e+00,
       1.64459610e+01, 1.11314476e+02, 2.43373909e+01, 8.21690083e+00,
       5.71876431e+00, 4.43316078e+00, 9.24266815e+00, 4.22230377e+01,
       9.41997147e+01, 3.73007469e+01, 9.21809769e+00, 4.45472956e+00,
       4.92003250e+00, 1.08926630e+01, 4.43797035e+01, 9.13713531e+01,
       7.96202469e+01, 3.77355423e+01, 1.42790432e+01, 6.69947195e+00,
       6.31410313e+00, 1.05707350e+01, 2.79089184e+01, 6.13180504e+01,
       6.44010849e+01, 4.69724617e+01, 1.38586826e+01, 8.28890896e+00,
       1.31667480e+01, 2.03184700e+01, 2.52897854e+01, 2.50513840e+01,
       2.71826668e+01, 1.25918045e+02, 5.69028664e+01, 7.39916372e+00,
       2.66930294e+00, 2.86684418e+00, 5.59415817e+00, 1.33753014e+01,
       5.20120926e+01, 8.03131104e+01, 3.97869263e+01, 1.66260815e+01,
       1.07401476e+01, 1.25766029e+01, 2.42825680e+01, 4.06434174e+01,
       4.76768074e+01, 3.69255981e+01, 1.83139172e+01, 1.23172064e+01,
       1.34020977e+01, 1.73365154e+01, 2.51089230e+01, 4.35695724e+01,
       4.97219009e+01, 2.93634968e+01, 1.20644531e+01, 6.14676476e+00,
       7.17823219e+00, 1.35043592e+01, 2.30340481e+01, 3.22353477e+01,
       3.56639557e+01, 8.59365921e+01, 3.84457397e+01, 9.04484081e+00,
       4.01613855e+00, 5.15597248e+00, 1.08796272e+01, 2.59302845e+01,
       5.79553261e+01, 7.16199799e+01, 4.45402603e+01, 2.26659641e+01,
       1.21807108e+01, 7.93175268e+00, 8.90424824e+00, 1.90362396e+01,
       4.33340340e+01, 2.76778355e+01, 2.60347385e+01, 2.75062809e+01,
       2.54505978e+01, 1.88021049e+01, 1.37742453e+01, 1.58835220e+01,
       2.36020508e+01, 4.09924316e+01, 4.24766731e+01, 2.76293583e+01,
       1.50711412e+01, 9.36306000e+00, 9.00291443e+00, 1.38936996e+01,
       2.63177681e+01, 3.86842003e+01, 4.54959793e+01, 3.46241493e+01,
       2.12897205e+01, 1.57366028e+01, 1.71107807e+01, 2.16045742e+01,
       2.82113209e+01, 2.74002705e+01, 2.99644356e+01, 2.51496906e+01,
       2.16211815e+01, 2.62805862e+01, 3.28475723e+01, 2.91020908e+01,
       2.40578117e+01, 1.47064762e+01, 1.31494608e+01, 1.35336218e+01,
       1.89279423e+01, 3.14250813e+01, 3.95761757e+01, 2.91141663e+01,
       1.71644497e+01, 4.05441322e+01, 5.88333244e+01, 4.63519821e+01,
       2.35779686e+01, 1.14869671e+01, 8.12663269e+00, 8.74603367e+00,
       1.78780098e+01, 3.81093903e+01, 7.15825806e+01, 8.35570145e+01,
       5.12932014e+01, 1.59056263e+01, 6.35342693e+00, 5.27633572e+00,
       9.88919353e+00, 1.06449234e+02, 7.65041733e+01, 3.95799255e+01,
       1.57210340e+01, 1.09572449e+01, 1.45201969e+01, 1.50564222e+01,
       3.01399078e+01, 2.81517010e+01, 1.27628574e+01, 1.07981253e+01,
       2.16268082e+01, 4.36333389e+01, 5.07796021e+01, 3.33174591e+01,
       2.24801540e+01, 3.00585804e+01, 4.02053566e+01, 3.77931595e+01,
       2.51055050e+01, 1.67433891e+01, 1.34966002e+01, 1.23646660e+01,
       1.67861977e+01, 7.19182968e+01, 3.88318558e+01, 3.75272789e+01,
       3.13296146e+01, 1.76031704e+01, 1.32292767e+01, 1.53565168e+01,
       3.20643959e+01, 1.22612991e+02, 5.76617241e+01, 1.94596596e+01,
       1.09768486e+01, 6.51106310e+00, 5.19747734e+00, 8.51305962e+00,
       4.83761597e+01, 3.42310867e+01, 2.47189827e+01, 3.02819080e+01,
       4.27017021e+01, 4.44753380e+01, 2.76338367e+01, 1.30381413e+01,
       1.33733816e+01, 2.24424725e+01, 2.14669857e+01, 1.67724361e+01,
       1.60206966e+01, 1.76437397e+01, 1.85328255e+01, 1.95979500e+01,
       1.95658531e+01, 5.70609016e+01, 4.03289948e+01, 1.92334862e+01,
       1.19670668e+01, 1.14847002e+01, 1.35504189e+01, 1.83443604e+01,
       3.21772537e+01, 7.15690765e+01, 6.44283905e+01, 3.59694824e+01,
       1.68705750e+01, 8.40322495e+00, 6.59263372e+00, 9.58831596e+00,
       2.74388828e+01, 2.25146523e+01, 3.40608482e+01, 4.06828537e+01,
       3.63286018e+01, 2.34836617e+01, 1.18865490e+01, 8.13866711e+00,
       1.10261068e+01, 1.86116982e+01, 1.51624327e+01, 1.59111290e+01,
       1.71507492e+01, 1.60284996e+01, 1.57028379e+01, 1.73818321e+01,
       2.05470428e+01, 3.85994873e+01, 1.89668427e+01, 1.24761734e+01,
       1.18052731e+01, 1.32088833e+01, 1.73689976e+01, 2.85257740e+01,
       4.44865036e+01, 5.72621765e+01, 1.44887552e+01, 6.15196753e+00,
       4.84545803e+00, 5.69105196e+00, 1.41847696e+01, 4.89220505e+01,
       8.88516693e+01, 3.30965080e+01, 9.27592659e+00, 4.30027771e+00,
       3.90831804e+00, 7.75557137e+00, 2.44120770e+01, 6.08376846e+01,
       6.96627197e+01, 3.01086674e+01, 2.23683186e+01, 1.77467480e+01,
       1.67461567e+01, 1.56102924e+01, 1.73181763e+01, 2.07840538e+01,
       2.67174187e+01, 7.19791718e+01, 3.55092964e+01, 2.22576885e+01,
       1.88471355e+01, 1.53190241e+01, 1.69368191e+01, 1.97336082e+01,
       3.41788940e+01, 1.23551331e+02, 4.10365944e+01, 7.67772484e+00,
       3.72302389e+00, 3.04777145e+00, 6.45322752e+00, 2.51677837e+01,
       8.56747284e+01, 5.28554306e+01, 1.64541416e+01, 1.02990246e+01,
