%YAML:1.0
---
vocabulary: !!opencv-matrix
   rows: 10
   cols: 128
   dt: f
   data: [ 9.39250961e-02, 9.95835885e-02, 7.44848773e-02,
       5.08224741e-02, 3.74945104e-02, 2.79252101e-02, 2.80383769e-02,
       4.99290824e-02, 1.29430786e-01, 1.16775975e-01, 7.39261284e-02,
       5.08007854e-02, 3.94855812e-02, 3.41243669e-02, 4.20874730e-02,
       7.80367106e-02, 7.32476190e-02, 6.94180578e-02, 7.37456679e-02,
       9.40167382e-02, 9.60413888e-02, 6.99475482e-02, 5.22808619e-02,
       5.66486418e-02, 3.11133433e-02, 4.34933603e-02, 6.81621432e-02,
       9.71650705e-02, 1.02491789e-01, 6.80488646e-02, 3.78296301e-02,
       2.77685504e-02, 1.17296517e-01, 9.41633210e-02, 6.75718635e-02,
       5.47112599e-02, 4.90324087e-02, 3.92286070e-02, 3.44053879e-02,
       5.59710041e-02, 1.83010861e-01, 1.15359642e-01, 5.44209853e-02,
       4.27622423e-02, 4.50977571e-02, 4.13458236e-02, 4.47275452e-02,
       1.07876375e-01, 9.37634036e-02, 5.71028106e-02, 6.14880137e-02,
       1.09058283e-01, 1.41456798e-01, 9.76459309e-02, 5.69305345e-02,
       6.59330785e-02, 3.29242349e-02, 4.25831862e-02, 6.90710172e-02,
       1.06891215e-01, 1.17315032e-01, 7.70597458e-02, 4.34010774e-02,
       3.12042870e-02, 1.16705649e-01, 5.77041619e-02, 3.48465182e-02,
       3.96604948e-02, 4.94900420e-02, 5.49270399e-02, 6.66341931e-02,
       9.09945592e-02, 1.82159334e-01, 1.13361321e-01, 5.48184924e-02,
       4.84047271e-02, 4.57800962e-02, 3.93626429e-02, 5.02099283e-02,
       1.08567782e-01, 8.91423449e-02, 7.01724365e-02, 6.94050714e-02,
       1.13144569e-01, 1.38652995e-01, 9.33278948e-02, 5.32785580e-02,
       5.29324412e-02, 3.56214978e-02, 3.31577174e-02, 4.67739031e-02,
       8.54672492e-02, 1.14870958e-01, 9.41438451e-02, 6.45244792e-02,
       4.46495004e-02, 9.15164500e-02, 5.52403554e-02, 3.23768482e-02,
       3.11136190e-02, 3.91199365e-02, 5.01305573e-02, 6.84349164e-02,
       8.98156241e-02, 1.22102968e-01, 8.16875994e-02, 4.85502370e-02,
       4.01757546e-02, 4.39544581e-02, 4.97552827e-02, 6.66327029e-02,
       1.03957266e-01, 7.08620548e-02, 5.86098619e-02, 5.75679354e-02,
       7.51712769e-02, 9.35234949e-02, 8.38927701e-02, 6.51915297e-02,
       6.42933249e-02, 3.59759927e-02, 3.13088559e-02, 4.05848846e-02,
       6.93091229e-02, 9.54361558e-02, 8.60318094e-02, 6.34837970e-02,
       4.66422178e-02, 7.06363469e-02, 6.12899214e-02, 5.33092096e-02,
       4.70743664e-02, 3.90486531e-02, 3.39975581e-02, 3.90474126e-02,
       5.91775402e-02, 1.19486362e-01, 7.31849521e-02, 4.26289923e-02,
       3.08413636e-02, 2.67144144e-02, 3.22469585e-02, 6.26857281e-02,
       1.13933489e-01, 1.26371250e-01, 5.59099764e-02, 2.40149461e-02,
       1.73034165e-02, 2.07917728e-02, 4.21131179e-02, 9.93197262e-02,
       1.50226176e-01, 8.17004889e-02, 3.42075378e-02, 1.78568829e-02,
       1.85311548e-02, 3.35459299e-02, 6.69440255e-02, 1.12093814e-01,
       1.23802781e-01, 1.00439794e-01, 7.21180514e-02, 5.17994426e-02,
       4.37273756e-02, 3.93761024e-02, 3.64191420e-02, 4.23842072e-02,
       7.07907975e-02, 1.71230987e-01, 1.02171555e-01, 4.88958433e-02,
       2.75252312e-02, 2.19246708e-02, 2.74124518e-02, 5.68897277e-02,
       1.20558031e-01, 1.75614640e-01, 9.98316780e-02, 3.40262912e-02,
       1.85645968e-02, 1.79740880e-02, 3.29100005e-02, 8.00765976e-02,
       1.48366064e-01, 1.15567937e-01, 6.08632676e-02, 3.57827879e-02,
       3.67673263e-02, 4.80180383e-02, 6.64767548e-02, 9.25006643e-02,
       1.15738690e-01, 1.01833992e-01, 6.84827566e-02, 4.21585701e-02,
       3.57836112e-02, 3.93726006e-02, 4.36260216e-02, 5.22405617e-02,
       7.48133883e-02, 1.71472266e-01, 1.15357913e-01, 5.28300479e-02,
       2.66764201e-02, 2.16056518e-02, 2.67485064e-02, 4.99882437e-02,
       1.06613964e-01, 1.78353548e-01, 1.41543075e-01, 7.23593906e-02,
       3.29146162e-02, 1.87587719e-02, 1.88120566e-02, 3.74220088e-02,
       1.05459280e-01, 1.15799822e-01, 1.10930301e-01, 8.63624737e-02,
       6.53108135e-02, 4.90851291e-02, 3.87231410e-02, 3.74688618e-02,
       6.25385866e-02, 7.28037432e-02, 5.72645850e-02, 3.66229229e-02,
       3.12209539e-02, 3.85754146e-02, 4.78528701e-02, 5.64569645e-02,
       6.54827952e-02, 1.24516912e-01, 1.11762308e-01, 5.86193539e-02,
       2.99227498e-02, 2.51215082e-02, 3.05128358e-02, 4.61103544e-02,
       7.96780735e-02, 1.30790845e-01, 1.43496543e-01, 9.14118811e-02,
       4.26562019e-02, 2.12678332e-02, 1.79800019e-02, 2.75735091e-02,
       6.34760037e-02, 8.23058486e-02, 1.17598876e-01, 1.04262322e-01,
       6.72852248e-02, 3.60815339e-02, 2.20197011e-02, 2.07189452e-02,
       3.67270075e-02, 1.02362446e-01, 4.82845604e-02, 2.15815324e-02,
       2.05606613e-02, 2.61306185e-02, 1.54428873e-02, 1.39356628e-02,
       4.09192480e-02, 2.29773670e-01, 8.38011131e-02, 1.54623361e-02,
       1.06820371e-02, 1.33020515e-02, 8.66055395e-03, 1.24962684e-02,
       8.77874270e-02, 2.29011834e-01, 7.75862485e-02, 1.46332225e-02,
       1.45104304e-02, 2.28421893e-02, 1.52147803e-02, 1.71306059e-02,
       9.68616009e-02, 1.00856073e-01, 4.16704640e-02, 2.06135344e-02,
       2.84293201e-02, 4.74044383e-02, 3.32990736e-02, 2.76782233e-02,
       5.60115464e-02, 1.21397652e-01, 4.76844758e-02, 1.91132929e-02,
       2.03867853e-02, 2.90337168e-02, 1.87980384e-02, 1.80728137e-02,
       5.13968915e-02, 2.45873392e-01, 9.03237090e-02, 1.62690729e-02,
       1.25956452e-02, 1.71639286e-02, 1.26889441e-02, 1.68532804e-02,
       1.00329712e-01, 2.43856072e-01, 9.53383744e-02, 1.77776106e-02,
       1.83495712e-02, 2.84355301e-02, 1.84071083e-02, 1.75994709e-02,
       9.51885730e-02, 1.19908795e-01, 5.37134893e-02, 2.54907366e-02,
       3.39823700e-02, 5.34433313e-02, 3.37651409e-02, 2.48481743e-02,
       5.38806207e-02, 1.21875390e-01, 5.06612882e-02, 1.79157984e-02,
       1.91791691e-02, 2.90025361e-02, 1.98327042e-02, 1.94454901e-02,
       4.92635854e-02, 2.45348200e-01, 9.98073444e-02, 1.67156141e-02,
       1.27347261e-02, 1.69683620e-02, 1.24597065e-02, 1.73484050e-02,
       9.09569487e-02, 2.43390501e-01, 9.62912142e-02, 1.96114928e-02,
       1.93409100e-02, 2.84889843e-02, 1.75268482e-02, 1.72174778e-02,
       9.54090729e-02, 1.19947128e-01, 5.41651323e-02, 2.64530424e-02,
       3.55621502e-02, 5.39992303e-02, 3.22224684e-02, 2.41832342e-02,
       5.39281629e-02, 1.02228940e-01, 4.07904983e-02, 1.39996558e-02,
       1.55244870e-02, 2.59937122e-02, 2.07511671e-02, 2.26450171e-02,
       4.91920337e-02, 2.28172883e-01, 8.83017406e-02, 1.28019257e-02,
       8.78749788e-03, 1.27143292e-02, 1.03502907e-02, 1.68867856e-02,
       8.38260874e-02, 2.28022531e-01, 9.77295712e-02, 1.80147607e-02,
       1.54644968e-02, 2.30288450e-02, 1.42670758e-02, 1.45178828e-02,
       7.71976411e-02, 1.01591066e-01, 5.62643670e-02, 2.81427596e-02,
       3.41115296e-02, 4.81406301e-02, 2.74271574e-02, 1.95689239e-02,
       4.18962426e-02, 8.49116221e-02, 9.05227363e-02, 7.45271146e-02,
       5.74195571e-02, 4.17031012e-02, 2.87100561e-02, 2.50969715e-02,
       4.26451564e-02, 1.56563967e-01, 1.24006160e-01, 6.60373494e-02,
       3.34394127e-02, 1.98971387e-02, 1.74736828e-02, 3.08101550e-02,
       8.63590613e-02, 1.32326901e-01, 1.02965757e-01, 6.88071772e-02,
       4.93701324e-02, 4.02686596e-02, 4.06147391e-02, 5.43425940e-02,
       8.79021212e-02, 5.83774075e-02, 6.32806346e-02, 6.83707073e-02,
       7.05290362e-02, 7.21468255e-02, 6.49167001e-02, 5.59323095e-02,
       5.35082817e-02, 1.11702420e-01, 7.74419457e-02, 6.11414053e-02,
       5.87349385e-02, 5.48823699e-02, 4.32888120e-02, 3.42474803e-02,
       5.50725870e-02, 1.90367639e-01, 1.23766139e-01, 5.84901124e-02,
       3.69669981e-02, 2.33345572e-02, 1.76280066e-02, 2.57700738e-02,
       1.14181392e-01, 1.41049296e-01, 1.10786662e-01, 1.16825059e-01,
       1.06083661e-01, 6.18526600e-02, 3.11428700e-02, 3.22575904e-02,
       7.63465464e-02, 6.43163398e-02, 9.72123668e-02, 1.20250039e-01,
