%YAML:1.0
---
grayKeypoints:
   - [ 1.2100283622741699e+01, 4.9500512695312500e+02,
       4.3706908226013184e+00, 1.8299133300781250e+01,
       1.7659112811088562e-02, 14221568, -1 ]
   - [ 1.2100283622741699e+01, 4.9500512695312500e+02,
       4.3706908226013184e+00, 2.2038792419433594e+02,
       1.7659112811088562e-02, 14221568, -1 ]
   - [ 1.3810247802734375e+02, 4.3881234741210938e+02,
       3.2413651943206787e+00, 1.0902969360351562e+02,
       2.3688258603215218e-02, 9307135, -1 ]
   - [ 1.3810247802734375e+02, 4.3881234741210938e+02,
       3.2413651943206787e+00, 2.6546545410156250e+02,
       2.3688258603215218e-02, 9307135, -1 ]
   - [ 1.9134071350097656e+02, 5.6445605468750000e+02,
       1.9122450351715088e+00, 1.1558992004394531e+02,
       1.3717002235352993e-02, 4522495, -1 ]
   - [ 1.9134071350097656e+02, 5.6445605468750000e+02,
       1.9122450351715088e+00, 2.9822796630859375e+02,
       1.3717002235352993e-02, 4522495, -1 ]
   - [ 2.2360491943359375e+02, 3.1612536621093750e+02,
       1.9709926843643188e+00, 1.0362533569335938e+02,
       1.9316045567393303e-02, 6750719, -1 ]
   - [ 2.4515985107421875e+02, 4.3600079345703125e+02,
       2.6112740039825439e+00, 1.2800247192382812e+02,
       2.9104596003890038e-02, 10355455, -1 ]
   - [ 2.4515985107421875e+02, 4.3600079345703125e+02,
       2.6112740039825439e+00, 2.8616271972656250e+02,
       2.9104596003890038e-02, 10355455, -1 ]
   - [ 2.9426672363281250e+02, 3.4129440307617188e+02,
       1.8982267379760742e+00, 1.0527890014648438e+02,
       1.3960810378193855e-02, 3998207, -1 ]
   - [ 2.9426672363281250e+02, 3.4129440307617188e+02,
       1.8982267379760742e+00, 2.4993637084960938e+02,
       1.3960810378193855e-02, 3998207, -1 ]
   - [ 3.2018112182617188e+02, 6.0353881835937500e+02,
       4.2826290130615234e+00, 2.2397766113281250e+01,
       1.3556063175201416e-02, 12714240, -1 ]
   - [ 3.2503540039062500e+02, 6.1080194091796875e+02,
       3.3071219921112061e+00, 3.3296145629882812e+02,
       2.7407120913267136e-02, 10748927, -1 ]
   - [ 3.2545220947265625e+02, 6.0262487792968750e+02,
       2.5322244167327881e+00, 9.2108764648437500e+00,
       1.6549678519368172e-02, 8127231, -1 ]
   - [ 3.2959295654296875e+02, 6.1987371826171875e+02,
       4.3050274848937988e+00, 2.9758325195312500e+02,
       1.3792801648378372e-02, 13107456, -1 ]
   - [ 3.3780862426757812e+02, 6.2465844726562500e+02,
       5.9756951332092285e+00, 2.9620858764648438e+02,
       1.4744007028639317e-02, 3408640, -1 ]
   - [ 3.4349105834960938e+02, 5.7534234619140625e+02,
       2.1836931228637695e+01, 6.7638427734375000e+01,
       3.0691251158714294e-02, 13566466, -1 ]
   - [ 3.4588931274414062e+02, 6.2011834716796875e+02,
       6.0972228050231934e+00, 2.9695895385742188e+02,
       1.3858643360435963e-02, 4850432, -1 ]
   - [ 3.4809786987304688e+02, 6.2885668945312500e+02,
       6.7603454589843750e+00, 2.9646939086914062e+02,
       1.6021283343434334e-02, 12321536, -1 ]
   - [ 3.5725433349609375e+02, 6.1998632812500000e+02,
       9.9931898117065430e+00, 2.9762701416015625e+02,
       2.2477854043245316e-02, 7143937, -1 ]
   - [ 3.5916284179687500e+02, 6.0924804687500000e+02,
       3.1211965560913086e+01, 6.7220123291015625e+01,
       2.7775632217526436e-02, 5964035, -1 ]
   - [ 3.6017599487304688e+02, 4.6409884643554688e+02,
       5.0665450096130371e+00, 2.9855987548828125e+01,
       1.7831224948167801e-02, 8192512, -1 ]
   - [ 3.6406549072265625e+02, 4.5286355590820312e+02,
       7.9765000343322754e+00, 3.2882659912109375e+01,
       1.4597773551940918e-02, 7602433, -1 ]
   - [ 3.6423333740234375e+02, 4.6981283569335938e+02,
       5.0306429862976074e+00, 2.8162506103515625e+01,
       3.7780940532684326e-02, 7668224, -1 ]
   - [ 3.6476544189453125e+02, 4.5285345458984375e+02,
       7.0400500297546387e+00, 3.1937255859375000e+01,
       1.4743969775736332e-02, 15270656, -1 ]
   - [ 3.6626223754882812e+02, 6.2814361572265625e+02,
       5.5678162574768066e+00, 2.9118505859375000e+02,
       1.3901183381676674e-02, 15008256, -1 ]
   - [ 3.6789318847656250e+02, 4.6127407836914062e+02,
       3.9912078380584717e+00, 3.0166687011718750e+01,
       1.8340369686484337e-02, 7602432, -1 ]
   - [ 3.6938281250000000e+02, 4.7077719116210938e+02,
       2.9532811641693115e+00, 2.0165464782714844e+02,
       1.4753061346709728e-02, 2556927, -1 ]
   - [ 3.7302105712890625e+02, 4.5409384155273438e+02,
       5.5197272300720215e+00, 3.3301757812500000e+01,
       1.8945753574371338e-02, 14352896, -1 ]
   - [ 3.7992834472656250e+02, 5.4353613281250000e+02,
       6.4394554138183594e+01, 6.5106536865234375e+01,
       2.3669000715017319e-02, 8257796, -1 ]
   - [ 3.8040139770507812e+02, 4.3346511840820312e+02,
       4.7601852416992188e+00, 3.9215545654296875e+01,
       1.6250956803560257e-02, 3670528, -1 ]
   - [ 3.8183346557617188e+02, 6.3209619140625000e+02,
       6.4187364578247070e+00, 2.7372467041015625e+02,
       1.5206958167254925e-02, 8585984, -1 ]
   - [ 3.9327157592773438e+02, 4.0834063720703125e+02,
       2.1852088928222656e+01, 5.1260925292968750e+01,
       2.7213040739297867e-02, 13632002, -1 ]
   - [ 3.9792919921875000e+02, 6.1893457031250000e+02,
       8.5465955734252930e+00, 2.8827035522460938e+02,
       1.4798509888350964e-02, 12583169, -1 ]
   - [ 3.9991644287109375e+02, 4.8023641967773438e+02,
       5.2960643768310547e+00, 2.6016717529296875e+02,
       1.7823977395892143e-02, 11403776, -1 ]
   - [ 4.0315905761718750e+02, 4.1899990844726562e+02,
       3.8405220508575439e+00, 5.4339416503906250e+01,
       2.6425700634717941e-02, 4849920, -1 ]
   - [ 4.0397116088867188e+02, 5.8887036132812500e+02,
       2.4792337417602539e+00, 8.6444732666015625e+01,
       1.4269834384322166e-02, 6619903, -1 ]
   - [ 4.0938992309570312e+02, 4.1509637451171875e+02,
       4.3670783042907715e+00, 5.9072387695312500e+01,
       2.8468191623687744e-02, 14156032, -1 ]
   - [ 4.2105374145507812e+02, 5.9560552978515625e+02,
       2.5220940113067627e+00, 8.0454162597656250e+01,
       1.3390416279435158e-02, 7865087, -1 ]
   - [ 4.3080389404296875e+02, 5.8813702392578125e+02,
       3.2470378875732422e+00, 8.7590820312500000e+01,
       1.3368477113544941e-02, 9438207, -1 ]
   - [ 4.4192785644531250e+02, 5.9755249023437500e+02,
       3.1563863754272461e+01, 8.5999023437500000e+01,
       3.3721458166837692e-02, 6816003, -1 ]
   - [ 4.4427929687500000e+02, 8.0080468750000000e+02,
       2.8012468814849854e+00, 2.9740335083007812e+02,
       2.1167691797018051e-02, 15467263, -1 ]
   - [ 4.4774832153320312e+02, 4.3720343017578125e+02,
       5.6659126281738281e+01, 2.4241116333007812e+02,
       6.2033373862504959e-02, 15663875, -1 ]
   - [ 4.6104006958007812e+02, 4.6433489990234375e+02,
       6.5889916419982910e+00, 2.4934852600097656e+02,
       2.8222750872373581e-02, 10486528, -1 ]
   - [ 4.6278939819335938e+02, 5.8703594970703125e+02,
       2.4107654094696045e+00, 8.9579101562500000e+01,
       1.4981191605329514e-02, 4588287, -1 ]
   - [ 4.7818966674804688e+02, 3.6433557128906250e+02,
       2.5284721851348877e+00, 3.3847259521484375e+02,
       1.4631677418947220e-02, 8061695, -1 ]
   - [ 4.8113598632812500e+02, 3.9643685913085938e+02,
       2.0061202049255371e+00, 1.0033529663085938e+02,
       2.0998759195208549e-02, 7995903, -1 ]
   - [ 5.0109024047851562e+02, 5.9154693603515625e+02,
       1.9373022079467773e+01, 8.9483459472656250e+01,
       3.4348871558904648e-02, 4915714, -1 ]
   - [ 5.0439828491210938e+02, 3.9387579345703125e+02,
       1.1744842529296875e+01, 9.3182800292968750e+01,
       3.4135982394218445e-02, 2163457, -1 ]
   - [ 5.1458062744140625e+02, 4.0492221069335938e+02,
       2.3611457347869873e+00, 9.7208282470703125e+01,
       2.5101734325289726e-02, 3080959, -1 ]
   - [ 5.1482928466796875e+02, 3.2439080810546875e+02,
       2.1334142684936523e+00, 1.0148791503906250e+02,
       1.7859341576695442e-02, 12452351, -1 ]
