%YAML:1.0
---
grayKeypoints:
   - [ 1.2091159820556641e+01, 3.4342538452148438e+02,
       4.0447421073913574e+00, 2.7962615966796875e+02,
       2.2505562752485275e-02, 8585472, -1 ]
   - [ 1.4484395027160645e+01, 1.1188572998046875e+03,
       5.3323302268981934e+00, 3.5906338500976562e+02,
       1.7437325790524483e-02, 11862528, -1 ]
   - [ 1.7935958862304688e+01, 1.1056791992187500e+03,
       5.2325148582458496e+00, 1.9848617553710938e+02,
       2.3588463664054871e-02, 10486272, -1 ]
   - [ 2.9432956695556641e+01, 1.1406967773437500e+03,
       5.2161803245544434e+00, 2.3877410888671875e+01,
       1.7934001982212067e-02, 10289664, -1 ]
   - [ 1.2300564575195312e+02, 1.2427474365234375e+03,
       2.4928002357482910e+00, 4.4510131835937500e+01,
       2.8804691508412361e-02, 7013119, -1 ]
   - [ 1.2300564575195312e+02, 1.2427474365234375e+03,
       2.4928002357482910e+00, 2.2040789794921875e+02,
       2.8804691508412361e-02, 7013119, -1 ]
   - [ 1.8973406982421875e+02, 8.1494403076171875e+02,
       4.2251238822937012e+00, 2.1032678222656250e+02,
       1.7212476581335068e-02, 11731200, -1 ]
   - [ 1.8973406982421875e+02, 8.1494403076171875e+02,
       4.2251238822937012e+00, 2.6658215332031250e+02,
       1.7212476581335068e-02, 11731200, -1 ]
   - [ 2.1988507080078125e+02, 1.3286385498046875e+03,
       2.7541823387145996e+00, 2.2289309692382812e+02,
       1.7276711761951447e-02, 14222079, -1 ]
   - [ 2.5606112670898438e+02, 3.7772042846679688e+02,
       4.4595637321472168e+00, 2.9187908935546875e+02,
       1.5295911580324173e-02, 15663360, -1 ]
   - [ 2.6695526123046875e+02, 9.4363665771484375e+02,
       3.8724746704101562e+00, 3.0189941406250000e+01,
       3.1190175563097000e-02, 5439744, -1 ]
   - [ 2.6695526123046875e+02, 9.4363665771484375e+02,
       3.8724746704101562e+00, 2.2108699035644531e+02,
       3.1190175563097000e-02, 5439744, -1 ]
   - [ 4.0560525512695312e+02, 6.4287231445312500e+02,
       4.2264294624328613e+00, 7.0971466064453125e+01,
       2.3170432075858116e-02, 11796736, -1 ]
   - [ 4.0560525512695312e+02, 6.4287231445312500e+02,
       4.2264294624328613e+00, 2.1184356689453125e+02,
       2.3170432075858116e-02, 11796736, -1 ]
   - [ 4.2796029663085938e+02, 7.6483117675781250e+02,
       4.1084442138671875e+00, 2.0819039916992188e+02,
       2.1667661145329475e-02, 9699584, -1 ]
   - [ 5.0485437011718750e+02, 8.9891125488281250e+02,
       5.8603706359863281e+00, 2.3232504272460938e+02,
       2.5184836238622665e-02, 1966848, -1 ]
   - [ 5.2447015380859375e+02, 6.8982861328125000e+02,
       4.2336974143981934e+00, 2.0160522460937500e+01,
       2.9483875259757042e-02, 11862272, -1 ]
   - [ 5.2447015380859375e+02, 6.8982861328125000e+02,
       4.2336974143981934e+00, 2.2305822753906250e+02,
       2.9483875259757042e-02, 11862272, -1 ]
   - [ 5.7015155029296875e+02, 1.4551588134765625e+03,
       2.2610142230987549e+00, 3.4126647949218750e+01,
       2.2789278998970985e-02, 16646655, -1 ]
   - [ 5.7015155029296875e+02, 1.4551588134765625e+03,
       2.2610142230987549e+00, 2.2284689331054688e+02,
       2.2789278998970985e-02, 16646655, -1 ]
   - [ 5.7319598388671875e+02, 1.4518028564453125e+03,
       2.5416207313537598e+00, 5.3614868164062500e+01,
       2.2432442754507065e-02, 8389375, -1 ]
   - [ 5.7319598388671875e+02, 1.4518028564453125e+03,
       2.5416207313537598e+00, 2.2202096557617188e+02,
       2.2432442754507065e-02, 8389375, -1 ]
   - [ 5.7487426757812500e+02, 6.7141455078125000e+02,
       3.1540713310241699e+00, 2.1976605224609375e+02,
       1.8524168059229851e-02, 7341055, -1 ]
   - [ 5.9348461914062500e+02, 1.2811156005859375e+03,
       2.5608017444610596e+00, 3.3948364257812500e+01,
       1.5109853819012642e-02, 8979199, -1 ]
   - [ 7.3550799560546875e+02, 9.2090332031250000e+02,
       7.9869093894958496e+00, 2.3995941162109375e+01,
       1.8661048263311386e-02, 7667969, -1 ]
   - [ 7.4377136230468750e+02, 9.2944006347656250e+02,
       9.7774181365966797e+00, 2.0600646972656250e+01,
       4.5201629400253296e-02, 5571073, -1 ]
   - [ 7.4480474853515625e+02, 1.2411976318359375e+03,
       4.6032519340515137e+00, 1.1911254882812500e+01,
       1.6071729362010956e-02, 1245696, -1 ]
   - [ 7.4890148925781250e+02, 1.2577009277343750e+03,
       7.8260521888732910e+00, 1.9795532226562500e+00,
       2.0247377455234528e-02, 6226177, -1 ]
   - [ 7.4890148925781250e+02, 1.2577009277343750e+03,
       7.8260521888732910e+00, 3.2412112426757812e+02,
       2.0247377455234528e-02, 6226177, -1 ]
   - [ 7.5400445556640625e+02, 9.2759167480468750e+02,
       3.2022975921630859e+01, 2.2380218505859375e+01,
       2.5987097993493080e-02, 7864579, -1 ]
   - [ 7.5468963623046875e+02, 9.2834881591796875e+02,
       6.9512534141540527e+00, 1.8855026245117188e+02,
       2.1391808986663818e-02, 14353152, -1 ]
   - [ 7.5949267578125000e+02, 8.9032244873046875e+02,
       1.1657176017761230e+01, 2.8957855224609375e+01,
       2.4624137207865715e-02, 1573633, -1 ]
   - [ 7.6990246582031250e+02, 1.2638775634765625e+03,
       1.1529990196228027e+01, 2.8045919799804688e+02,
       2.3838283494114876e-02, 787201, -1 ]
   - [ 7.7216198730468750e+02, 8.6309973144531250e+02,
       7.1233248710632324e+00, 2.8781066894531250e+01,
       2.6372980326414108e-02, 16122624, -1 ]
   - [ 7.8291442871093750e+02, 1.1702503662109375e+03,
       4.4921356201171875e+01, 6.1329223632812500e+01,
       2.7486944571137428e-02, 15598083, -1 ]
   - [ 7.8614404296875000e+02, 1.3888847656250000e+03,
       2.6272680759429932e+00, 4.3331146240234375e+01,
       2.1349508315324783e-02, 10814207, -1 ]
   - [ 7.8614404296875000e+02, 1.3888847656250000e+03,
       2.6272680759429932e+00, 2.1959092712402344e+02,
       2.1349508315324783e-02, 10814207, -1 ]
   - [ 7.9592285156250000e+02, 6.8889978027343750e+02,
       4.7311940193176270e+00, 2.2092173767089844e+02,
       1.4954744838178158e-02, 3211776, -1 ]
   - [ 7.9592285156250000e+02, 6.8889978027343750e+02,
       4.7311940193176270e+00, 2.4854852294921875e+02,
       1.4954744838178158e-02, 3211776, -1 ]
   - [ 7.9592285156250000e+02, 6.8889978027343750e+02,
       4.7311940193176270e+00, 3.4794342041015625e+02,
       1.4954744838178158e-02, 3211776, -1 ]
   - [ 7.9942480468750000e+02, 9.3954278564453125e+02,
       1.3637700080871582e+01, 2.6231140136718750e+02,
       1.6676554456353188e-02, 12911361, -1 ]
   - [ 8.0107202148437500e+02, 8.2665270996093750e+02,
       1.4735568046569824e+01, 3.8460266113281250e+01,
       2.9892049729824066e-02, 1835266, -1 ]
   - [ 8.1138269042968750e+02, 9.5067730712890625e+02,
       1.0124107360839844e+01, 2.5767736816406250e+02,
       1.5471076592803001e-02, 8126977, -1 ]
   - [ 8.1883062744140625e+02, 1.2909580078125000e+03,
       1.6002492904663086e+01, 2.8937887573242188e+02,
       1.3489882461726665e-02, 7799042, -1 ]
   - [ 8.2374591064453125e+02, 7.9822497558593750e+02,
       8.1660842895507812e+00, 4.8532379150390625e+01,
       3.2044604420661926e-02, 9240833, -1 ]
   - [ 8.2703057861328125e+02, 1.2676746826171875e+03,
       1.9981328964233398e+01, 2.8909982299804688e+02,
       2.1251186728477478e-02, 7143938, -1 ]
   - [ 8.2708862304687500e+02, 9.4540795898437500e+02,
       9.0919275283813477e+00, 2.5682702636718750e+02,
       1.7316652461886406e-02, 328193, -1 ]
   - [ 8.3681512451171875e+02, 7.8754620361328125e+02,
       9.0222616195678711e+00, 5.1728637695312500e+01,
       3.2846070826053619e-02, 16449793, -1 ]
   - [ 8.4752722167968750e+02, 9.4112689208984375e+02,
       1.1354834556579590e+01, 2.5170388793945312e+02,
       1.7627192661166191e-02, 16384513, -1 ]
   - [ 8.5338012695312500e+02, 1.5970794677734375e+03,
       2.0685174465179443e+00, 4.2749145507812500e+01,
       2.1330397576093674e-02, 10224127, -1 ]
   - [ 8.5338012695312500e+02, 1.5970794677734375e+03,
       2.0685174465179443e+00, 2.0559805297851562e+02,
       2.1330397576093674e-02, 10224127, -1 ]
