%YAML:1.0
---
grayKeypoints:
   - [ 2.1576919555664062e+01, 4.1155599975585938e+02,
       1.9660507440567017e+00, 3.1974267578125000e+02,
       1.5570589341223240e-02, 6554111, -1 ]
   - [ 2.3873580932617188e+01, 4.0998703002929688e+02,
       1.9850291013717651e+00, 1.5074026489257812e+02,
       3.4237399697303772e-02, 7209471, -1 ]
   - [ 2.3873580932617188e+01, 4.0998703002929688e+02,
       1.9850291013717651e+00, 3.2031439208984375e+02,
       3.4237399697303772e-02, 7209471, -1 ]
   - [ 2.7587776184082031e+01, 3.3565335083007812e+02,
       2.1571586132049561e+00, 1.1973248291015625e+02,
       2.5846984237432480e-02, 13238783, -1 ]
   - [ 3.7583602905273438e+01, 1.1354085693359375e+03,
       2.0472142696380615e+00, 2.9126684570312500e+02,
       1.4556348323822021e-02, 9503231, -1 ]
   - [ 1.1019113159179688e+02, 9.0697656250000000e+02,
       2.8275446891784668e+00, 1.3594924926757812e+02,
       1.4859976246953011e-02, 16122623, -1 ]
   - [ 1.1494528198242188e+02, 1.2574967041015625e+03,
       2.1624741554260254e+00, 1.1120159912109375e+02,
       2.2054903209209442e-02, 13435391, -1 ]
   - [ 1.3279872131347656e+02, 1.1611699218750000e+03,
       3.0383043289184570e+00, 9.4490386962890625e+01,
       2.1097013726830482e-02, 4588543, -1 ]
   - [ 1.5731597900390625e+02, 6.1108270263671875e+02,
       3.6786744594573975e+00, 1.7208374023437500e+01,
       3.4699000418186188e-02, 1704192, -1 ]
   - [ 1.5731597900390625e+02, 6.1108270263671875e+02,
       3.6786744594573975e+00, 8.1385009765625000e+01,
       3.4699000418186188e-02, 1704192, -1 ]
   - [ 1.6960813903808594e+02, 7.3365051269531250e+02,
       2.4429469108581543e+00, 8.7572937011718750e+00,
       4.7420188784599304e-02, 5571327, -1 ]
   - [ 1.6960813903808594e+02, 7.3365051269531250e+02,
       2.4429469108581543e+00, 1.6349972534179688e+02,
       4.7420188784599304e-02, 5571327, -1 ]
   - [ 2.0211541748046875e+02, 6.0756805419921875e+02,
       2.6794137954711914e+00, 2.7162823486328125e+02,
       1.6563411802053452e-02, 12255999, -1 ]
   - [ 2.3494491577148438e+02, 8.6782678222656250e+02,
       2.1685426235198975e+00, 1.4357252502441406e+02,
       2.7008892968297005e-02, 13631999, -1 ]
   - [ 2.3730728149414062e+02, 8.7243249511718750e+02,
       3.9936654567718506e+00, 1.2094699096679688e+02,
       3.5078361630439758e-02, 7667968, -1 ]
   - [ 2.3903608703613281e+02, 8.6847503662109375e+02,
       2.4189560413360596e+00, 1.1279876708984375e+02,
       2.4338493123650551e-02, 4850431, -1 ]
   - [ 2.4349771118164062e+02, 1.1116247558593750e+03,
       1.8693960905075073e+00, 1.0205926513671875e+02,
       1.4942449517548084e-02, 2884095, -1 ]
   - [ 2.4736421203613281e+02, 1.4268666992187500e+03,
       3.7375564575195312e+00, 1.0663891601562500e+02,
       2.5289766490459442e-02, 2883840, -1 ]
   - [ 2.7866934204101562e+02, 6.6896807861328125e+02,
       3.4478988647460938e+00, 1.0914944458007812e+02,
       4.2253941297531128e-02, 13763583, -1 ]
   - [ 2.7866934204101562e+02, 6.6896807861328125e+02,
       3.4478988647460938e+00, 2.6091577148437500e+02,
       4.2253941297531128e-02, 13763583, -1 ]
   - [ 2.7906579589843750e+02, 6.7256646728515625e+02,
       1.9306652545928955e+00, 2.5968212890625000e+02,
       1.5398389659821987e-02, 5243391, -1 ]
   - [ 2.8115963745117188e+02, 6.6630926513671875e+02,
       1.8254619836807251e+00, 1.1984289550781250e+02,
       1.8721453845500946e-02, 1180159, -1 ]
   - [ 3.6824090576171875e+02, 1.6212330322265625e+03,
       3.0658292770385742e+00, 8.6573059082031250e+01,
       1.4376150444149971e-02, 5243903, -1 ]
   - [ 3.9522485351562500e+02, 1.6173446044921875e+03,
       4.7661566734313965e+00, 8.1756134033203125e+01,
       1.3871897943317890e-02, 3736064, -1 ]
   - [ 4.2013577270507812e+02, 1.6121704101562500e+03,
       3.8481838703155518e+00, 7.3726135253906250e+01,
       1.4969270676374435e-02, 4980992, -1 ]
   - [ 4.4039654541015625e+02, 9.0794488525390625e+02,
       1.5812369346618652e+01, 3.3104278564453125e+01,
       1.7410090193152428e-02, 6947074, -1 ]
   - [ 4.4220220947265625e+02, 1.6840046386718750e+03,
       2.3543510437011719e+00, 9.4982635498046875e+01,
       1.4968056231737137e-02, 2884351, -1 ]
   - [ 4.4227310180664062e+02, 9.1955249023437500e+02,
       7.4777307510375977e+00, 3.2384063720703125e+01,
       1.7121298238635063e-02, 2883841, -1 ]
   - [ 4.4411578369140625e+02, 1.2288525390625000e+03,
       4.0217370986938477e+00, 3.5154769897460938e+02,
       1.6991743817925453e-02, 8192256, -1 ]
   - [ 4.4487838745117188e+02, 1.6844227294921875e+03,
       2.2090699672698975e+00, 1.1023681640625000e+02,
       1.3590532355010509e-02, 15008255, -1 ]
   - [ 4.4852865600585938e+02, 1.2463984375000000e+03,
       5.3717737197875977e+00, 3.2143426513671875e+02,
       2.0185753703117371e-02, 12386816, -1 ]
   - [ 4.4939764404296875e+02, 9.2816784667968750e+02,
       9.7417764663696289e+00, 3.0547515869140625e+01,
       4.5349504798650742e-02, 5308929, -1 ]
   - [ 4.5040664672851562e+02, 9.3598553466796875e+02,
       2.0935084819793701e+00, 1.7320779418945312e+02,
       2.1341396495699883e-02, 11076095, -1 ]
   - [ 4.5040664672851562e+02, 9.3598553466796875e+02,
       2.0935084819793701e+00, 2.5347729492187500e+02,
       2.1341396495699883e-02, 11076095, -1 ]
   - [ 4.5150247192382812e+02, 9.4083618164062500e+02,
       2.6319804191589355e+00, 2.0836213684082031e+02,
       1.6644110903143883e-02, 10945279, -1 ]
   - [ 4.5150247192382812e+02, 9.4083618164062500e+02,
       2.6319804191589355e+00, 3.2733108520507812e+02,
       1.6644110903143883e-02, 10945279, -1 ]
   - [ 4.5334884643554688e+02, 8.9554479980468750e+02,
       8.2708454132080078e+00, 3.2965057373046875e+01,
       1.7715446650981903e-02, 10223873, -1 ]
   - [ 4.5603839111328125e+02, 8.8028704833984375e+02,
       1.6853378295898438e+01, 3.8226135253906250e+01,
       1.9423341378569603e-02, 11534594, -1 ]
   - [ 4.5682205200195312e+02, 9.1074383544921875e+02,
       8.2656354904174805e+00, 3.0793304443359375e+01,
       2.5111464783549309e-02, 10158337, -1 ]
   - [ 4.5691995239257812e+02, 9.4513262939453125e+02,
       2.1307392120361328e+00, 2.9003167724609375e+02,
       1.8032396212220192e-02, 12386815, -1 ]
   - [ 4.6105108642578125e+02, 9.2779254150390625e+02,
       7.4274873733520508e+00, 1.8929559326171875e+02,
       2.2489799186587334e-02, 2425089, -1 ]
   - [ 4.6979895019531250e+02, 8.9152679443359375e+02,
       1.2115003585815430e+01, 3.5661682128906250e+01,
       2.6476250961422920e-02, 4391681, -1 ]
   - [ 4.7305175781250000e+02, 8.6370880126953125e+02,
       1.0644437789916992e+01, 3.5760559082031250e+01,
       2.1117633208632469e-02, 11731457, -1 ]
   - [ 4.7880340576171875e+02, 1.3771263427734375e+03,
       2.5474662780761719e+00, 1.0066122436523438e+02,
       3.1224850565195084e-02, 8585983, -1 ]
   - [ 4.8524279785156250e+02, 8.6638317871093750e+02,
       6.7548303604125977e+00, 3.4682983398437500e+01,
       2.9094729572534561e-02, 12256000, -1 ]
   - [ 4.8595654296875000e+02, 9.5409582519531250e+02,
       7.6667895317077637e+00, 2.7110275268554688e+02,
       1.4223469421267509e-02, 4718849, -1 ]
   - [ 4.8679345703125000e+02, 9.5237084960937500e+02,
       5.0385451316833496e+00, 2.7229473876953125e+02,
       1.4708972536027431e-02, 7799296, -1 ]
   - [ 4.9352685546875000e+02, 9.4842279052734375e+02,
       1.9469912052154541e+00, 2.7023376464843750e+02,
       1.4158435165882111e-02, 5833215, -1 ]
   - [ 5.0352160644531250e+02, 9.4863439941406250e+02,
       2.2003743648529053e+00, 2.6869149780273438e+02,
       1.4580362476408482e-02, 14680575, -1 ]
   - [ 5.0984942626953125e+02, 9.4205456542968750e+02,
       1.1828249931335449e+01, 2.6660903930664062e+02,
       1.7769899219274521e-02, 2622209, -1 ]
   - [ 5.1548333740234375e+02, 8.2840051269531250e+02,
       2.3469505310058594e+00, 6.7308380126953125e+01,
       1.6706900671124458e-02, 2622207, -1 ]
