%YAML:1.0
---
grayKeypoints:
   - [ 1.6362863540649414e+01, 1.0595000457763672e+02,
       3.3515655994415283e+00, 3.0817291259765625e+01,
       1.5144840814173222e-02, 11731967, -1 ]
   - [ 2.6619382858276367e+01, 3.2498144531250000e+02,
       1.6203668594360352e+01, 2.9372857666015625e+02,
       3.2566539943218231e-02, 8716546, -1 ]
   - [ 4.5879211425781250e+01, 3.1333535766601562e+02,
       2.7940273284912109e+00, 2.5607550048828125e+02,
       1.4991525560617447e-02, 15270655, -1 ]
   - [ 4.9217571258544922e+01, 3.1607684326171875e+02,
       2.3376984596252441e+00, 2.6176666259765625e+02,
       2.0664984360337257e-02, 2360063, -1 ]
   - [ 5.1920467376708984e+01, 3.3005545043945312e+02,
       5.6425795555114746e+00, 7.6744110107421875e+01,
       1.9268356263637543e-02, 15925760, -1 ]
   - [ 5.2351203918457031e+01, 3.3942462158203125e+02,
       4.2849669456481934e+00, 2.6288964843750000e+02,
       1.7358671873807907e-02, 12779776, -1 ]
   - [ 5.2351203918457031e+01, 3.3942462158203125e+02,
       4.2849669456481934e+00, 2.7670782470703125e+02,
       1.7358671873807907e-02, 12779776, -1 ]
   - [ 5.5492717742919922e+01, 3.1170748901367188e+02,
       2.6158897876739502e+00, 2.9051708984375000e+02,
       1.5369598753750324e-02, 10486527, -1 ]
   - [ 5.6278865814208984e+01, 3.0514657592773438e+02,
       1.1923664093017578e+01, 8.4190490722656250e+01,
       2.4021428078413010e-02, 3212033, -1 ]
   - [ 6.0394866943359375e+01, 2.9853198242187500e+02,
       2.1793107986450195e+00, 8.6061767578125000e+01,
       1.4393649995326996e-02, 14025215, -1 ]
   - [ 6.3301334381103516e+01, 2.9165472412109375e+02,
       8.4938688278198242e+00, 8.9423980712890625e+01,
       1.9467184320092201e-02, 12124417, -1 ]
   - [ 6.4876396179199219e+01, 3.4503863525390625e+02,
       2.5257692337036133e+00, 2.7948074340820312e+02,
       2.1445097401738167e-02, 7930623, -1 ]
   - [ 6.6020843505859375e+01, 2.9798931884765625e+02,
       2.5524504184722900e+00, 8.0205963134765625e+01,
       1.7163878306746483e-02, 8717055, -1 ]
   - [ 6.7870239257812500e+01, 3.3861715698242188e+02,
       2.3438599109649658e+00, 2.5827206420898438e+02,
       1.8957454711198807e-02, 2556671, -1 ]
   - [ 6.8145393371582031e+01, 3.4290298461914062e+02,
       2.1080570220947266e+00, 2.5805249023437500e+02,
       2.1664414554834366e-02, 11600383, -1 ]
   - [ 6.8414131164550781e+01, 3.4893600463867188e+02,
       2.0610208511352539e+00, 2.6971798706054688e+02,
       1.5947969630360603e-02, 9961983, -1 ]
   - [ 6.9448280334472656e+01, 3.4595318603515625e+02,
       1.8495151996612549e+00, 2.6848104858398438e+02,
       2.7623327448964119e-02, 2097663, -1 ]
   - [ 7.5728363037109375e+01, 2.8106033325195312e+02,
       5.6826119422912598e+00, 1.3707611083984375e+01,
       1.3405383564531803e-02, 16450048, -1 ]
   - [ 7.5732948303222656e+01, 2.8121597290039062e+02,
       5.7491202354431152e+00, 1.3175628662109375e+01,
       1.3395818881690502e-02, 590592, -1 ]
   - [ 7.6065368652343750e+01, 3.5781948852539062e+02,
       1.9903768539428711e+01, 2.8333532714843750e+02,
       2.4159701541066170e-02, 6881794, -1 ]
   - [ 7.6954734802246094e+01, 3.4908926391601562e+02,
       2.5464100837707520e+00, 2.8251727294921875e+02,
       1.4588572084903717e-02, 8520447, -1 ]
   - [ 7.8020019531250000e+01, 3.6850561523437500e+02,
       3.2667118072509766e+01, 2.9059625244140625e+02,
       2.4415330961346626e-02, 9306371, -1 ]
   - [ 8.2089729309082031e+01, 2.7855160522460938e+02,
       3.3433136940002441e+00, 1.8925509643554688e+02,
       1.3630089350044727e-02, 11535359, -1 ]
   - [ 8.6855789184570312e+01, 3.4017062377929688e+02,
       1.3012763023376465e+01, 2.8803247070312500e+02,
       1.4158662408590317e-02, 9569025, -1 ]
   - [ 9.1909942626953125e+01, 3.5448040771484375e+02,
       3.2650735378265381e+00, 3.1770309448242188e+02,
       1.9171120598912239e-02, 9831423, -1 ]
   - [ 9.6940338134765625e+01, 3.6047378540039062e+02,
       2.1209912300109863e+00, 3.1383255004882812e+02,
       1.5030589886009693e-02, 12059135, -1 ]
   - [ 1.0048017883300781e+02, 3.7678244018554688e+02,
       3.2279045581817627e+00, 3.2528497314453125e+02,
       1.6105353832244873e-02, 8979455, -1 ]
   - [ 1.0275092315673828e+02, 2.4905966186523438e+02,
       1.7224584579467773e+01, 8.2821502685546875e+01,
       2.0309820771217346e-02, 13107458, -1 ]
   - [ 1.0286219787597656e+02, 3.1527828979492188e+02,
       3.8055794239044189e+00, 6.1586059570312500e+01,
       2.0167954266071320e-02, 4194560, -1 ]
   - [ 1.0495005798339844e+02, 2.4874394226074219e+02,
       3.2263247966766357e+00, 9.5955261230468750e+01,
       1.4800820499658585e-02, 8979455, -1 ]
   - [ 1.0495116424560547e+02, 3.7378707885742188e+02,
       5.6505045890808105e+00, 3.2060070800781250e+02,
       2.3206949234008789e-02, 16056832, -1 ]
   - [ 1.0577110290527344e+02, 3.1942709350585938e+02,
       2.3692123889923096e+00, 5.3217285156250000e+01,
       1.7897099256515503e-02, 3343103, -1 ]
   - [ 1.1100742340087891e+02, 3.0331430053710938e+02,
       2.9439036846160889e+00, 1.3894445800781250e+02,
       1.5920491889119148e-02, 2294783, -1 ]
   - [ 1.1174937438964844e+02, 2.3967581176757812e+02,
       3.5117237567901611e+00, 8.7015258789062500e+01,
       1.3468573801219463e-02, 15074303, -1 ]
   - [ 1.1280455017089844e+02, 2.4502851867675781e+02,
       3.3806216716766357e+00, 8.9723114013671875e+01,
       1.6469677910208702e-02, 12321791, -1 ]
   - [ 1.1422232055664062e+02, 2.9962625122070312e+02,
       4.3229942321777344e+00, 1.3132270812988281e+02,
       1.7942935228347778e-02, 13369600, -1 ]
   - [ 1.1743685913085938e+02, 2.5089236450195312e+02,
       5.6521978378295898e+00, 2.6082376098632812e+02,
       2.0491240546107292e-02, 16056832, -1 ]
   - [ 1.1844205474853516e+02, 3.6183111572265625e+02,
       2.3441779613494873e+00, 2.6146438598632812e+02,
       1.7586482688784599e-02, 2556671, -1 ]
   - [ 1.1896690368652344e+02, 3.8506347656250000e+02,
       2.0005128383636475e+00, 2.7458764648437500e+02,
       2.1984269842505455e-02, 7799295, -1 ]
   - [ 1.1896855163574219e+02, 2.5882467651367188e+02,
       6.1607785224914551e+00, 2.5802752685546875e+02,
       1.4215664006769657e-02, 5571328, -1 ]
   - [ 1.1940999603271484e+02, 3.6463021850585938e+02,
       2.0387008190155029e+00, 2.6179620361328125e+02,
       2.3916784673929214e-02, 9175551, -1 ]
   - [ 1.1989659881591797e+02, 2.4854908752441406e+02,
       2.1144456863403320e+00, 9.8825775146484375e+01,
       1.4035240747034550e-02, 11796991, -1 ]
   - [ 1.2474501800537109e+02, 3.6141934204101562e+02,
       2.5403614044189453e+00, 2.6610046386718750e+02,
       1.3449683785438538e-02, 8389375, -1 ]
   - [ 1.2543760681152344e+02, 3.1169940185546875e+02,
       2.4933927059173584e+00, 9.9894165039062500e+01,
       1.4333425089716911e-02, 7013119, -1 ]
   - [ 1.2543760681152344e+02, 3.1169940185546875e+02,
       2.4933927059173584e+00, 2.2617436218261719e+02,
       1.4333425089716911e-02, 7013119, -1 ]
   - [ 1.2616090393066406e+02, 3.5615228271484375e+02,
       8.5741567611694336e+00, 2.6631109619140625e+02,
       1.4654430560767651e-02, 12779777, -1 ]
   - [ 1.2629956817626953e+02, 2.4609185791015625e+02,
       2.4029064178466797e+00, 9.8047332763671875e+01,
       2.4782970547676086e-02, 4326143, -1 ]
   - [ 1.2920964050292969e+02, 3.8138677978515625e+02,
       2.0313310623168945e+00, 2.5872991943359375e+02,
       1.3382517732679844e-02, 8913407, -1 ]
   - [ 1.3000534057617188e+02, 3.0563412475585938e+02,
       2.1691796779632568e+00, 5.9273986816406250e+00,
       1.4099990949034691e-02, 13631999, -1 ]
   - [ 1.3125961303710938e+02, 3.4658413696289062e+02,
       3.9071052551269531e+01, 2.8458175659179688e+02,
       2.8787134215235710e-02, 5505539, -1 ]
   - [ 1.3146298217773438e+02, 2.4612414550781250e+02,
       2.8372466564178467e+00, 8.9231994628906250e+01,
       2.3633906617760658e-02, 16384767, -1 ]
