%YAML:1.0
---
grayKeypoints:
   - [ 2.7623195648193359e+00, 6.1778659820556641e+01,
       2.9049024581909180e+00, 2.3689025878906250e+02,
       1.3548249378800392e-02, 1377279, -1 ]
   - [ 9.3171672821044922e+00, 9.0202398300170898e+00,
       5.9428648948669434e+00, 4.6175262451171875e+01,
       1.5244302339851856e-02, 3015424, -1 ]
   - [ 1.1254702568054199e+01, 4.8878188133239746e+00,
       3.2849922180175781e+00, 4.5083435058593750e+01,
       1.4790921472012997e-02, 10224639, -1 ]
   - [ 2.0241975784301758e+01, 4.3942859649658203e+01,
       4.0485014915466309e+00, 2.2054449462890625e+02,
       2.0211644470691681e-02, 8651008, -1 ]
   - [ 2.4813776016235352e+01, 3.9315765380859375e+01,
       4.1571130752563477e+00, 2.2531375122070312e+02,
       1.8697382882237434e-02, 10551552, -1 ]
   - [ 4.0510246276855469e+01, 1.8289178848266602e+01,
       2.1563317775726318e+00, 2.2649661254882812e+02,
       1.6869332641363144e-02, 13238783, -1 ]
   - [ 4.9453845977783203e+01, 1.3192278861999512e+01,
       2.3246879577636719e+00, 2.2750305175781250e+02,
       2.0574087277054787e-02, 1966847, -1 ]
   - [ 5.0051319122314453e+01, 1.3120470046997070e+01,
       3.1894550323486328e+00, 2.2706907653808594e+02,
       2.0723327994346619e-02, 8127487, -1 ]
   - [ 6.2439079284667969e+01, 7.7308135986328125e+02,
       2.0531761646270752e+00, 3.1897817993164062e+02,
       1.3697024434804916e-02, 9699839, -1 ]
   - [ 1.0834838867187500e+02, 4.2705633544921875e+02,
       2.6246380805969238e+00, 2.9462374877929688e+02,
       2.0493840798735619e-02, 10748671, -1 ]
   - [ 1.1003907775878906e+02, 6.6333325195312500e+02,
       3.3403851985931396e+00, 1.4485839843750000e+01,
       1.5758614987134933e-02, 11469823, -1 ]
   - [ 1.1003907775878906e+02, 6.6333325195312500e+02,
       3.3403851985931396e+00, 2.1989695739746094e+02,
       1.5758614987134933e-02, 11469823, -1 ]
   - [ 1.4519688415527344e+02, 2.4859959411621094e+02,
       2.6501462459564209e+00, 2.7212213134765625e+02,
       1.3842676766216755e-02, 11404031, -1 ]
   - [ 2.5600027465820312e+02, 3.5762551879882812e+02,
       2.8445365428924561e+00, 4.7880218505859375e+01,
       1.9831243902444839e-02, 16581375, -1 ]
   - [ 2.6096578979492188e+02, 3.6926162719726562e+02,
       6.6331787109375000e+00, 2.8204577636718750e+02,
       1.5007751062512398e-02, 10945280, -1 ]
   - [ 2.6269302368164062e+02, 3.6608230590820312e+02,
       2.7678503990173340e+00, 2.6546801757812500e+02,
       1.4454243704676628e-02, 14549759, -1 ]
   - [ 2.6295117187500000e+02, 3.5830935668945312e+02,
       9.2616872787475586e+00, 2.8840045166015625e+02,
       3.4006293863058090e-02, 1638913, -1 ]
   - [ 2.6719113159179688e+02, 3.6388504028320312e+02,
       2.0126035213470459e+00, 2.5558175659179688e+02,
       1.6825420781970024e-02, 8258047, -1 ]
   - [ 2.6958105468750000e+02, 3.7011047363281250e+02,
       6.1913566589355469e+00, 2.8669052124023438e+02,
       1.7844621092081070e-02, 5964544, -1 ]
   - [ 2.7268038940429688e+02, 3.5577233886718750e+02,
       3.0940859317779541e+00, 9.4011596679687500e+01,
       4.4782295823097229e-02, 5899263, -1 ]
   - [ 2.7283370971679688e+02, 3.5948965454101562e+02,
       2.5062012672424316e+00, 9.2888671875000000e+01,
       1.9767444580793381e-02, 7406335, -1 ]
   - [ 2.7580917358398438e+02, 3.6154830932617188e+02,
       5.5827822685241699e+00, 9.0023986816406250e+01,
       2.0378477871417999e-02, 15204864, -1 ]
   - [ 2.7580917358398438e+02, 3.6154830932617188e+02,
       5.5827822685241699e+00, 2.9059127807617188e+02,
       2.0378477871417999e-02, 15204864, -1 ]
   - [ 2.7775228881835938e+02, 4.1979037475585938e+02,
       4.3838114738464355e+00, 3.4080313110351562e+02,
       1.4876984059810638e-02, 14418176, -1 ]
   - [ 2.7967752075195312e+02, 3.5899804687500000e+02,
       2.8446438312530518e+00, 8.2437866210937500e+01,
       1.8811650574207306e-02, 16581375, -1 ]
   - [ 2.8098361206054688e+02, 4.2419351196289062e+02,
       2.3090360164642334e+00, 3.3020236206054688e+02,
       2.0906656980514526e-02, 1442559, -1 ]
   - [ 2.8137606811523438e+02, 3.9132479858398438e+02,
       4.1791853904724121e+00, 2.7511044311523438e+02,
       2.5192795321345329e-02, 10944768, -1 ]
   - [ 2.8149328613281250e+02, 4.1452059936523438e+02,
       2.3289797306060791e+00, 1.0086322021484375e+02,
       4.0812462568283081e-02, 2097919, -1 ]
   - [ 2.8313787841796875e+02, 4.2908236694335938e+02,
       3.9103043079376221e+00, 3.2740826416015625e+02,
       2.2034913301467896e-02, 6160640, -1 ]
   - [ 2.8372378540039062e+02, 4.1191632080078125e+02,
       2.0132935047149658e+00, 1.0461499023437500e+02,
       1.6068514436483383e-02, 8258047, -1 ]
   - [ 2.8381982421875000e+02, 3.4949786376953125e+02,
       3.1112608909606934e+00, 8.0150512695312500e+01,
       2.6954840868711472e-02, 6292479, -1 ]
   - [ 2.8507162475585938e+02, 3.4213787841796875e+02,
       6.6343126296997070e+00, 6.0153869628906250e+01,
       1.4872797764837742e-02, 10945280, -1 ]
   - [ 2.8627368164062500e+02, 3.4504666137695312e+02,
       2.9057528972625732e+00, 7.6905273437500000e+01,
       1.6685489565134048e-02, 1377279, -1 ]
   - [ 2.8812310791015625e+02, 3.9840203857421875e+02,
       4.2239050865173340e+00, 2.7399240112304688e+02,
       1.3794220983982086e-02, 11731200, -1 ]
   - [ 2.8948999023437500e+02, 4.3655325317382812e+02,
       3.8010234832763672e+00, 3.1929553222656250e+02,
       2.1563488990068436e-02, 4063488, -1 ]
   - [ 2.8991076660156250e+02, 3.9379953002929688e+02,
       2.2245762348175049e+00, 2.7376654052734375e+02,
       3.1779933720827103e-02, 15467007, -1 ]
   - [ 2.9091867065429688e+02, 3.9670510864257812e+02,
       2.1486146450042725e+00, 2.7513088989257812e+02,
       1.8089715391397476e-02, 12976639, -1 ]
   - [ 2.9248440551757812e+02, 3.4404495239257812e+02,
       4.0404314994812012e+00, 4.3731018066406250e+01,
       1.5906881541013718e-02, 8519936, -1 ]
   - [ 2.9333377075195312e+02, 3.8277413940429688e+02,
       3.4633221626281738e+00, 9.4756439208984375e+01,
       2.2523274645209312e-02, 14091263, -1 ]
   - [ 2.9405746459960938e+02, 4.3500402832031250e+02,
       3.6983125209808350e+00, 3.1991824340820312e+02,
       2.4713436141610146e-02, 2097408, -1 ]
   - [ 2.9765792846679688e+02, 4.0781402587890625e+02,
       1.2374441146850586e+01, 1.0758288574218750e+02,
       2.0849317312240601e-02, 5899009, -1 ]
   - [ 3.0167465209960938e+02, 4.4958703613281250e+02,
       4.1285586357116699e+00, 3.1103491210937500e+02,
       2.4036340415477753e-02, 10092800, -1 ]
   - [ 3.0259240722656250e+02, 4.4440658569335938e+02,
       3.5183885097503662e+00, 3.1065307617187500e+02,
       2.3000042885541916e-02, 15205375, -1 ]
   - [ 3.0293383789062500e+02, 3.5932476806640625e+02,
       2.4455909729003906e+01, 2.6956930541992188e+02,
       3.3397238701581955e-02, 5047042, -1 ]
   - [ 3.0393075561523438e+02, 4.3387005615234375e+02,
       2.0140225887298584e+00, 3.5888333129882812e+02,
       1.9657960161566734e-02, 8258047, -1 ]
   - [ 3.0706622314453125e+02, 4.4817709350585938e+02,
       3.7185077667236328e+00, 3.1020355224609375e+02,
       2.4131903424859047e-02, 2490624, -1 ]
   - [ 3.0707196044921875e+02, 4.4833700561523438e+02,
       3.5687320232391357e+00, 3.1139279174804688e+02,
       2.4332623928785324e-02, 16253951, -1 ]
   - [ 3.0864791870117188e+02, 3.3183743286132812e+02,
       1.1089169502258301e+01, 1.1707812500000000e+02,
       1.7117476090788841e-02, 14680577, -1 ]
   - [ 3.1334280395507812e+02, 4.5430441284179688e+02,
       3.0911407470703125e+00, 3.1004159545898438e+02,
       2.2689519450068474e-02, 5833727, -1 ]
   - [ 3.1477404785156250e+02, 3.3231845092773438e+02,
       2.8787477016448975e+00, 2.8895184326171875e+02,
       1.5486666932702065e-02, 721919, -1 ]
   - [ 3.1530105590820312e+02, 3.4498526000976562e+02,
       5.9745898246765137e+00, 1.2207426452636719e+02,
       1.8335035070776939e-02, 3408640, -1 ]
