%YAML:1.0
---
grayKeypoints:
   - [ 1.7644918823242188e+02, 6.5335144042968750e+02,
       2.0080363750457764e+00, 2.6088970947265625e+02,
       2.3204255849123001e-02, 8061439, -1 ]
   - [ 2.5132656860351562e+02, 2.1493167114257812e+02,
       1.8830629587173462e+00, 2.8375778198242188e+02,
       1.3421253301203251e-02, 3408383, -1 ]
   - [ 2.5132656860351562e+02, 2.1493167114257812e+02,
       1.8830629587173462e+00, 3.5277142333984375e+02,
       1.3421253301203251e-02, 3408383, -1 ]
   - [ 3.0610260009765625e+02, 3.8730822753906250e+02,
       3.9802482128143311e+00, 3.5564074707031250e+02,
       1.3750761747360229e-02, 7405824, -1 ]
   - [ 3.0934451293945312e+02, 3.9940704345703125e+02,
       8.7615909576416016e+00, 3.0915460205078125e+02,
       1.4715479686856270e-02, 14352641, -1 ]
   - [ 3.1643908691406250e+02, 3.7255853271484375e+02,
       2.1522481441497803e+00, 5.6288024902343750e+01,
       1.4479561708867550e-02, 13107711, -1 ]
   - [ 3.1717929077148438e+02, 3.8697778320312500e+02,
       1.2467391014099121e+01, 3.0704351806640625e+02,
       3.2978158444166183e-02, 6423297, -1 ]
   - [ 3.1880279541015625e+02, 3.7431536865234375e+02,
       2.2058303356170654e+00, 5.8174224853515625e+01,
       1.7652697861194611e-02, 14877183, -1 ]
   - [ 3.2721319580078125e+02, 3.8192462158203125e+02,
       2.0501265525817871e+00, 2.3208413696289062e+02,
       2.0276963710784912e-02, 9568767, -1 ]
   - [ 3.2722186279296875e+02, 3.8725857543945312e+02,
       2.1769132614135742e+00, 1.2057788085937500e+02,
       2.1088864654302597e-02, 13894143, -1 ]
   - [ 3.3189590454101562e+02, 4.0020892333984375e+02,
       3.1584365367889404e+00, 2.7078454589843750e+02,
       1.6989916563034058e-02, 7406591, -1 ]
   - [ 3.3386499023437500e+02, 3.9308325195312500e+02,
       4.2158346176147461e+00, 8.8639648437500000e+01,
       1.9975693896412849e-02, 11600128, -1 ]
   - [ 3.3683557128906250e+02, 3.6713952636718750e+02,
       3.6061584949493408e+00, 8.8868957519531250e+01,
       1.4214242808520794e-02, 262400, -1 ]
   - [ 3.3844125366210938e+02, 3.7109509277343750e+02,
       2.9887807369232178e+00, 8.8839172363281250e+01,
       2.0142931491136551e-02, 3408895, -1 ]
   - [ 3.3973336791992188e+02, 4.0689138793945312e+02,
       2.0075926780700684e+00, 2.9242300415039062e+02,
       2.4236023426055908e-02, 8061439, -1 ]
   - [ 3.4076849365234375e+02, 3.7968399047851562e+02,
       2.1000988483428955e+00, 2.9905752563476562e+02,
       1.6845611855387688e-02, 11338239, -1 ]
   - [ 3.4326339721679688e+02, 3.6741073608398438e+02,
       3.4355568885803223e+00, 9.6949523925781250e+01,
       1.4603144489228725e-02, 13501439, -1 ]
   - [ 3.4356814575195312e+02, 3.8611569213867188e+02,
       1.9122842550277710e+00, 1.5065155029296875e+01,
       1.4942697249352932e-02, 4522495, -1 ]
   - [ 3.4543234252929688e+02, 4.2253530883789062e+02,
       2.0632949829101562e+01, 3.0135317993164062e+02,
       2.6741834357380867e-02, 9437698, -1 ]
   - [ 3.5234539794921875e+02, 3.6838217163085938e+02,
       2.0074114799499512e+00, 8.8240081787109375e+01,
       2.1482614800333977e-02, 8061439, -1 ]
   - [ 3.5482705688476562e+02, 4.2001748657226562e+02,
       2.1143710613250732e+00, 3.3015686035156250e+02,
       1.4033465646207333e-02, 11796991, -1 ]
   - [ 3.5714627075195312e+02, 4.1819818115234375e+02,
       2.4358127117156982e+00, 3.3357907104492188e+02,
       2.2860398516058922e-02, 5309183, -1 ]
   - [ 3.5883215332031250e+02, 3.9399664306640625e+02,
       3.2489334106445312e+01, 3.0000418090820312e+02,
       3.0675636604428291e-02, 8913155, -1 ]
   - [ 3.5930889892578125e+02, 4.4131155395507812e+02,
       3.9074275493621826e+00, 3.3015759277343750e+02,
       1.5610906295478344e-02, 6095104, -1 ]
   - [ 3.5933367919921875e+02, 4.2938650512695312e+02,
       2.6820366382598877e+00, 1.5606140136718750e+01,
       1.6600960865616798e-02, 12321535, -1 ]
   - [ 3.5933367919921875e+02, 4.2938650512695312e+02,
       2.6820366382598877e+00, 3.3448162841796875e+02,
       1.6600960865616798e-02, 12321535, -1 ]
   - [ 3.5950656127929688e+02, 4.2362789916992188e+02,
       2.0194289684295654e+00, 3.3161965942382812e+02,
       1.6181435436010361e-02, 8454655, -1 ]
   - [ 3.6086819458007812e+02, 4.1712478637695312e+02,
       1.9076597690582275e+00, 3.3685366821289062e+02,
       1.6362890601158142e-02, 4391423, -1 ]
   - [ 3.6187710571289062e+02, 4.2756051635742188e+02,
       1.9316158294677734e+00, 3.3122784423828125e+02,
       1.4660458080470562e-02, 5243391, -1 ]
   - [ 3.7130526733398438e+02, 3.6974594116210938e+02,
       1.0378684043884277e+01, 1.1141253662109375e+02,
       1.5158573165535927e-02, 9896449, -1 ]
   - [ 3.7189706420898438e+02, 4.4193759155273438e+02,
       2.4338529109954834e+00, 2.7982464599609375e+02,
       1.4417836442589760e-02, 5243647, -1 ]
   - [ 3.7426577758789062e+02, 3.8890390014648438e+02,
       2.9199199676513672e+00, 7.3360687255859375e+01,
       2.2356964647769928e-02, 1704959, -1 ]
   - [ 3.7502127075195312e+02, 4.2689898681640625e+02,
       2.4046885967254639e+00, 2.7482940673828125e+02,
       1.5886768698692322e-02, 4391679, -1 ]
   - [ 3.7635787963867188e+02, 3.3391223144531250e+02,
       2.9685924053192139e+00, 3.2144104003906250e+01,
       1.5996767207980156e-02, 2950143, -1 ]
   - [ 3.8007818603515625e+02, 3.7244921875000000e+02,
       2.7973592281341553e+00, 2.8827496337890625e+02,
       1.3989310711622238e-02, 15336191, -1 ]
   - [ 3.8278710937500000e+02, 4.2431390380859375e+02,
       6.6788377761840820e+00, 2.7786904907226562e+02,
       1.5834270045161247e-02, 11469568, -1 ]
   - [ 3.8330334472656250e+02, 3.8077270507812500e+02,
       2.4709625244140625e+00, 1.4509631347656250e+02,
       1.6102951020002365e-02, 6357759, -1 ]
   - [ 3.8372280883789062e+02, 4.4413113403320312e+02,
       3.5260300636291504e+00, 2.7309558105468750e+02,
       1.7139837145805359e-02, 15401983, -1 ]
   - [ 3.8467324829101562e+02, 3.3492559814453125e+02,
       3.0913510322570801e+00, 2.8781280517578125e+02,
       1.9492829218506813e-02, 5833727, -1 ]
   - [ 3.8571319580078125e+02, 3.2789495849609375e+02,
       3.2153542041778564e+00, 8.8332031250000000e+01,
       1.3971463777124882e-02, 8717311, -1 ]
   - [ 3.8738510131835938e+02, 3.7753195190429688e+02,
       4.7312459945678711e+00, 1.3200149536132812e+02,
       2.1241441369056702e-02, 3211776, -1 ]
   - [ 3.8812109375000000e+02, 4.4429983520507812e+02,
       2.7083356380462646e+00, 2.6922085571289062e+02,
       1.5984084457159042e-02, 12976895, -1 ]
   - [ 3.8861233520507812e+02, 4.4117749023437500e+02,
       1.9530210494995117e+00, 9.9143310546875000e+01,
       1.9280364736914635e-02, 6095359, -1 ]
   - [ 3.8900561523437500e+02, 3.3486587524414062e+02,
       1.3074333190917969e+01, 9.5718444824218750e+01,
       2.0739058032631874e-02, 9896705, -1 ]
   - [ 3.9004846191406250e+02, 4.3234362792968750e+02,
       4.6011061668395996e+00, 2.7555636596679688e+02,
       2.1583506837487221e-02, 1180160, -1 ]
   - [ 3.9147851562500000e+02, 3.2788992309570312e+02,
       1.9486650228500366e+00, 9.5214569091796875e+01,
       1.4094740152359009e-02, 5898751, -1 ]
   - [ 3.9212567138671875e+02, 4.3792868041992188e+02,
       3.2121677398681641e+00, 8.8564056396484375e+01,
       1.4685628935694695e-02, 8651775, -1 ]
   - [ 3.9300241088867188e+02, 3.8902014160156250e+02,
       2.5303208827972412e+00, 1.1262927246093750e+02,
       1.6578014940023422e-02, 8061695, -1 ]
   - [ 3.9300241088867188e+02, 3.8902014160156250e+02,
       2.5303208827972412e+00, 2.3579946899414062e+02,
       1.6578014940023422e-02, 8061695, -1 ]
   - [ 3.9420855712890625e+02, 4.9313449096679688e+02,
       2.8438274860382080e+00, 3.3923171997070312e+02,
       4.3029714375734329e-02, 16515839, -1 ]
   - [ 3.9509881591796875e+02, 4.8883892822265625e+02,
       2.7339942455291748e+00, 7.1940521240234375e+01,
       1.8542859703302383e-02, 13697791, -1 ]
