%YAML:1.0
---
grayKeypoints:
   - [ 2.9763875961303711e+01, 4.0139736938476562e+02,
       2.1004726886749268e+00, 1.6657037353515625e+02,
       2.1286202594637871e-02, 11338239, -1 ]
   - [ 2.9763875961303711e+01, 4.0139736938476562e+02,
       2.1004726886749268e+00, 3.1677407836914062e+02,
       2.1286202594637871e-02, 11338239, -1 ]
   - [ 3.3553569793701172e+01, 4.1941082763671875e+02,
       3.2276065349578857e+00, 1.4512330627441406e+02,
       1.3795142062008381e-02, 8979455, -1 ]
   - [ 3.4500308990478516e+01, 4.2002551269531250e+02,
       1.8944143056869507e+00, 1.5133929443359375e+02,
       1.3942072167992592e-02, 3867135, -1 ]
   - [ 3.6362190246582031e+01, 7.6827740478515625e+02,
       1.9636281728744507e+00, 1.2002714538574219e+02,
       1.5202999114990234e-02, 6488575, -1 ]
   - [ 4.7644596099853516e+01, 4.2964459228515625e+02,
       5.2554907798767090e+00, 1.3460755920410156e+02,
       2.6363801211118698e-02, 10813952, -1 ]
   - [ 4.7644596099853516e+01, 4.2964459228515625e+02,
       5.2554907798767090e+00, 3.3177294921875000e+02,
       2.6363801211118698e-02, 10813952, -1 ]
   - [ 5.0788269042968750e+01, 4.1636236572265625e+02,
       7.2984213829040527e+00, 3.3038766479492188e+02,
       1.8236408010125160e-02, 1114369, -1 ]
   - [ 5.0978351593017578e+01, 4.1708795166015625e+02,
       6.9924006462097168e+00, 3.2975085449218750e+02,
       1.8133221194148064e-02, 14746368, -1 ]
   - [ 1.2859123229980469e+02, 8.3083715820312500e+02,
       2.5133304595947266e+00, 9.1565368652343750e+01,
       4.6240918338298798e-02, 7602943, -1 ]
   - [ 1.2859123229980469e+02, 8.3083715820312500e+02,
       2.5133304595947266e+00, 2.9125759887695312e+02,
       4.6240918338298798e-02, 7602943, -1 ]
   - [ 2.5100666809082031e+02, 8.2446154785156250e+02,
       1.9277075529098511e+00, 1.4354216003417969e+02,
       3.6607235670089722e-02, 5112319, -1 ]
   - [ 2.5178089904785156e+02, 3.0800488281250000e+02,
       2.4299104213714600e+00, 3.5205911254882812e+02,
       1.3616806827485561e-02, 5178111, -1 ]
   - [ 2.5517192077636719e+02, 3.0177432250976562e+02,
       2.9585552215576172e+00, 4.0898681640625000e+01,
       1.3764627277851105e-02, 2687999, -1 ]
   - [ 2.5585560607910156e+02, 3.0693026733398438e+02,
       3.7881572246551514e+00, 3.7090423583984375e+01,
       3.4039590507745743e-02, 3866880, -1 ]
   - [ 2.6128259277343750e+02, 3.0627957153320312e+02,
       3.2375447750091553e+00, 2.0517820739746094e+02,
       2.0767411217093468e-02, 9176063, -1 ]
   - [ 2.6406436157226562e+02, 3.0479257202148438e+02,
       1.5818613052368164e+01, 3.4010894775390625e+01,
       1.4243523590266705e-02, 6947074, -1 ]
   - [ 2.6406436157226562e+02, 3.0479257202148438e+02,
       1.5818613052368164e+01, 2.9358276367187500e+02,
       1.4243523590266705e-02, 6947074, -1 ]
   - [ 2.6631954956054688e+02, 2.9520037841796875e+02,
       3.7349240779876709e+00, 4.8840393066406250e+01,
       2.0102715119719505e-02, 2818304, -1 ]
   - [ 2.7255114746093750e+02, 3.1175772094726562e+02,
       7.5579466819763184e+00, 2.8643072509765625e+02,
       1.4603113755583763e-02, 3670273, -1 ]
   - [ 2.7285736083984375e+02, 2.8856207275390625e+02,
       2.4298655986785889e+00, 4.8878082275390625e+01,
       2.9192261397838593e-02, 5178111, -1 ]
   - [ 2.7800177001953125e+02, 3.1894317626953125e+02,
       2.2425186634063721e+00, 2.8179016113281250e+02,
       1.4387407340109348e-02, 16056831, -1 ]
   - [ 2.7864224243164062e+02, 2.8436001586914062e+02,
       3.3476624488830566e+00, 5.3724945068359375e+01,
       2.0528193563222885e-02, 11600895, -1 ]
   - [ 2.8438583374023438e+02, 3.1526657104492188e+02,
       4.8817839622497559e+00, 2.8011056518554688e+02,
       1.5520895831286907e-02, 5505536, -1 ]
   - [ 2.8488534545898438e+02, 2.7455215454101562e+02,
       4.5358047485351562e+00, 5.8599975585937500e+01,
       1.4888114295899868e-02, 197120, -1 ]
   - [ 2.9874682617187500e+02, 2.6692517089843750e+02,
       4.4667830467224121e+00, 6.7955902099609375e+01,
       1.4207947999238968e-02, 15794432, -1 ]
   - [ 2.9987271118164062e+02, 2.7203546142578125e+02,
       2.7279839515686035e+00, 6.5293945312500000e+01,
       2.9975200071930885e-02, 13501183, -1 ]
   - [ 2.9988613891601562e+02, 1.8052574157714844e+02,
       1.8043326139450073e+00, 1.0959709167480469e+02,
       1.4896502718329430e-02, 328191, -1 ]
   - [ 3.0063717651367188e+02, 4.2280990600585938e+02,
       8.1064558029174805e+00, 8.0094390869140625e+01,
       1.5158812515437603e-02, 8716545, -1 ]
   - [ 3.0063717651367188e+02, 4.2280990600585938e+02,
       8.1064558029174805e+00, 3.3737588500976562e+02,
       1.5158812515437603e-02, 8716545, -1 ]
   - [ 3.0161181640625000e+02, 2.6790850830078125e+02,
       2.1272463798522949e+00, 6.9216278076171875e+01,
       1.3447192497551441e-02, 12255743, -1 ]
   - [ 3.0226959228515625e+02, 4.2955749511718750e+02,
       1.9192498922348022e+00, 2.7291564941406250e+02,
       1.6518611460924149e-02, 4784639, -1 ]
   - [ 3.0594387817382812e+02, 2.6952825927734375e+02,
       3.2162563800811768e+00, 7.0040832519531250e+01,
       2.7690397575497627e-02, 8717311, -1 ]
   - [ 3.1662268066406250e+02, 4.2908200073242188e+02,
       6.0957489013671875e+00, 2.9938140869140625e+02,
       1.6146482899785042e-02, 4850432, -1 ]
   - [ 3.1795367431640625e+02, 2.6241281127929688e+02,
       2.9187271595001221e+00, 8.0038757324218750e+01,
       1.5072789043188095e-02, 1704959, -1 ]
   - [ 3.2340991210937500e+02, 2.6145690917968750e+02,
       2.6025815010070801e+00, 8.0280883789062500e+01,
       1.8527239561080933e-02, 10093311, -1 ]
   - [ 3.2590518188476562e+02, 2.6419427490234375e+02,
       2.2552826404571533e+00, 7.9716979980468750e+01,
       2.3032065480947495e-02, 16450047, -1 ]
   - [ 3.3204016113281250e+02, 4.1535357666015625e+02,
       2.2142424583435059e+00, 7.9651245117187500e+01,
       1.4680561609566212e-02, 15139327, -1 ]
   - [ 3.3416317749023438e+02, 4.1770114135742188e+02,
       2.0178101062774658e+00, 8.1692749023437500e+01,
       1.8337812274694443e-02, 8454655, -1 ]
   - [ 3.3538186645507812e+02, 2.5968121337890625e+02,
       2.5403454303741455e+00, 8.1228271484375000e+01,
       1.5436333604156971e-02, 8389375, -1 ]
   - [ 3.4216778564453125e+02, 4.0543960571289062e+02,
       3.4876301288604736e+00, 8.1725280761718750e+01,
       1.7086353152990341e-02, 14550015, -1 ]
   - [ 3.5044189453125000e+02, 2.5714425659179688e+02,
       4.0824294090270996e+00, 8.9617950439453125e+01,
       1.8266236409544945e-02, 9240832, -1 ]
   - [ 3.5701641845703125e+02, 4.1951794433593750e+02,
       3.0700986385345459e+00, 9.0278839111328125e+01,
       1.4097861945629120e-02, 5374975, -1 ]
   - [ 3.5832586669921875e+02, 2.9085800170898438e+02,
       4.8632591247558594e+01, 1.0267666625976562e+02,
       5.6234888732433319e-02, 4653827, -1 ]
   - [ 3.5832586669921875e+02, 2.9085800170898438e+02,
       4.8632591247558594e+01, 2.5997708129882812e+02,
       5.6234888732433319e-02, 4653827, -1 ]
   - [ 3.6917575073242188e+02, 8.5971850585937500e+02,
       2.5449731349945068e+00, 3.6981475830078125e+01,
       1.4693959616124630e-02, 8520447, -1 ]
   - [ 3.7068896484375000e+02, 2.5855300903320312e+02,
       1.8091096878051758e+00, 9.6010803222656250e+01,
       2.0347025245428085e-02, 524799, -1 ]
   - [ 3.7121054077148438e+02, 8.4600085449218750e+02,
       1.2939810752868652e+01, 2.9434844970703125e+01,
       1.6369631513953209e-02, 9110273, -1 ]
   - [ 3.7629602050781250e+02, 8.3321301269531250e+02,
       1.6952663421630859e+01, 2.9599884033203125e+01,
       1.6567014157772064e-02, 11993346, -1 ]
   - [ 3.7716345214843750e+02, 3.1017193603515625e+02,
       4.3890566825866699e+00, 2.5972009277343750e+02,
       2.5817453861236572e-02, 14483712, -1 ]
   - [ 3.8341918945312500e+02, 8.4595330810546875e+02,
       5.0410180091857910e+00, 3.3426177978515625e+01,
       2.4903763085603714e-02, 7799296, -1 ]
