%YAML:1.0
---
grayKeypoints:
   - [ 1.2184609985351562e+02, 5.3146678924560547e+01,
       2.2248287200927734e+00, 7.8847320556640625e+01,
       1.4725963585078716e-02, 15467007, -1 ]
   - [ 1.2184609985351562e+02, 5.3146678924560547e+01,
       2.2248287200927734e+00, 3.1852362060546875e+02,
       1.4725963585078716e-02, 15467007, -1 ]
   - [ 1.3648846435546875e+02, 6.0574359130859375e+02,
       1.9283115863800049e+00, 1.0769346618652344e+02,
       1.9752832129597664e-02, 5112319, -1 ]
   - [ 1.3981021118164062e+02, 6.0744219970703125e+02,
       1.9771877527236938e+00, 1.1877752685546875e+02,
       2.8612256050109863e-02, 6947327, -1 ]
   - [ 1.3981021118164062e+02, 6.0744219970703125e+02,
       1.9771877527236938e+00, 3.0676547241210938e+02,
       2.8612256050109863e-02, 6947327, -1 ]
   - [ 1.8141130065917969e+02, 3.3834292602539062e+02,
       1.9519318342208862e+00, 1.2339430236816406e+02,
       1.4735541306436062e-02, 6029823, -1 ]
   - [ 1.8141130065917969e+02, 3.3834292602539062e+02,
       1.9519318342208862e+00, 3.2478802490234375e+02,
       1.4735541306436062e-02, 6029823, -1 ]
   - [ 1.9388912963867188e+02, 1.1580356445312500e+03,
       2.6869618892669678e+00, 2.7472766113281250e+02,
       1.5621881932020187e-02, 12452607, -1 ]
   - [ 1.9511346435546875e+02, 1.1536876220703125e+03,
       4.2908978462219238e+00, 2.6962814331054688e+02,
       2.9465254396200180e-02, 12845312, -1 ]
   - [ 3.1316119384765625e+02, 4.7830151367187500e+02,
       2.1568162441253662e+00, 3.1003045654296875e+02,
       1.7127269878983498e-02, 13238783, -1 ]
   - [ 3.2946533203125000e+02, 8.8870043945312500e+02,
       3.4076325893402100e+00, 1.3752076721191406e+02,
       1.8983263522386551e-02, 12911615, -1 ]
   - [ 3.2946533203125000e+02, 8.8870043945312500e+02,
       3.4076325893402100e+00, 3.1014813232421875e+02,
       1.8983263522386551e-02, 12911615, -1 ]
   - [ 4.2930236816406250e+02, 7.7228637695312500e+02,
       6.1883168220520020e+00, 3.0799584960937500e+02,
       1.4133697375655174e-02, 5899008, -1 ]
   - [ 4.3152600097656250e+02, 7.5274768066406250e+02,
       2.6343748092651367e+01, 2.9565551757812500e+02,
       2.9322644695639610e-02, 10420994, -1 ]
   - [ 4.4667599487304688e+02, 7.7269860839843750e+02,
       6.7141633033752441e+00, 2.8805249023437500e+02,
       1.4497186057269573e-02, 11797248, -1 ]
   - [ 4.4847055053710938e+02, 7.2397717285156250e+02,
       1.3422609329223633e+01, 6.1650573730468750e+01,
       2.1810458973050117e-02, 11797249, -1 ]
   - [ 4.5776126098632812e+02, 7.5651177978515625e+02,
       1.0180734634399414e+01, 8.6317565917968750e+01,
       1.5292753465473652e-02, 8520193, -1 ]
   - [ 4.5979385375976562e+02, 7.3945001220703125e+02,
       1.5534586906433105e+01, 7.5040130615234375e+01,
       3.6584693938493729e-02, 5636354, -1 ]
   - [ 4.6043417358398438e+02, 7.3219116210937500e+02,
       5.3354988098144531e+00, 2.4258483886718750e+02,
       1.5307665802538395e-02, 11928064, -1 ]
   - [ 4.6066448974609375e+02, 7.9691119384765625e+02,
       2.0001316070556641e+01, 2.8980438232421875e+02,
       1.9400004297494888e-02, 7209474, -1 ]
   - [ 4.6622229003906250e+02, 7.8583367919921875e+02,
       4.2050461769104004e+00, 2.9227166748046875e+02,
       1.4872209168970585e-02, 11403520, -1 ]
   - [ 4.6795468139648438e+02, 7.7415203857421875e+02,
       5.0956764221191406e+00, 2.6796102905273438e+02,
       1.3988902792334557e-02, 8585728, -1 ]
   - [ 4.7518811035156250e+02, 7.2535113525390625e+02,
       5.8627796173095703e+00, 2.8115966796875000e+02,
       1.3357520103454590e-02, 2032384, -1 ]
   - [ 4.7811047363281250e+02, 7.2518261718750000e+02,
       3.9120585918426514e+00, 2.9415148925781250e+02,
       1.4532503671944141e-02, 6160640, -1 ]
   - [ 4.9819866943359375e+02, 8.3509008789062500e+02,
       1.1020203590393066e+01, 2.7223492431640625e+02,
       1.9005011767148972e-02, 14221825, -1 ]
   - [ 5.0128723144531250e+02, 7.5930529785156250e+02,
       7.9299903869628906e+01, 3.1879568481445312e+02,
       2.4034243077039719e-02, 6554116, -1 ]
   - [ 5.0748123168945312e+02, 8.0595074462890625e+02,
       3.2157314300537109e+01, 3.2058587646484375e+02,
       1.5949508175253868e-02, 8126723, -1 ]
   - [ 5.1383111572265625e+02, 8.6065063476562500e+02,
       6.7638077735900879e+00, 2.7818539428710938e+02,
       1.9316302612423897e-02, 12387072, -1 ]
   - [ 5.2231896972656250e+02, 6.0883551025390625e+02,
       2.4990583419799805e+01, 8.4063385009765625e+01,
       2.2073620930314064e-02, 6619906, -1 ]
   - [ 5.3075506591796875e+02, 7.3678332519531250e+02,
       6.7342271804809570e+00, 1.9205183410644531e+02,
       1.3703769072890282e-02, 12059392, -1 ]
   - [ 5.3115148925781250e+02, 6.2833459472656250e+02,
       1.2299133300781250e+01, 2.6431301879882812e+02,
       1.4184269122779369e-02, 5440257, -1 ]
   - [ 5.3253479003906250e+02, 8.7709106445312500e+02,
       2.0107548236846924e+00, 3.3373071289062500e+02,
       1.3506511226296425e-02, 8192511, -1 ]
   - [ 5.3333520507812500e+02, 8.5546423339843750e+02,
       3.5481171607971191e+00, 9.9056732177734375e+01,
       1.6653893515467644e-02, 15795199, -1 ]
   - [ 5.3624261474609375e+02, 8.3192626953125000e+02,
       3.7418715953826904e+00, 2.7785430908203125e+02,
       1.3528795912861824e-02, 2949376, -1 ]
   - [ 5.3971838378906250e+02, 8.2302459716796875e+02,
       1.0469360351562500e+01, 2.6678161621093750e+02,
       1.3558896258473396e-02, 10551809, -1 ]
   - [ 5.4858551025390625e+02, 6.0413690185546875e+02,
       4.8060851097106934e+00, 9.8692138671875000e+01,
       1.3622033409774303e-02, 4325888, -1 ]
   - [ 5.5088897705078125e+02, 6.3296575927734375e+02,
       1.7966489791870117e+01, 2.6196447753906250e+02,
       1.3734961859881878e-02, 16187650, -1 ]
   - [ 5.5971484375000000e+02, 8.3926239013671875e+02,
       3.8082458972930908e+00, 9.9011322021484375e+01,
       1.3354794122278690e-02, 4260096, -1 ]
   - [ 5.5993591308593750e+02, 8.3467364501953125e+02,
       1.9896780252456665e+00, 2.9695349121093750e+02,
       1.5074375085532665e-02, 7406079, -1 ]
   - [ 5.6048767089843750e+02, 7.1389086914062500e+02,
       1.3692817687988281e+01, 8.0449432373046875e+01,
       1.8338264897465706e-02, 13239041, -1 ]
   - [ 5.6048767089843750e+02, 7.1389086914062500e+02,
       1.3692817687988281e+01, 1.3833529663085938e+02,
       1.8338264897465706e-02, 13239041, -1 ]
   - [ 5.6269116210937500e+02, 3.3210604858398438e+02,
       4.1349730491638184e+00, 3.2091207885742188e+02,
       2.7140030637383461e-02, 10158336, -1 ]
   - [ 5.6563824462890625e+02, 6.1374737548828125e+02,
       6.5558600425720215e+00, 1.0803439331054688e+02,
       1.8274888396263123e-02, 10093312, -1 ]
   - [ 5.6563824462890625e+02, 6.1374737548828125e+02,
       6.5558600425720215e+00, 2.6700253295898438e+02,
       1.8274888396263123e-02, 10093312, -1 ]
   - [ 5.6898931884765625e+02, 8.5127874755859375e+02,
       3.7125637531280518e+00, 9.8914215087890625e+01,
       2.2799976170063019e-02, 2359552, -1 ]
   - [ 5.6904846191406250e+02, 9.6113677978515625e+02,
       4.7342857360839844e+01, 3.0987683105468750e+02,
       2.2334069013595581e-02, 2687747, -1 ]
   - [ 5.6911230468750000e+02, 6.0695043945312500e+02,
       5.1887116432189941e+00, 1.0226977539062500e+02,
       1.9480910152196884e-02, 9896448, -1 ]
   - [ 5.7198437500000000e+02, 7.0457617187500000e+02,
       6.1907687187194824e+00, 2.5764318847656250e+02,
       1.3667060062289238e-02, 5964544, -1 ]
   - [ 5.7540777587890625e+02, 7.5439526367187500e+02,
       4.7466773986816406e+00, 1.0857846069335938e+02,
       1.5114350244402885e-02, 3473920, -1 ]
   - [ 5.7605065917968750e+02, 8.4062182617187500e+02,
       2.7092344760894775e+00, 3.0694775390625000e+02,
       2.3966711014509201e-02, 13042431, -1 ]
   - [ 5.7779168701171875e+02, 8.4704785156250000e+02,
       9.6816940307617188e+00, 9.2239837646484375e+01,
       3.4876469522714615e-02, 4850177, -1 ]
