%YAML:1.0
---
grayKeypoints:
   - [ 6.2985431671142578e+01, 8.2520013427734375e+02,
       3.8537449836730957e+00, 9.5854736328125000e+01,
       2.3937324061989784e-02, 5112064, -1 ]
   - [ 7.0320640563964844e+01, 6.4909690856933594e+01,
       2.4858558177947998e+00, 1.0958065795898438e+02,
       2.8560936450958252e-02, 6816511, -1 ]
   - [ 7.0320640563964844e+01, 6.4909690856933594e+01,
       2.4858558177947998e+00, 2.8265109252929688e+02,
       2.8560936450958252e-02, 6816511, -1 ]
   - [ 7.0320640563964844e+01, 6.4909690856933594e+01,
       2.4858558177947998e+00, 3.0731286621093750e+02,
       2.8560936450958252e-02, 6816511, -1 ]
   - [ 1.4291900634765625e+02, 4.1501284790039062e+02,
       3.1581113338470459e+00, 4.8853118896484375e+01,
       1.8480304628610611e-02, 7406591, -1 ]
   - [ 1.4291900634765625e+02, 4.1501284790039062e+02,
       3.1581113338470459e+00, 2.1265142822265625e+02,
       1.8480304628610611e-02, 7406591, -1 ]
   - [ 1.4740695190429688e+02, 1.0507184600830078e+02,
       2.9508440494537354e+00, 2.6974731445312500e+01,
       1.4543192461133003e-02, 2491391, -1 ]
   - [ 1.4740695190429688e+02, 1.0507184600830078e+02,
       2.9508440494537354e+00, 3.2806396484375000e+02,
       1.4543192461133003e-02, 2491391, -1 ]
   - [ 1.5034123229980469e+02, 8.0731567382812500e+02,
       4.1980843544006348e+00, 1.4236305236816406e+02,
       1.6398895531892776e-02, 11272448, -1 ]
   - [ 1.5034123229980469e+02, 8.0731567382812500e+02,
       4.1980843544006348e+00, 3.2492465209960938e+02,
       1.6398895531892776e-02, 11272448, -1 ]
   - [ 1.5122534179687500e+02, 1.1124456024169922e+02,
       4.5199470520019531e+00, 3.4674096679687500e+02,
       2.4687474593520164e-02, 16646400, -1 ]
   - [ 1.5270307922363281e+02, 9.8843902587890625e+01,
       5.1555304527282715e+00, 1.5066694641113281e+02,
       2.8741311281919479e-02, 9437696, -1 ]
   - [ 1.5270307922363281e+02, 9.8843902587890625e+01,
       5.1555304527282715e+00, 3.5444381713867188e+02,
       2.8741311281919479e-02, 9437696, -1 ]
   - [ 1.5642196655273438e+02, 1.2651293182373047e+02,
       2.7265768051147461e+00, 1.3126583862304688e+02,
       1.5823505818843842e-02, 13501183, -1 ]
   - [ 1.5696437072753906e+02, 1.1486079406738281e+02,
       4.2062392234802246e+00, 1.3911985778808594e+02,
       1.9501633942127228e-02, 11403520, -1 ]
   - [ 1.5766043090820312e+02, 7.8024818420410156e+01,
       4.7533941268920898e+00, 6.3025573730468750e+01,
       1.8259547650814056e-02, 3539456, -1 ]
   - [ 1.5839909362792969e+02, 6.8655212402343750e+01,
       1.2292805671691895e+01, 4.8642883300781250e+01,
       1.5534179285168648e-02, 5440257, -1 ]
   - [ 1.5867051696777344e+02, 1.1020694732666016e+02,
       3.6742584705352783e+00, 1.3854714965820312e+02,
       1.7539821565151215e-02, 1638656, -1 ]
   - [ 1.5890797424316406e+02, 1.1054188537597656e+02,
       3.3419816493988037e+00, 1.3183526611328125e+02,
       1.7653802409768105e-02, 11469823, -1 ]
   - [ 1.6014630126953125e+02, 8.5927780151367188e+01,
       7.9701418876647949e+00, 5.3015991210937500e+01,
       3.2919570803642273e-02, 7536897, -1 ]
   - [ 1.6118200683593750e+02, 1.0307125854492188e+02,
       4.0656356811523438e+00, 1.4292329406738281e+02,
       1.4913642778992653e-02, 8978688, -1 ]
   - [ 1.6118200683593750e+02, 1.0307125854492188e+02,
       4.0656356811523438e+00, 2.4773545837402344e+02,
       1.4913642778992653e-02, 8978688, -1 ]
   - [ 1.6997817993164062e+02, 9.2380874633789062e+01,
       5.1760716438293457e+00, 1.5537625122070312e+02,
       2.2886198014020920e-02, 9699840, -1 ]
   - [ 1.6997817993164062e+02, 9.2380874633789062e+01,
       5.1760716438293457e+00, 2.7332452392578125e+02,
       2.2886198014020920e-02, 9699840, -1 ]
   - [ 1.7011877441406250e+02, 6.7836997985839844e+01,
       4.0054988861083984e+00, 5.6613800048828125e+01,
       1.8523251637816429e-02, 7864576, -1 ]
   - [ 1.7271829223632812e+02, 8.6551704406738281e+01,
       4.6120972633361816e+00, 1.5324755859375000e+02,
       2.2245733067393303e-02, 1376768, -1 ]
   - [ 1.7271829223632812e+02, 8.6551704406738281e+01,
       4.6120972633361816e+00, 2.6793096923828125e+02,
       2.2245733067393303e-02, 1376768, -1 ]
   - [ 1.7374609375000000e+02, 9.9020904541015625e+01,
       4.2216811180114746e+00, 2.5162368774414062e+02,
       1.4640139415860176e-02, 11665664, -1 ]
   - [ 1.7681437683105469e+02, 1.0906387329101562e+02,
       1.7817802429199219e+01, 2.4053073120117188e+02,
       1.9182447344064713e-02, 15597826, -1 ]
   - [ 1.8004795837402344e+02, 5.8604816436767578e+01,
       3.5166995525360107e+00, 6.8960021972656250e+01,
       1.5748159959912300e-02, 15205375, -1 ]
   - [ 1.8202127075195312e+02, 5.3675079345703125e+01,
       8.7905187606811523e+00, 6.4343170166015625e+01,
       1.5913942828774452e-02, 14614785, -1 ]
   - [ 1.8320858764648438e+02, 6.3457221984863281e+01,
       5.9895849227905273e+00, 6.5743377685546875e+01,
       2.2497460246086121e-02, 3539712, -1 ]
   - [ 1.8363015747070312e+02, 7.3631904602050781e+01,
       4.0587973594665527e+00, 1.4174047851562500e+02,
       1.9682016223669052e-02, 8847616, -1 ]
   - [ 1.8570513916015625e+02, 9.4856964111328125e+01,
       3.7995109558105469e+00, 2.4905371093750000e+02,
       1.4702677726745605e-02, 4063488, -1 ]
   - [ 1.8667637634277344e+02, 8.9442672729492188e+01,
       4.1665949821472168e+00, 2.7542083740234375e+02,
       1.5789352357387543e-02, 10748160, -1 ]
   - [ 1.8827305603027344e+02, 1.0353202819824219e+02,
       8.1489963531494141e+00, 6.1289459228515625e+01,
       1.9018845632672310e-02, 9109761, -1 ]
   - [ 1.8827305603027344e+02, 1.0353202819824219e+02,
       8.1489963531494141e+00, 2.4677938842773438e+02,
       1.9018845632672310e-02, 9109761, -1 ]
   - [ 1.9310552978515625e+02, 7.9340164184570312e+01,
       2.7895817756652832e+00, 1.2152006530761719e+02,
       1.7446357756853104e-02, 15139583, -1 ]
   - [ 1.9310552978515625e+02, 7.9340164184570312e+01,
       2.7895817756652832e+00, 2.7464706420898438e+02,
       1.7446357756853104e-02, 15139583, -1 ]
   - [ 1.9365374755859375e+02, 1.1569480133056641e+02,
       8.5965147018432617e+00, 3.2137219238281250e+02,
       3.4230336546897888e-02, 12976385, -1 ]
   - [ 1.9587944030761719e+02, 1.1096661376953125e+02,
       2.0044121742248535e+00, 1.0951301574707031e+02,
       1.4661072753369808e-02, 7930367, -1 ]
   - [ 1.9635272216796875e+02, 6.5754936218261719e+01,
       2.0399986267089844e+01, 6.5742828369140625e+01,
       2.8696134686470032e-02, 8651266, -1 ]
   - [ 1.9635272216796875e+02, 6.5754936218261719e+01,
       2.0399986267089844e+01, 2.4966816711425781e+02,
       2.8696134686470032e-02, 8651266, -1 ]
   - [ 1.9869761657714844e+02, 5.2900249481201172e+01,
       2.4248008728027344e+00, 7.9061676025390625e+01,
       1.4630502089858055e-02, 4981503, -1 ]
   - [ 1.9886761474609375e+02, 6.6415423583984375e+02,
       2.5064518451690674e+00, 1.1913751220703125e+02,
       3.4352928400039673e-02, 7406335, -1 ]
   - [ 1.9886761474609375e+02, 6.6415423583984375e+02,
       2.5064518451690674e+00, 3.1119824218750000e+02,
       3.4352928400039673e-02, 7406335, -1 ]
   - [ 2.0090219116210938e+02, 8.0858497619628906e+01,
       5.3356461524963379e+00, 2.7414718627929688e+02,
       1.7727870494127274e-02, 11928064, -1 ]
   - [ 2.0329553222656250e+02, 5.6744087219238281e+01,
       5.4442443847656250e+00, 7.8458068847656250e+01,
       2.1346982568502426e-02, 13369856, -1 ]
   - [ 2.0460623168945312e+02, 4.9967121124267578e+01,
       4.8455195426940918e+00, 7.9269653320312500e+01,
       1.7005801200866699e-02, 4915712, -1 ]
   - [ 2.0675920104980469e+02, 1.3844219970703125e+02,
       1.3004240989685059e+01, 2.9063403320312500e+02,
       1.8770856782793999e-02, 9503489, -1 ]
   - [ 2.0867485046386719e+02, 1.1760364532470703e+02,
       2.1704759597778320e+00, 1.0136273193359375e+02,
       1.8775928765535355e-02, 13697535, -1 ]
