%YAML:1.0
---
grayKeypoints:
   - [ 5.4373130798339844e+01, 5.9731518554687500e+02,
       2.2598185539245605e+00, 7.7899841308593750e+01,
       1.7848877236247063e-02, 16646655, -1 ]
   - [ 5.4373130798339844e+01, 5.9731518554687500e+02,
       2.2598185539245605e+00, 2.5895233154296875e+02,
       1.7848877236247063e-02, 16646655, -1 ]
   - [ 7.0318237304687500e+01, 2.9525723266601562e+02,
       2.3868968486785889e+00, 8.6336517333984375e+01,
       2.2488432005047798e-02, 3867391, -1 ]
   - [ 7.0318237304687500e+01, 2.9525723266601562e+02,
       2.3868968486785889e+00, 2.7672113037109375e+02,
       2.2488432005047798e-02, 3867391, -1 ]
   - [ 7.6065704345703125e+01, 3.6267605590820312e+02,
       2.4891197681427002e+00, 8.0658721923828125e+01,
       2.8147427365183830e-02, 6882047, -1 ]
   - [ 1.3651831054687500e+02, 3.2742700195312500e+02,
       2.1743762493133545e+00, 1.0633224487304688e+02,
       3.3307537436485291e-02, 13828607, -1 ]
   - [ 1.3651831054687500e+02, 3.2742700195312500e+02,
       2.1743762493133545e+00, 2.7268228149414062e+02,
       3.3307537436485291e-02, 13828607, -1 ]
   - [ 1.5149200439453125e+02, 8.5360516357421875e+02,
       2.3276832103729248e+00, 7.9826599121093750e+01,
       1.4246546663343906e-02, 2032383, -1 ]
   - [ 1.6643618774414062e+02, 3.1981411743164062e+02,
       2.4845089912414551e+00, 2.4566864013671875e+02,
       1.3877619989216328e-02, 6750975, -1 ]
   - [ 2.2372027587890625e+02, 6.3484265136718750e+02,
       1.8260344266891479e+00, 1.0944885253906250e+01,
       2.5409577414393425e-02, 1180159, -1 ]
   - [ 2.2402487182617188e+02, 4.7201449584960938e+02,
       5.4027895927429199e+00, 3.2671478271484375e+01,
       4.6113085001707077e-02, 12845568, -1 ]
   - [ 2.2638119506835938e+02, 6.4428460693359375e+02,
       2.5223369598388672e+00, 3.2455215454101562e+02,
       1.8795557320117950e-02, 7865087, -1 ]
   - [ 2.2832598876953125e+02, 4.6229232788085938e+02,
       4.8356575965881348e+00, 3.1751892089843750e+01,
       2.4893103167414665e-02, 4784640, -1 ]
   - [ 2.3040760803222656e+02, 4.7191928100585938e+02,
       4.0505785942077637e+00, 1.8863711547851562e+02,
       2.2326115518808365e-02, 8716544, -1 ]
   - [ 2.3420866394042969e+02, 6.2635839843750000e+02,
       2.3488090038299561e+00, 5.7402832031250000e+01,
       1.3468884862959385e-02, 2687743, -1 ]
   - [ 2.3590158081054688e+02, 4.5124288940429688e+02,
       6.6980867385864258e+00, 3.7163391113281250e+01,
       2.5926114991307259e-02, 11666176, -1 ]
   - [ 2.3654516601562500e+02, 6.5321746826171875e+02,
       4.2699322700500488e+00, 2.8048236083984375e+02,
       1.4291199855506420e-02, 12517632, -1 ]
   - [ 2.3758976745605469e+02, 6.4742462158203125e+02,
       4.8216681480407715e+00, 2.7910687255859375e+02,
       2.6878500357270241e-02, 4588032, -1 ]
   - [ 2.4439877319335938e+02, 4.3770742797851562e+02,
       4.2075552940368652e+00, 3.5930969238281250e+01,
       2.7614476159214973e-02, 11469056, -1 ]
   - [ 2.4848704528808594e+02, 6.3798718261718750e+02,
       2.5799594879150391e+01, 6.8075164794921875e+01,
       2.0126767456531525e-02, 8913666, -1 ]
   - [ 2.4867431640625000e+02, 4.7754785156250000e+02,
       1.1718066215515137e+01, 2.7249819946289062e+02,
       1.8545586615800858e-02, 1966849, -1 ]
   - [ 2.5186502075195312e+02, 5.9646319580078125e+02,
       2.5163475036621094e+01, 7.0592681884765625e+01,
       2.5700943544507027e-02, 7144194, -1 ]
   - [ 2.5580784606933594e+02, 4.8689956665039062e+02,
       5.5359606742858887e+00, 2.6824060058593750e+02,
       1.4514202252030373e-02, 14549504, -1 ]
   - [ 2.5793627929687500e+02, 4.7951504516601562e+02,
       6.6524348258972168e+00, 2.6567675781250000e+02,
       1.8276080489158630e-02, 11141888, -1 ]
   - [ 2.6545904541015625e+02, 6.4783642578125000e+02,
       3.0867631435394287e+00, 8.7643371582031250e+01,
       1.7916567623615265e-02, 5768191, -1 ]
   - [ 2.6561895751953125e+02, 6.4391607666015625e+02,
       3.0057575702667236e+00, 8.6890930175781250e+01,
       1.6176661476492882e-02, 3802111, -1 ]
   - [ 2.6863061523437500e+02, 6.5214715576171875e+02,
       9.2561836242675781e+00, 2.9152218627929688e+02,
       1.9237285479903221e-02, 1638913, -1 ]
   - [ 2.7917098999023438e+02, 4.0406158447265625e+02,
       4.1469664573669434e+00, 5.3876129150390625e+01,
       3.4246433526277542e-02, 10420480, -1 ]
   - [ 2.7930294799804688e+02, 6.4826025390625000e+02,
       3.4255185127258301e+00, 1.2353057861328125e+02,
       1.4568629674613476e-02, 13304831, -1 ]
   - [ 2.7930294799804688e+02, 6.4826025390625000e+02,
       3.4255185127258301e+00, 2.8902023315429688e+02,
       1.4568629674613476e-02, 13304831, -1 ]
   - [ 2.8645944213867188e+02, 6.3603778076171875e+02,
       3.4389274120330811e+00, 5.5623168945312500e+01,
       1.7256375402212143e-02, 13566975, -1 ]
   - [ 2.8658270263671875e+02, 5.8892395019531250e+02,
       1.9409674406051636e+00, 7.1549652099609375e+01,
       1.3683838769793510e-02, 5636607, -1 ]
   - [ 2.8714929199218750e+02, 3.9901690673828125e+02,
       4.7927336692810059e+00, 5.8814117431640625e+01,
       3.4028291702270508e-02, 4129280, -1 ]
   - [ 2.8727743530273438e+02, 3.4036230468750000e+02,
       2.0342712402343750e+00, 2.8293170166015625e+02,
       1.8681045621633530e-02, 9044479, -1 ]
   - [ 2.9941156005859375e+02, 6.6560467529296875e+02,
       6.3144145011901855e+00, 2.8138183593750000e+02,
       1.6326932236552238e-02, 7406336, -1 ]
   - [ 3.0034893798828125e+02, 3.8646966552734375e+02,
       4.0684790611267090e+00, 6.9811859130859375e+01,
       2.4091305211186409e-02, 9044224, -1 ]
   - [ 3.0876031494140625e+02, 6.5046398925781250e+02,
       8.0028629302978516e+00, 2.8477136230468750e+02,
       1.3562940992414951e-02, 7799041, -1 ]
   - [ 3.0977163696289062e+02, 6.1312219238281250e+02,
       1.9730911254882812e+00, 5.0836029052734375e+01,
       1.5454587526619434e-02, 6816255, -1 ]
   - [ 3.1104522705078125e+02, 5.4861132812500000e+02,
       8.2932235717773438e+01, 2.6838671875000000e+02,
       3.0138052999973297e-02, 9830916, -1 ]
   - [ 3.1428414916992188e+02, 6.1501989746093750e+02,
       3.4755229949951172e+00, 9.4805541992187500e+01,
       2.0523635670542717e-02, 14353407, -1 ]
   - [ 3.1614401245117188e+02, 4.7388378906250000e+02,
       5.9997158050537109e+00, 2.5430195617675781e+02,
       2.2424262017011642e-02, 3670784, -1 ]
   - [ 3.2097561645507812e+02, 4.7052935791015625e+02,
       2.1774077415466309e+00, 2.5671041870117188e+02,
       1.5112723223865032e-02, 13959679, -1 ]
   - [ 3.4495599365234375e+02, 4.6431896972656250e+02,
       4.1520309448242188e+00, 2.5043865966796875e+02,
       2.4807374924421310e-02, 10486016, -1 ]
   - [ 3.4953964233398438e+02, 4.2343951416015625e+02,
       7.3876869201660156e+01, 8.9887023925781250e+01,
       6.1478856950998306e-02, 1442308, -1 ]
   - [ 3.4953964233398438e+02, 4.2343951416015625e+02,
       7.3876869201660156e+01, 2.5334324645996094e+02,
       6.1478856950998306e-02, 1442308, -1 ]
   - [ 3.5155004882812500e+02, 6.0801159667968750e+02,
       2.3402450084686279e+00, 7.3562683105468750e+01,
       1.9072178751230240e-02, 2425599, -1 ]
   - [ 3.6383447265625000e+02, 6.2199255371093750e+02,
       1.8103908300399780e+00, 2.6896166992187500e+02,
       1.4554033055901527e-02, 590335, -1 ]
   - [ 3.6386959838867188e+02, 6.1645098876953125e+02,
       4.2502560615539551e+00, 8.5291625976562500e+01,
       1.6935124993324280e-02, 12189952, -1 ]
   - [ 3.7899664306640625e+02, 6.0905334472656250e+02,
       2.5525269508361816e+00, 7.4613922119140625e+01,
       1.4503853395581245e-02, 8717055, -1 ]
   - [ 3.8027642822265625e+02, 6.1487268066406250e+02,
       1.8642425537109375e+00, 1.6054115295410156e+02,
       2.2532658651471138e-02, 2687487, -1 ]
   - [ 3.8335440063476562e+02, 6.1201110839843750e+02,
       3.3769624233245850e+00, 1.4893743896484375e+02,
       1.3623463921248913e-02, 12256255, -1 ]
