%YAML:1.0
---
grayKeypoints:
   - [ 8.3789245605468750e+01, 1.6452087402343750e+02,
       2.1737301349639893e+00, 2.7485971069335938e+02,
       1.3589203357696533e-02, 13828607, -1 ]
   - [ 1.5663450622558594e+02, 3.5536260986328125e+02,
       3.1516537666320801e+00, 2.9825836181640625e+02,
       1.7275270074605942e-02, 7275519, -1 ]
   - [ 1.5799833679199219e+02, 1.6399032592773438e+02,
       2.6694860458374023e+00, 6.7664825439453125e+01,
       1.4681301079690456e-02, 11928319, -1 ]
   - [ 1.5799833679199219e+02, 1.6399032592773438e+02,
       2.6694860458374023e+00, 2.6002593994140625e+02,
       1.4681301079690456e-02, 11928319, -1 ]
   - [ 1.6079736328125000e+02, 3.5805963134765625e+02,
       2.7007694244384766e+00, 1.3441735839843750e+02,
       2.0912129431962967e-02, 12780287, -1 ]
   - [ 1.6079736328125000e+02, 3.5805963134765625e+02,
       2.7007694244384766e+00, 2.9683126831054688e+02,
       2.0912129431962967e-02, 12780287, -1 ]
   - [ 1.8722505187988281e+02, 5.8780224609375000e+02,
       3.2582345008850098e+00, 1.6321838378906250e+01,
       1.4052065089344978e-02, 9634815, -1 ]
   - [ 1.8722505187988281e+02, 5.8780224609375000e+02,
       3.2582345008850098e+00, 1.7130789184570312e+02,
       1.4052065089344978e-02, 9634815, -1 ]
   - [ 2.8028521728515625e+02, 2.8055117797851562e+02,
       2.5966689586639404e+00, 4.9736297607421875e+01,
       1.4945348724722862e-02, 9962239, -1 ]
   - [ 2.8555111694335938e+02, 2.8686090087890625e+02,
       1.0162247657775879e+01, 6.4663452148437500e+01,
       3.2264858484268188e-02, 8389121, -1 ]
   - [ 2.8555111694335938e+02, 2.8686090087890625e+02,
       1.0162247657775879e+01, 2.9278662109375000e+02,
       3.2264858484268188e-02, 8389121, -1 ]
   - [ 2.8997357177734375e+02, 2.9362515258789062e+02,
       2.5072286128997803e+00, 2.6146600341796875e+02,
       1.4763686805963516e-02, 7406335, -1 ]
   - [ 2.9322158813476562e+02, 2.9920809936523438e+02,
       5.2200903892517090e+00, 2.7959442138671875e+02,
       1.8789451569318771e-02, 10355200, -1 ]
   - [ 2.9390817260742188e+02, 2.7167773437500000e+02,
       4.3506255149841309e+00, 6.9739624023437500e+01,
       1.3515930622816086e-02, 13893888, -1 ]
   - [ 2.9571609497070312e+02, 2.8795788574218750e+02,
       3.4809989929199219e+00, 8.8374572753906250e+01,
       1.5637371689081192e-02, 14418943, -1 ]
   - [ 2.9846508789062500e+02, 2.9016458129882812e+02,
       6.6207771301269531e+00, 8.8976745605468750e+01,
       1.7817273736000061e-02, 10814208, -1 ]
   - [ 3.0074078369140625e+02, 2.8721044921875000e+02,
       3.8279571533203125e+00, 8.0817596435546875e+01,
       1.7482176423072815e-02, 4587776, -1 ]
   - [ 3.0101916503906250e+02, 3.7161526489257812e+02,
       3.9632458686828613e+00, 3.2980517578125000e+02,
       1.8124820664525032e-02, 7143680, -1 ]
   - [ 3.0132534790039062e+02, 2.8667523193359375e+02,
       3.2011773586273193e+00, 7.9965332031250000e+01,
       1.7443049699068069e-02, 8389631, -1 ]
   - [ 3.0227871704101562e+02, 3.6200167846679688e+02,
       3.2480752468109131e+00, 9.0876312255859375e+01,
       3.0743505805730820e-02, 9438207, -1 ]
   - [ 3.0227871704101562e+02, 3.6200167846679688e+02,
       3.2480752468109131e+00, 3.5250708007812500e+02,
       3.0743505805730820e-02, 9438207, -1 ]
   - [ 3.0408288574218750e+02, 3.5844445800781250e+02,
       2.3637797832489014e+00, 9.2121704101562500e+01,
       1.4253358356654644e-02, 3146495, -1 ]
   - [ 3.0465673828125000e+02, 3.7463562011718750e+02,
       2.0570981502532959e+00, 3.2679586791992188e+02,
       2.0169297233223915e-02, 9830911, -1 ]
   - [ 3.0547030639648438e+02, 3.2421078491210938e+02,
       4.9946317672729492e+00, 1.0653205871582031e+02,
       2.2236831486225128e-02, 7143936, -1 ]
   - [ 3.0595721435546875e+02, 3.0612167358398438e+02,
       4.1574454307556152e+00, 2.7342132568359375e+02,
       1.5464989468455315e-02, 10551552, -1 ]
   - [ 3.0699111938476562e+02, 3.5690509033203125e+02,
       5.0977873802185059e+00, 8.9817321777343750e+01,
       1.4090081676840782e-02, 8585728, -1 ]
   - [ 3.0856588745117188e+02, 3.8067544555664062e+02,
       3.1654384136199951e+00, 3.1811877441406250e+02,
       2.1184407174587250e-02, 7603199, -1 ]
   - [ 3.0967877197265625e+02, 3.8598764038085938e+02,
       7.5284781455993652e+00, 3.1828555297851562e+02,
       2.1770626306533813e-02, 3408129, -1 ]
   - [ 3.1248980712890625e+02, 3.1031838989257812e+02,
       1.8307656049728394e+00, 2.7330493164062500e+02,
       1.4738328754901886e-02, 1376767, -1 ]
   - [ 3.1265847778320312e+02, 3.3167187500000000e+02,
       4.1405248641967773e+00, 2.7154864501953125e+02,
       1.6055187210440636e-02, 10289408, -1 ]
   - [ 3.1317684936523438e+02, 3.2689666748046875e+02,
       2.7113456726074219e+00, 2.7356866455078125e+02,
       2.4047896265983582e-02, 13107967, -1 ]
   - [ 3.1969940185546875e+02, 2.7433013916015625e+02,
       1.4000056266784668e+01, 1.1742622375488281e+02,
       1.6184514388442039e-02, 14811905, -1 ]
   - [ 3.2153332519531250e+02, 3.1014739990234375e+02,
       2.1905038356781006e+00, 2.7508880615234375e+02,
       1.4112423174083233e-02, 14352895, -1 ]
   - [ 3.2165005493164062e+02, 3.1616516113281250e+02,
       2.7908172607421875e+00, 8.7837829589843750e+01,
       1.9921045750379562e-02, 15205119, -1 ]
   - [ 3.2203323364257812e+02, 2.9009384155273438e+02,
       3.1522718429565430e+01, 2.6407049560546875e+02,
       3.1111445277929306e-02, 6684931, -1 ]
   - [ 3.2285644531250000e+02, 3.3339669799804688e+02,
       4.9677729606628418e+00, 2.6449404907226562e+02,
       1.3576675206422806e-02, 6750720, -1 ]
   - [ 3.2542706298828125e+02, 3.7859320068359375e+02,
       2.2722363471984863e+00, 3.5584576416015625e+02,
       1.7385000362992287e-02, 328447, -1 ]
   - [ 3.2886535644531250e+02, 3.9392910766601562e+02,
       4.2460613250732422e+00, 3.0948333740234375e+02,
       2.1802343428134918e-02, 12124416, -1 ]
   - [ 3.3229519653320312e+02, 2.7137606811523438e+02,
       6.5525217056274414e+00, 1.2035697937011719e+02,
       1.7788374796509743e-02, 10027776, -1 ]
   - [ 3.3389941406250000e+02, 2.1587544250488281e+02,
       1.9708206653594971e+00, 1.0067782592773438e+02,
       2.1406909450888634e-02, 6750719, -1 ]
   - [ 3.3389941406250000e+02, 2.1587544250488281e+02,
       1.9708206653594971e+00, 2.7231524658203125e+02,
       2.1406909450888634e-02, 6750719, -1 ]
   - [ 3.3490060424804688e+02, 3.3048629760742188e+02,
       2.2983272075653076e+00, 2.7379626464843750e+02,
       1.3550292700529099e-02, 1114879, -1 ]
   - [ 3.3563867187500000e+02, 3.6251467895507812e+02,
       3.1790051460266113e+00, 1.0329617309570312e+02,
       2.5890439748764038e-02, 7865343, -1 ]
   - [ 3.3615063476562500e+02, 3.1993090820312500e+02,
       3.0993156433105469e+00, 1.0394955444335938e+02,
       2.3520510643720627e-02, 6030335, -1 ]
   - [ 3.3629177856445312e+02, 3.6173767089843750e+02,
       5.0886626243591309e+00, 1.0453570556640625e+02,
       2.5946805253624916e-02, 8454656, -1 ]
   - [ 3.3644204711914062e+02, 3.0946795654296875e+02,
       2.0970764160156250e+00, 2.6715991210937500e+02,
       1.3796775601804256e-02, 11207167, -1 ]
   - [ 3.3713949584960938e+02, 3.1500646972656250e+02,
       1.0614720344543457e+01, 2.6824932861328125e+02,
       2.8099948540329933e-02, 11534849, -1 ]
   - [ 3.3742370605468750e+02, 4.0721450805664062e+02,
       4.2532877922058105e+00, 3.0086141967773438e+02,
       2.0169299095869064e-02, 12255488, -1 ]
   - [ 3.3755615234375000e+02, 2.0885371398925781e+02,
       2.2486126422882080e+00, 9.1037933349609375e+01,
       1.5786536037921906e-02, 16253439, -1 ]
   - [ 3.3791192626953125e+02, 3.2700955200195312e+02,
       3.4920558929443359e+00, 8.9104949951171875e+01,
       3.0980970710515976e-02, 14681087, -1 ]
   - [ 3.3854776000976562e+02, 2.6687045288085938e+02,
       2.4872148036956787e+00, 1.3668562316894531e+02,
       1.8396824598312378e-02, 6816511, -1 ]
