%YAML:1.0
---
grayKeypoints:
   - [ 2.6548028945922852e+01, 5.6988439941406250e+02,
       2.1662902832031250e+00, 9.9218200683593750e+01,
       1.6817528754472733e-02, 13566463, -1 ]
   - [ 3.0139091491699219e+01, 2.0680371093750000e+02,
       1.9394978284835815e+00, 2.5656985473632812e+02,
       1.3842923566699028e-02, 5571071, -1 ]
   - [ 3.0139091491699219e+01, 2.0680371093750000e+02,
       1.9394978284835815e+00, 3.4641534423828125e+02,
       1.3842923566699028e-02, 5571071, -1 ]
   - [ 1.2027816772460938e+02, 2.6821902465820312e+02,
       1.8721126317977905e+00, 2.3209672546386719e+02,
       1.4422710984945297e-02, 3015167, -1 ]
   - [ 1.9196238708496094e+02, 3.5424148559570312e+02,
       1.9696342945098877e+00, 5.4087799072265625e+01,
       1.3663657940924168e-02, 6685183, -1 ]
   - [ 2.0209211730957031e+02, 3.5706320190429688e+02,
       2.5357444286346436e+00, 2.1063369750976562e+02,
       1.3904306106269360e-02, 8258303, -1 ]
   - [ 2.0563916015625000e+02, 3.5842156982421875e+02,
       2.7991809844970703e+00, 2.3158171081542969e+02,
       2.7184858918190002e-02, 15401727, -1 ]
   - [ 2.0635601806640625e+02, 3.7691900634765625e+02,
       3.2690148353576660e+00, 2.5629138183593750e+02,
       1.8680404871702194e-02, 9896959, -1 ]
   - [ 2.0635601806640625e+02, 3.7691900634765625e+02,
       3.2690148353576660e+00, 3.0204461669921875e+02,
       1.8680404871702194e-02, 9896959, -1 ]
   - [ 2.1047445678710938e+02, 3.6881726074218750e+02,
       5.0117139816284180e+00, 9.1478912353515625e+01,
       1.7585309222340584e-02, 7406080, -1 ]
   - [ 2.1128752136230469e+02, 3.5988073730468750e+02,
       8.8513641357421875e+00, 8.1884094238281250e+01,
       3.6767181009054184e-02, 15073537, -1 ]
   - [ 2.1585147094726562e+02, 3.8433615112304688e+02,
       1.8972328901290894e+00, 2.9809979248046875e+02,
       2.4098152294754982e-02, 3998207, -1 ]
   - [ 2.1681446838378906e+02, 3.6734664916992188e+02,
       4.2564163208007812e+00, 7.7789855957031250e+01,
       1.5593823045492172e-02, 12255488, -1 ]
   - [ 2.1738598632812500e+02, 3.5310839843750000e+02,
       2.9871566295623779e+00, 2.7341253662109375e+02,
       1.5660161152482033e-02, 3408895, -1 ]
   - [ 2.1796585083007812e+02, 3.9282827758789062e+02,
       1.2610051155090332e+01, 2.9109564208984375e+02,
       2.3849185556173325e-02, 7275265, -1 ]
   - [ 2.2070097351074219e+02, 3.6046380615234375e+02,
       2.6044394969940186e+00, 5.7256469726562500e+01,
       2.9408736154437065e-02, 10158847, -1 ]
   - [ 2.2411579895019531e+02, 3.5281381225585938e+02,
       2.1969487667083740e+00, 3.0546810913085938e+02,
       2.0052786916494370e-02, 14549503, -1 ]
   - [ 2.2438511657714844e+02, 3.9662695312500000e+02,
       2.3323595523834229e+00, 3.5595465087890625e+02,
       1.4536134898662567e-02, 2163455, -1 ]
   - [ 2.2503469848632812e+02, 3.3744619750976562e+02,
       6.2400498390197754e+00, 8.8548797607421875e+01,
       1.7322113737463951e-02, 6554368, -1 ]
   - [ 2.2604489135742188e+02, 3.4354598999023438e+02,
       3.9964730739593506e+00, 8.8480468750000000e+01,
       2.0622458308935165e-02, 7733504, -1 ]
   - [ 2.3108442687988281e+02, 3.9588287353515625e+02,
       6.5976214408874512e+00, 3.4566046142578125e+02,
       1.4623170718550682e-02, 10552064, -1 ]
   - [ 2.3394082641601562e+02, 3.9543399047851562e+02,
       1.8313629627227783e+00, 3.0744531250000000e+02,
       1.8851943314075470e-02, 1442303, -1 ]
   - [ 2.3704368591308594e+02, 4.2129379272460938e+02,
       6.2071371078491211e+00, 3.0945278930664062e+02,
       2.1115804091095924e-02, 6161152, -1 ]
   - [ 2.3977864074707031e+02, 4.0461984252929688e+02,
       4.2906279563903809e+00, 2.7844262695312500e+02,
       1.3529839925467968e-02, 12845312, -1 ]
   - [ 2.4016436767578125e+02, 4.1076651000976562e+02,
       5.8476476669311523e+00, 2.7928210449218750e+02,
       2.1305074915289879e-02, 1835776, -1 ]
   - [ 2.4151022338867188e+02, 3.7364739990234375e+02,
       4.1566722869873047e+01, 3.0802029418945312e+02,
       2.4734040722250938e-02, 9961987, -1 ]
   - [ 2.4259729003906250e+02, 4.2704327392578125e+02,
       2.1527211666107178e+00, 2.8735787963867188e+02,
       1.9643390551209450e-02, 13107711, -1 ]
   - [ 2.4387974548339844e+02, 4.0681842041015625e+02,
       2.0281436443328857e+00, 2.7557653808593750e+02,
       1.3376742601394653e-02, 8782335, -1 ]
   - [ 2.4480734252929688e+02, 4.0928292846679688e+02,
       1.8282947540283203e+00, 2.7460717773437500e+02,
       1.6612153500318527e-02, 1311231, -1 ]
   - [ 2.4555805969238281e+02, 2.9571719360351562e+02,
       3.0264356136322021e+00, 4.0717376708984375e+01,
       1.9425051286816597e-02, 4326399, -1 ]
   - [ 2.4683062744140625e+02, 4.2464355468750000e+02,
       3.4201982021331787e+00, 2.7741238403320312e+02,
       2.3683786392211914e-02, 13173759, -1 ]
   - [ 2.4929627990722656e+02, 4.2799987792968750e+02,
       2.3472602367401123e+00, 2.7228045654296875e+02,
       1.7109150066971779e-02, 2622207, -1 ]
   - [ 2.4929684448242188e+02, 4.0174301147460938e+02,
       8.6638708114624023e+00, 2.7725054931640625e+02,
       1.4521960169076920e-02, 13566209, -1 ]
   - [ 2.5043859863281250e+02, 3.0244845581054688e+02,
       3.0215547084808350e+00, 2.9416296386718750e+02,
       1.4716455712914467e-02, 4195327, -1 ]
   - [ 2.5064236450195312e+02, 3.4217019653320312e+02,
       8.1429462432861328e+00, 1.0358462524414062e+02,
       1.4948604628443718e-02, 9044225, -1 ]
   - [ 2.5355455017089844e+02, 3.6103710937500000e+02,
       3.4616081714630127e+00, 2.0215982055664062e+02,
       2.3864459246397018e-02, 14025727, -1 ]
   - [ 2.5396546936035156e+02, 2.9687591552734375e+02,
       4.0679969787597656e+00, 2.8750787353515625e+02,
       1.8734620884060860e-02, 8978688, -1 ]
   - [ 2.5528785705566406e+02, 4.2588809204101562e+02,
       5.1737952232360840e+00, 2.7062707519531250e+02,
       1.7167381942272186e-02, 9699840, -1 ]
   - [ 2.5712570190429688e+02, 2.9596499633789062e+02,
       1.2917912483215332e+01, 8.6045959472656250e+01,
       2.1996803581714630e-02, 9044737, -1 ]
   - [ 2.6044384765625000e+02, 3.5517834472656250e+02,
       6.7777323722839355e+00, 1.3059461975097656e+02,
       1.3500401750206947e-02, 12518144, -1 ]
   - [ 2.6125909423828125e+02, 4.3878552246093750e+02,
       1.0359076499938965e+01, 3.3030947875976562e+02,
       3.0430434271693230e-02, 9765377, -1 ]
   - [ 2.6485827636718750e+02, 3.0608352661132812e+02,
       6.2591280937194824e+00, 2.6793823242187500e+02,
       1.4585075899958611e-02, 6750976, -1 ]
   - [ 2.6903335571289062e+02, 2.9346057128906250e+02,
       3.4817607402801514e+00, 9.4954650878906250e+01,
       1.7049886286258698e-02, 14484479, -1 ]
   - [ 2.6989776611328125e+02, 2.9830279541015625e+02,
       4.2919478416442871e+00, 2.6864056396484375e+02,
       2.0688423886895180e-02, 12910848, -1 ]
   - [ 2.7047439575195312e+02, 4.1807717895507812e+02,
       3.1630811691284180e+00, 9.5512145996093750e+01,
       1.9036002457141876e-02, 7537663, -1 ]
   - [ 2.7110433959960938e+02, 3.6078097534179688e+02,
       1.9439796209335327e+00, 2.5279428100585938e+02,
       1.5751363709568977e-02, 5702143, -1 ]
   - [ 2.7573153686523438e+02, 3.0903518676757812e+02,
       8.9189949035644531e+00, 2.6798568725585938e+02,
       1.4154803007841110e-02, 15663361, -1 ]
   - [ 2.7587408447265625e+02, 2.8972656250000000e+02,
       4.4028282165527344e+00, 9.0226989746093750e+01,
       1.4342123642563820e-02, 14745856, -1 ]
   - [ 2.7645861816406250e+02, 4.1007836914062500e+02,
       1.9565486907958984e+00, 2.6774084472656250e+02,
       1.3524132780730724e-02, 6226431, -1 ]
   - [ 2.7990457153320312e+02, 3.4651687622070312e+02,
       3.0455584526062012e+00, 2.6324890136718750e+02,
       1.8626967445015907e-02, 4785151, -1 ]
   - [ 2.8079086303710938e+02, 3.5010974121093750e+02,
       2.4964566230773926e+00, 2.6225558471679688e+02,
       2.9868174344301224e-02, 7078655, -1 ]
