%YAML:1.0
---
grayKeypoints:
   - [ 1.6050178527832031e+01, 2.2679003906250000e+02,
       1.8510929346084595e+00, 2.5677410888671875e+02,
       1.3707367703318596e-02, 2163199, -1 ]
   - [ 1.9904260635375977e+01, 4.9715560913085938e+02,
       3.3400218486785889e+00, 2.3369398498535156e+02,
       3.1452197581529617e-02, 11469823, -1 ]
   - [ 2.3117446899414062e+01, 5.2714074707031250e+02,
       1.8823406696319580e+00, 1.9737182617187500e+01,
       1.4132507145404816e-02, 3408383, -1 ]
   - [ 2.3117446899414062e+01, 5.2714074707031250e+02,
       1.8823406696319580e+00, 2.5199153137207031e+02,
       1.4132507145404816e-02, 3408383, -1 ]
   - [ 3.1385099411010742e+01, 1.2450251464843750e+03,
       2.7735304832458496e+00, 6.2161346435546875e+01,
       1.4533109031617641e-02, 14746367, -1 ]
   - [ 3.1385099411010742e+01, 1.2450251464843750e+03,
       2.7735304832458496e+00, 2.3710076904296875e+02,
       1.4533109031617641e-02, 14746367, -1 ]
   - [ 3.9242958068847656e+01, 3.8068767547607422e+01,
       1.8321388959884644e+00, 9.8544036865234375e+01,
       1.8227832391858101e-02, 1442303, -1 ]
   - [ 3.9397747039794922e+01, 5.8116474151611328e+01,
       1.8002918958663940e+00, 8.4763519287109375e+01,
       1.3952273875474930e-02, 197119, -1 ]
   - [ 5.9959148406982422e+01, 9.9466537475585938e+01,
       1.9556165933609009e+00, 7.9264373779296875e+01,
       1.3346026651561260e-02, 6160895, -1 ]
   - [ 5.9959148406982422e+01, 9.9466537475585938e+01,
       1.9556165933609009e+00, 2.6177670288085938e+02,
       1.3346026651561260e-02, 6160895, -1 ]
   - [ 9.8212211608886719e+01, 1.2595457763671875e+03,
       1.8283029794692993e+00, 1.5847984313964844e+02,
       1.3487390242516994e-02, 1311231, -1 ]
   - [ 9.8212211608886719e+01, 1.2595457763671875e+03,
       1.8283029794692993e+00, 3.0340386962890625e+02,
       1.3487390242516994e-02, 1311231, -1 ]
   - [ 1.2695964813232422e+02, 5.8943341064453125e+02,
       2.0785708427429199e+00, 2.3334339904785156e+02,
       2.1748194471001625e-02, 10551807, -1 ]
   - [ 1.2980403137207031e+02, 5.8738073730468750e+02,
       2.3691613674163818e+00, 8.4415618896484375e+01,
       1.8357200548052788e-02, 3343103, -1 ]
   - [ 1.2980403137207031e+02, 5.8738073730468750e+02,
       2.3691613674163818e+00, 2.3247323608398438e+02,
       1.8357200548052788e-02, 3343103, -1 ]
   - [ 1.3983685302734375e+02, 1.4868762207031250e+03,
       2.0166218280792236e+00, 1.0610418701171875e+02,
       1.3874326832592487e-02, 8389119, -1 ]
   - [ 1.3983685302734375e+02, 1.4868762207031250e+03,
       2.0166218280792236e+00, 2.7085284423828125e+02,
       1.3874326832592487e-02, 8389119, -1 ]
   - [ 1.4025811767578125e+02, 1.8926853942871094e+02,
       1.8676451444625854e+00, 5.2575500488281250e+01,
       1.3851599767804146e-02, 2818559, -1 ]
   - [ 1.4025811767578125e+02, 1.8926853942871094e+02,
       1.8676451444625854e+00, 2.1562226867675781e+02,
       1.3851599767804146e-02, 2818559, -1 ]
   - [ 1.5439080810546875e+02, 2.3768797302246094e+02,
       1.9334106445312500e+00, 2.6258300781250000e+02,
       1.4072971418499947e-02, 5308927, -1 ]
   - [ 1.6755174255371094e+02, 1.4768748779296875e+03,
       1.9518188238143921e+00, 9.0559143066406250e+01,
       1.5422722324728966e-02, 6029823, -1 ]
   - [ 1.6755174255371094e+02, 1.4768748779296875e+03,
       1.9518188238143921e+00, 2.5526629638671875e+02,
       1.5422722324728966e-02, 6029823, -1 ]
   - [ 1.6900062561035156e+02, 1.8634967041015625e+02,
       5.1173515319824219e+00, 2.4977325439453125e+02,
       1.7980583012104034e-02, 8913408, -1 ]
   - [ 1.7121459960937500e+02, 1.9311819458007812e+02,
       5.3733592033386230e+00, 2.4965185546875000e+02,
       1.9446831196546555e-02, 12452352, -1 ]
   - [ 4.6429348754882812e+02, 1.9118397521972656e+02,
       2.3270118236541748e+00, 8.4239196777343750e+00,
       1.3634297065436840e-02, 2032383, -1 ]
   - [ 4.6429348754882812e+02, 1.9118397521972656e+02,
       2.3270118236541748e+00, 2.1902206420898438e+02,
       1.3634297065436840e-02, 2032383, -1 ]
   - [ 6.4835925292968750e+02, 7.5069494628906250e+02,
       1.8862022161483765e+00, 3.6615600585937500e+01,
       1.5492301434278488e-02, 3539455, -1 ]
   - [ 6.4835925292968750e+02, 7.5069494628906250e+02,
       1.8862022161483765e+00, 2.3244746398925781e+02,
       1.5492301434278488e-02, 3539455, -1 ]
   - [ 7.2785632324218750e+02, 1.3937633056640625e+03,
       4.9394469261169434e+00, 2.5424507141113281e+02,
       1.7030309885740280e-02, 6357504, -1 ]
   - [ 7.3217834472656250e+02, 1.3833574218750000e+03,
       2.4037487506866455e+00, 7.9467193603515625e+01,
       1.4707387425005436e-02, 4391679, -1 ]
   - [ 7.3595330810546875e+02, 1.3914589843750000e+03,
       3.8545186519622803e+00, 2.6043457031250000e+02,
       1.7921362072229385e-02, 5112064, -1 ]
   - [ 8.9947863769531250e+02, 8.5645257568359375e+02,
       1.8690927505493164e+01, 3.0001577758789062e+02,
       1.4031414873898029e-02, 2294274, -1 ]
   - [ 9.1090594482421875e+02, 3.9966946411132812e+02,
       7.2113952636718750e+00, 2.9431274414062500e+01,
       1.6841001808643341e-02, 262401, -1 ]
   - [ 9.1090594482421875e+02, 3.9966946411132812e+02,
       7.2113952636718750e+00, 1.9596722412109375e+02,
       1.6841001808643341e-02, 262401, -1 ]
   - [ 9.1090594482421875e+02, 3.9966946411132812e+02,
       7.2113952636718750e+00, 3.5465216064453125e+02,
       1.6841001808643341e-02, 262401, -1 ]
   - [ 9.1190679931640625e+02, 8.2835894775390625e+02,
       2.4750982284545898e+01, 2.9686859130859375e+02,
       3.1489651650190353e-02, 5899010, -1 ]
   - [ 9.1248004150390625e+02, 8.4281646728515625e+02,
       2.4513518810272217e+00, 2.8123391723632812e+02,
       1.4266164042055607e-02, 5767935, -1 ]
   - [ 9.4066546630859375e+02, 8.2063293457031250e+02,
       1.5950381278991699e+01, 7.1004699707031250e+01,
       3.4953836351633072e-02, 7536898, -1 ]
   - [ 9.4450976562500000e+02, 8.1610827636718750e+02,
       3.7288093566894531e+00, 2.5340069580078125e+02,
       1.3470202684402466e-02, 2687232, -1 ]
   - [ 9.6213476562500000e+02, 8.5084393310546875e+02,
       4.0891203880310059e+00, 2.4887802124023438e+02,
       1.3978855684399605e-02, 9371904, -1 ]
   - [ 9.6348388671875000e+02, 8.6362542724609375e+02,
       2.7220423221588135e+00, 2.5497724914550781e+02,
       1.5949482098221779e-02, 13370111, -1 ]
   - [ 9.6573944091796875e+02, 7.7567401123046875e+02,
       1.5816906929016113e+01, 8.1354827880859375e+01,
       1.6375267878174782e-02, 6947074, -1 ]
   - [ 9.6871209716796875e+02, 8.6726098632812500e+02,
       5.4586420059204102e+00, 2.6568048095703125e+02,
       1.4116808772087097e-02, 13566464, -1 ]
   - [ 9.6985137939453125e+02, 8.8800158691406250e+02,
       4.0679950714111328e+01, 2.9212979125976562e+02,
       2.6670610532164574e-02, 8454659, -1 ]
   - [ 9.9233679199218750e+02, 8.2904272460937500e+02,
       6.6862930297851562e+01, 2.9516479492187500e+02,
       3.0130529776215553e-02, 10944772, -1 ]
   - [ 1.0118449096679688e+03, 7.0281176757812500e+02,
       2.1388297080993652e+00, 4.5520568847656250e+01,
       1.5312270261347294e-02, 12648959, -1 ]
   - [ 1.0203148193359375e+03, 8.1397888183593750e+02,
       4.7568387985229492e+00, 6.1746948242187500e+01,
       1.9461005926132202e-02, 3604992, -1 ]
   - [ 1.0203148193359375e+03, 8.1397888183593750e+02,
       4.7568387985229492e+00, 2.1133683776855469e+02,
       1.9461005926132202e-02, 3604992, -1 ]
   - [ 1.0252519531250000e+03, 1.0968142089843750e+03,
       2.0049517154693604e+00, 6.7482421875000000e+01,
       2.8297916054725647e-02, 7995903, -1 ]
   - [ 1.0252519531250000e+03, 1.0968142089843750e+03,
       2.0049517154693604e+00, 2.2581358337402344e+02,
       2.8297916054725647e-02, 7995903, -1 ]
   - [ 1.0295520019531250e+03, 9.4645715332031250e+02,
       2.8188678741455078e+01, 2.7155734252929688e+02,
       1.4964066445827484e-02, 15336194, -1 ]
   - [ 1.0323927001953125e+03, 7.0043536376953125e+02,
