%YAML:1.0
---
grayKeypoints:
   - [ 7.3226341247558594e+01, 5.5871752929687500e+02,
       1.8305065631866455e+00, 5.7634582519531250e+01,
       1.8612228333950043e-02, 1376767, -1 ]
   - [ 1.8908212280273438e+02, 3.2669052124023438e+02,
       3.7299544811248779e+00, 4.5940307617187500e+01,
       1.4030979946255684e-02, 2752768, -1 ]
   - [ 1.8997257995605469e+02, 3.3256307983398438e+02,
       4.5744619369506836e+00, 4.1633941650390625e+01,
       3.2937869429588318e-02, 786944, -1 ]
   - [ 1.9451725769042969e+02, 3.2755276489257812e+02,
       3.0579731464385986e+00, 4.2322753906250000e+01,
       2.2598650306463242e-02, 5047295, -1 ]
   - [ 1.9666181945800781e+02, 3.3257876586914062e+02,
       4.1390523910522461e+00, 2.0878773498535156e+02,
       1.9848486408591270e-02, 10223872, -1 ]
   - [ 2.0153094482421875e+02, 3.3075473022460938e+02,
       2.0263336181640625e+01, 2.9074087524414062e+02,
       1.4557329006493092e-02, 8126978, -1 ]
   - [ 2.0201487731933594e+02, 3.2012872314453125e+02,
       3.9891335964202881e+00, 5.0522399902343750e+01,
       1.9326245412230492e-02, 7602432, -1 ]
   - [ 2.0296482849121094e+02, 5.7040362548828125e+02,
       2.1799104213714600e+00, 1.0498742675781250e+02,
       1.9623244181275368e-02, 14025215, -1 ]
   - [ 2.0296482849121094e+02, 5.7040362548828125e+02,
       2.1799104213714600e+00, 2.7790097045898438e+02,
       1.9623244181275368e-02, 14025215, -1 ]
   - [ 2.0828302001953125e+02, 3.4147528076171875e+02,
       3.4084587097167969e+00, 2.8304620361328125e+02,
       1.3454044237732887e-02, 12911615, -1 ]
   - [ 2.1230982971191406e+02, 3.3877148437500000e+02,
       1.0196066856384277e+01, 2.8475939941406250e+02,
       1.5094590373337269e-02, 8585729, -1 ]
   - [ 2.1232798767089844e+02, 3.4547689819335938e+02,
       1.8919363021850586e+00, 2.8376318359375000e+02,
       1.3360768556594849e-02, 3736063, -1 ]
   - [ 2.1296128845214844e+02, 3.1136642456054688e+02,
       3.2612857818603516e+00, 5.1856384277343750e+01,
       2.7669789269566536e-02, 9700351, -1 ]
   - [ 2.1964303588867188e+02, 3.0683480834960938e+02,
       3.4645428657531738e+00, 5.5253204345703125e+01,
       2.0533956587314606e-02, 14091263, -1 ]
   - [ 2.2786637878417969e+02, 3.4375808715820312e+02,
       5.0808157920837402e+00, 2.7875927734375000e+02,
       1.4941485598683357e-02, 8389120, -1 ]
   - [ 2.3384426879882812e+02, 3.5016650390625000e+02,
       5.5454640388488770e+00, 2.7779147338867188e+02,
       1.5090217813849449e-02, 14680576, -1 ]
   - [ 2.3454562377929688e+02, 3.5228295898437500e+02,
       8.6360607147216797e+00, 2.7915762329101562e+02,
       1.4487230218946934e-02, 13304065, -1 ]
   - [ 2.4486212158203125e+02, 3.5044726562500000e+02,
       5.0171618461608887e+00, 2.7161834716796875e+02,
       1.6445148736238480e-02, 7471616, -1 ]
   - [ 2.4553967285156250e+02, 2.8933789062500000e+02,
       2.5823514461517334e+00, 6.8590454101562500e+01,
       1.6422094777226448e-02, 9569023, -1 ]
   - [ 2.4794372558593750e+02, 2.9270996093750000e+02,
       3.3247032165527344e+00, 6.8499176025390625e+01,
       3.0248422175645828e-02, 11142143, -1 ]
   - [ 2.5207635498046875e+02, 4.6457101440429688e+02,
       8.1594715118408203e+00, 8.7865844726562500e+01,
       1.4150095172226429e-02, 9240833, -1 ]
   - [ 2.5207635498046875e+02, 4.6457101440429688e+02,
       8.1594715118408203e+00, 3.0991723632812500e+02,
       1.4150095172226429e-02, 9240833, -1 ]
   - [ 2.5207635498046875e+02, 4.6457101440429688e+02,
       8.1594715118408203e+00, 3.5118667602539062e+02,
       1.4150095172226429e-02, 9240833, -1 ]
   - [ 2.5674032592773438e+02, 3.5399005126953125e+02,
       1.0065695762634277e+01, 2.7505770874023438e+02,
       2.1634120494127274e-02, 7668225, -1 ]
   - [ 2.5889376831054688e+02, 2.8454818725585938e+02,
       3.5914638042449951e+00, 7.9476409912109375e+01,
       1.7051642760634422e-02, 16712703, -1 ]
   - [ 2.5909451293945312e+02, 2.8418472290039062e+02,
       3.9822189807891846e+00, 7.9645538330078125e+01,
       1.6896877437829971e-02, 7471360, -1 ]
   - [ 2.6580526733398438e+02, 3.5046109008789062e+02,
       3.3110256195068359e+00, 2.7115875244140625e+02,
       2.0376002416014671e-02, 10814463, -1 ]
   - [ 2.6735699462890625e+02, 2.8281130981445312e+02,
       3.1199519634246826e+00, 7.9890808105468750e+01,
       1.6758345067501068e-02, 6554623, -1 ]
   - [ 2.7141281127929688e+02, 3.5017196655273438e+02,
       2.5119550228118896e+00, 2.7025424194335938e+02,
       1.6893109306693077e-02, 7537407, -1 ]
   - [ 2.7784582519531250e+02, 2.8130819702148438e+02,
       2.9635443687438965e+00, 8.0209381103515625e+01,
       1.8445998430252075e-02, 2819071, -1 ]
   - [ 2.8213681030273438e+02, 3.5009005737304688e+02,
       2.7652003765106201e+00, 2.7037652587890625e+02,
       1.9844047725200653e-02, 14484223, -1 ]
   - [ 2.8213903808593750e+02, 2.8155331420898438e+02,
       2.0619716644287109e+00, 8.1467254638671875e+01,
       1.3394770212471485e-02, 9961983, -1 ]
   - [ 2.8516101074218750e+02, 2.8105212402343750e+02,
       2.3195054531097412e+00, 8.1283325195312500e+01,
       1.4906530268490314e-02, 1770239, -1 ]
   - [ 2.8716522216796875e+02, 4.6239578247070312e+02,
       3.3640391826629639e+00, 8.7770263671875000e+01,
       1.3964525423943996e-02, 11994111, -1 ]
   - [ 2.8887237548828125e+02, 2.8401232910156250e+02,
       3.4920322895050049e+00, 8.6331573486328125e+01,
       2.3529449477791786e-02, 14681087, -1 ]
   - [ 2.8954284667968750e+02, 4.6575045776367188e+02,
       2.4262082576751709e+00, 8.7933135986328125e+01,
       1.6024565324187279e-02, 5047039, -1 ]
   - [ 2.8955987548828125e+02, 2.6320220947265625e+02,
       3.7043575286865234e+01, 8.3594177246093750e+01,
       1.4760838821530342e-02, 1638915, -1 ]
   - [ 2.9122036743164062e+02, 2.7899340820312500e+02,
       4.2858247756958008e+00, 8.7779235839843750e+01,
       1.5754749998450279e-02, 12779776, -1 ]
   - [ 3.0000738525390625e+02, 4.5139184570312500e+02,
       4.1611752510070801e+00, 8.6413513183593750e+01,
       1.5804203227162361e-02, 10617088, -1 ]
   - [ 3.0000738525390625e+02, 4.5139184570312500e+02,
       4.1611752510070801e+00, 1.3005905151367188e+02,
       1.5804203227162361e-02, 10617088, -1 ]
   - [ 3.0919085693359375e+02, 2.7894247436523438e+02,
       3.2428500652313232e+00, 8.9824676513671875e+01,
       1.7449660226702690e-02, 9307135, -1 ]
   - [ 3.1476663208007812e+02, 2.7940673828125000e+02,
       2.6846063137054443e+00, 9.0997589111328125e+01,
       1.4232966117560863e-02, 12387071, -1 ]
   - [ 3.1591644287109375e+02, 4.6986132812500000e+02,
       3.9025387763977051e+00, 9.2598632812500000e+01,
       1.5677802264690399e-02, 6029568, -1 ]
   - [ 3.2125820922851562e+02, 3.1750726318359375e+02,
       5.9441314697265625e+01, 2.6413012695312500e+02,
       5.3964477032423019e-02, 2425092, -1 ]
   - [ 3.2910098266601562e+02, 3.4914660644531250e+02,
       3.8032925128936768e+00, 2.6902258300781250e+02,
       2.3510174825787544e-02, 4129024, -1 ]
   - [ 3.3367886352539062e+02, 4.7546325683593750e+02,
       3.2379985809326172e+01, 1.0751742553710938e+02,
       3.8297932595014572e-02, 8651011, -1 ]
   - [ 3.3435314941406250e+02, 4.1557781982421875e+02,
       2.1886954307556152e+00, 1.7971025085449219e+02,
       2.3075021803379059e-02, 14287359, -1 ]
   - [ 3.3435314941406250e+02, 4.1557781982421875e+02,
       2.1886954307556152e+00, 3.1123522949218750e+02,
       2.3075021803379059e-02, 14287359, -1 ]
   - [ 3.4067156982421875e+02, 8.5952917480468750e+02,
       1.8370846509933472e+00, 3.2309417724609375e+01,
       1.6698120161890984e-02, 1638911, -1 ]
   - [ 3.4067156982421875e+02, 8.5952917480468750e+02,
       1.8370846509933472e+00, 3.5431231689453125e+02,
       1.6698120161890984e-02, 1638911, -1 ]
   - [ 3.4357333374023438e+02, 3.6044830322265625e+02,
       1.9743794202804565e+00, 6.0400268554687500e+01,
       1.5793869271874428e-02, 6881791, -1 ]
