%YAML:1.0
---
grayKeypoints:
   - [ 7.3003875732421875e+01, 6.9261718750000000e+02,
       2.4240369796752930e+00, 7.9480957031250000e+01,
       1.5522859990596771e-02, 4981503, -1 ]
   - [ 7.3003875732421875e+01, 6.9261718750000000e+02,
       2.4240369796752930e+00, 2.1793643188476562e+02,
       1.5522859990596771e-02, 4981503, -1 ]
   - [ 8.6187461853027344e+01, 7.8329010009765625e+02,
       3.3073563575744629e+00, 2.7060183715820312e+02,
       2.5254640728235245e-02, 10748927, -1 ]
   - [ 1.6053590393066406e+02, 5.8094372558593750e+02,
       2.5002684593200684e+00, 1.2493869018554688e+02,
       1.4888999983668327e-02, 7209727, -1 ]
   - [ 1.6053590393066406e+02, 5.8094372558593750e+02,
       2.5002684593200684e+00, 2.5726217651367188e+02,
       1.4888999983668327e-02, 7209727, -1 ]
   - [ 1.7487739562988281e+02, 7.6919348144531250e+02,
       2.8564083576202393e+00, 1.6346345520019531e+02,
       1.7391558736562729e-02, 132095, -1 ]
   - [ 1.7487739562988281e+02, 7.6919348144531250e+02,
       2.8564083576202393e+00, 3.3574438476562500e+02,
       1.7391558736562729e-02, 132095, -1 ]
   - [ 1.7582431030273438e+02, 7.7088623046875000e+02,
       5.0241999626159668e+00, 1.5228614807128906e+02,
       1.6798831522464752e-02, 7537152, -1 ]
   - [ 1.7582431030273438e+02, 7.7088623046875000e+02,
       5.0241999626159668e+00, 3.3200848388671875e+02,
       1.6798831522464752e-02, 7537152, -1 ]
   - [ 1.9511140441894531e+02, 8.4590350341796875e+02,
       2.7644546031951904e+00, 3.8004302978515625e+01,
       3.5342369228601456e-02, 14484223, -1 ]
   - [ 1.9511140441894531e+02, 8.4590350341796875e+02,
       2.7644546031951904e+00, 2.4120642089843750e+02,
       3.5342369228601456e-02, 14484223, -1 ]
   - [ 2.1183836364746094e+02, 2.6542199707031250e+02,
       2.0390017032623291e+00, 2.4066409301757812e+02,
       2.6423472911119461e-02, 9175551, -1 ]
   - [ 2.3012742614746094e+02, 5.9535760498046875e+02,
       1.9706529378890991e+00, 4.8327819824218750e+01,
       1.3751688413321972e-02, 6685183, -1 ]
   - [ 2.5346238708496094e+02, 2.1434176635742188e+02,
       2.0269253253936768e+00, 3.2337951660156250e+01,
       3.2503161579370499e-02, 8782335, -1 ]
   - [ 2.5346238708496094e+02, 2.1434176635742188e+02,
       2.0269253253936768e+00, 2.1951638793945312e+02,
       3.2503161579370499e-02, 8782335, -1 ]
   - [ 2.6101889038085938e+02, 6.7009208679199219e+01,
       5.5965547561645508e+00, 2.2617411804199219e+02,
       2.1441765129566193e-02, 15335936, -1 ]
   - [ 2.6196435546875000e+02, 8.3970306396484375e+01,
       5.5061497688293457e+00, 1.9829794311523438e+02,
       1.5477660112082958e-02, 14156288, -1 ]
   - [ 2.6272174072265625e+02, 5.1672657012939453e+01,
       5.8470048904418945e+00, 2.1473657226562500e+02,
       1.9977927207946777e-02, 1835776, -1 ]
   - [ 2.6565570068359375e+02, 7.4641990661621094e+01,
       5.7960638999938965e+00, 2.1955407714843750e+02,
       2.1364785730838776e-02, 1180416, -1 ]
   - [ 2.6633496093750000e+02, 5.8548023223876953e+01,
       5.1084818840026855e+00, 2.1717675781250000e+02,
       1.9746135920286179e-02, 8782336, -1 ]
   - [ 2.6780758666992188e+02, 9.1629234313964844e+01,
       5.1371545791625977e+00, 1.9196504211425781e+02,
       2.0201086997985840e-02, 9175552, -1 ]
   - [ 2.6861938476562500e+02, 6.4073890686035156e+01,
       4.3269739151000977e+00, 2.2736520385742188e+02,
       2.0341619849205017e-02, 13435136, -1 ]
   - [ 2.6986566162109375e+02, 3.4347778320312500e+01,
       6.1865081787109375e+00, 2.4751397705078125e+02,
       2.5514215230941772e-02, 5899008, -1 ]
   - [ 2.7129467773437500e+02, 9.4281097412109375e+01,
       2.3311388492584229e+00, 3.7629272460937500e+01,
       1.5336641110479832e-02, 2163455, -1 ]
   - [ 2.7447790527343750e+02, 7.4626823425292969e+01,
       1.3168726921081543e+01, 1.9075573730468750e+02,
       2.2708011791110039e-02, 10420993, -1 ]
   - [ 2.7447790527343750e+02, 7.4626823425292969e+01,
       1.3168726921081543e+01, 3.5512390136718750e+02,
       2.2708011791110039e-02, 10420993, -1 ]
   - [ 2.7493295288085938e+02, 4.8308963775634766e+01,
       4.2726073265075684e+00, 2.3130709838867188e+02,
       1.5956724062561989e-02, 12583168, -1 ]
   - [ 2.7613406372070312e+02, 1.0760396575927734e+02,
       2.3389418125152588e+00, 1.3931077575683594e+02,
       1.4201963320374489e-02, 2425599, -1 ]
   - [ 2.7684097290039062e+02, 1.0214195251464844e+02,
       6.8183169364929199e+00, 1.5860742187500000e+02,
       1.4474940486252308e-02, 12911360, -1 ]
   - [ 2.7827325439453125e+02, 5.3704677581787109e+01,
       2.8428590297698975e+00, 2.3239355468750000e+02,
       1.3921734876930714e-02, 16515839, -1 ]
   - [ 2.7841812133789062e+02, 1.0046109008789062e+02,
       3.2184092998504639e+00, 1.9186819458007812e+02,
       1.3628669083118439e-02, 8782847, -1 ]
   - [ 2.7964770507812500e+02, 2.1536949157714844e+01,
       6.4323592185974121e+00, 2.4731280517578125e+02,
       2.4896211922168732e-02, 8717056, -1 ]
   - [ 2.8065594482421875e+02, 4.9044452667236328e+01,
       1.5230944633483887e+01, 2.3304290771484375e+02,
       2.5922099128365517e-02, 4194562, -1 ]
   - [ 2.8230981445312500e+02, 2.9159955978393555e+01,
       4.7993330955505371e+00, 2.5105828857421875e+02,
       1.9495222717523575e-02, 4260352, -1 ]
   - [ 2.8518032836914062e+02, 6.3949665069580078e+01,
       4.8260765075683594e+00, 4.5270050048828125e+01,
       1.4662500470876694e-02, 4653568, -1 ]
   - [ 2.8518032836914062e+02, 6.3949665069580078e+01,
       4.8260765075683594e+00, 3.5606555175781250e+02,
       1.4662500470876694e-02, 4653568, -1 ]
   - [ 2.8791998291015625e+02, 1.1689215087890625e+02,
       6.8245391845703125e+00, 1.4370220947265625e+02,
       1.9615191966295242e-02, 12976896, -1 ]
   - [ 2.8910635375976562e+02, 9.2419921875000000e+01,
       3.3350903987884521e+00, 3.5419668579101562e+02,
       1.5354378148913383e-02, 11338751, -1 ]
   - [ 2.8923352050781250e+02, 1.1248736572265625e+02,
       1.2708539009094238e+01, 3.2061041259765625e+02,
       2.1322334185242653e-02, 7865089, -1 ]
   - [ 2.8929418945312500e+02, 1.1583093261718750e+02,
       1.8413361310958862e+00, 6.1010437011718750e+00,
       1.5574819408357143e-02, 1835519, -1 ]
   - [ 2.8976187133789062e+02, 2.4737997055053711e+01,
       4.2500991821289062e+00, 2.5787121582031250e+02,
       1.7834596335887909e-02, 12189952, -1 ]
   - [ 2.9258364868164062e+02, 1.9160129547119141e+01,
       4.6619505882263184e+00, 2.6278366088867188e+02,
       2.0392777398228645e-02, 2163200, -1 ]
   - [ 2.9461682128906250e+02, 4.5940086364746094e+01,
       7.5506258010864258e+00, 1.2065490722656250e+01,
       1.5733798965811729e-02, 3604737, -1 ]
   - [ 2.9936511230468750e+02, 1.0266802215576172e+02,
       6.2458419799804688e+00, 3.1841336059570312e+02,
       1.6314830631017685e-02, 6619904, -1 ]
   - [ 3.0032684326171875e+02, 4.7330832481384277e+00,
       3.8083646297454834e+00, 5.6794860839843750e+01,
       1.6545413061976433e-02, 4260096, -1 ]
   - [ 3.0134600830078125e+02, 1.2509320068359375e+02,
       5.3865242004394531e+00, 1.2076240539550781e+02,
       1.7032057046890259e-02, 12583424, -1 ]
   - [ 3.0520556640625000e+02, 1.0090176582336426e+01,
       4.0094923973083496e+00, 2.6468103027343750e+02,
       1.5316871926188469e-02, 7930112, -1 ]
   - [ 3.0659603881835938e+02, 1.5852202415466309e+01,
       4.1091570854187012e+00, 2.5979055786132812e+02,
       2.3264335468411446e-02, 9699584, -1 ]
   - [ 3.0793576049804688e+02, 2.5524734497070312e+01,
       7.5033631324768066e+00, 6.2529357910156250e+01,
       2.7486754581332207e-02, 3145985, -1 ]
   - [ 3.0793576049804688e+02, 2.5524734497070312e+01,
       7.5033631324768066e+00, 2.4916168212890625e+02,
       2.7486754581332207e-02, 3145985, -1 ]
   - [ 3.1260989379882812e+02, 1.1554898834228516e+02,
       5.5898776054382324e+00, 2.2414283752441406e+02,
       2.2543417289853096e-02, 15270400, -1 ]
