%YAML:1.0
---
grayKeypoints:
   - [ 8.9950302124023438e+01, 8.0478198242187500e+02,
       1.9242107868194580e+00, 2.0831158447265625e+02,
       1.4032326638698578e-02, 4981247, -1 ]
   - [ 1.4394477844238281e+02, 6.3504473876953125e+02,
       2.0602307319641113e+00, 2.6409216308593750e+02,
       2.7056623250246048e-02, 9961983, -1 ]
   - [ 1.4545974731445312e+02, 6.3750830078125000e+02,
       1.9987801313400269e+00, 2.6104272460937500e+02,
       1.3680001720786095e-02, 7733759, -1 ]
   - [ 1.5668099975585938e+02, 6.3664099121093750e+02,
       1.9991019964218140e+00, 2.6148892211914062e+02,
       1.4883366413414478e-02, 7733759, -1 ]
   - [ 2.9352676391601562e+02, 3.4359762573242188e+02,
       2.4041173458099365e+00, 6.1902038574218750e+01,
       1.5616063028573990e-02, 4391679, -1 ]
   - [ 3.0675161743164062e+02, 3.7184588623046875e+02,
       3.3389661312103271e+00, 2.6491928100585938e+02,
       1.7616385594010353e-02, 11404287, -1 ]
   - [ 3.0675161743164062e+02, 3.7184588623046875e+02,
       3.3389661312103271e+00, 2.9702627563476562e+02,
       1.7616385594010353e-02, 11404287, -1 ]
   - [ 3.0777914428710938e+02, 3.5570755004882812e+02,
       8.9964618682861328e+00, 7.9538513183593750e+01,
       3.8108188658952713e-02, 16253185, -1 ]
   - [ 3.0800805664062500e+02, 3.3910461425781250e+02,
       1.9038323163986206e+00, 8.5196563720703125e+01,
       1.4456727541983128e-02, 4194815, -1 ]
   - [ 3.0910055541992188e+02, 3.6407940673828125e+02,
       4.7361116409301758e+00, 8.8628417968750000e+01,
       1.8184587359428406e-02, 3277312, -1 ]
   - [ 3.0955303955078125e+02, 3.4584539794921875e+02,
       1.8690308332443237e+00, 2.7016119384765625e+02,
       1.5522198751568794e-02, 2884095, -1 ]
   - [ 3.1408935546875000e+02, 3.4005963134765625e+02,
       3.3446304798126221e+00, 8.8057159423828125e+01,
       1.8810454756021500e-02, 11535359, -1 ]
   - [ 3.1771865844726562e+02, 3.4394113159179688e+02,
       9.8778820037841797e+00, 9.2458923339843750e+01,
       2.2967671975493431e-02, 6291969, -1 ]
   - [ 3.1813195800781250e+02, 3.7746005249023438e+02,
       1.8047565221786499e+00, 2.7289944458007812e+02,
       2.4367898702621460e-02, 328191, -1 ]
   - [ 3.1966738891601562e+02, 3.5626907348632812e+02,
       1.9740015268325806e+00, 1.3446960449218750e+01,
       1.3627288863062859e-02, 6816255, -1 ]
   - [ 3.1981811523437500e+02, 3.9265945434570312e+02,
       1.9209207534790039e+01, 3.0111682128906250e+02,
       2.6612322777509689e-02, 4325890, -1 ]
   - [ 3.2559811401367188e+02, 3.3328195190429688e+02,
       8.6498174667358398e+00, 9.7634826660156250e+01,
       1.7301144078373909e-02, 13435137, -1 ]
   - [ 3.2601123046875000e+02, 3.8609973144531250e+02,
       2.5677428245544434e+00, 3.0527035522460938e+02,
       1.4851810410618782e-02, 9175807, -1 ]
   - [ 3.2663015747070312e+02, 1.2561489868164062e+02,
       2.3887004852294922e+00, 1.8375027465820312e+02,
       2.9400696977972984e-02, 3932927, -1 ]
   - [ 3.2663015747070312e+02, 1.2561489868164062e+02,
       2.3887004852294922e+00, 3.5682354736328125e+02,
       2.9400696977972984e-02, 3932927, -1 ]
   - [ 3.3334298706054688e+02, 3.9116894531250000e+02,
       2.3251426219940186e+00, 3.3445748901367188e+02,
       2.1520825102925301e-02, 1966847, -1 ]
   - [ 3.3418017578125000e+02, 4.1059524536132812e+02,
       3.1446270942687988e+00, 3.4720761108398438e+02,
       1.5154758468270302e-02, 7078911, -1 ]
   - [ 3.3527789306640625e+02, 4.0295776367187500e+02,
       2.7571065425872803e+00, 2.3761016845703125e+01,
       1.6114104539155960e-02, 14287615, -1 ]
   - [ 3.3527789306640625e+02, 4.0295776367187500e+02,
       2.7571065425872803e+00, 3.3525177001953125e+02,
       1.6114104539155960e-02, 14287615, -1 ]
   - [ 3.3766299438476562e+02, 4.0090750122070312e+02,
       2.1113126277923584e+00, 3.3223858642578125e+02,
       1.4991574920713902e-02, 11731455, -1 ]
   - [ 3.3800708007812500e+02, 1.7707846069335938e+02,
       3.1555285453796387e+00, 3.1229522705078125e+01,
       1.4595167711377144e-02, 7341055, -1 ]
   - [ 3.3898159790039062e+02, 4.1006546020507812e+02,
       4.9467453956604004e+00, 3.4240136718750000e+02,
       2.2272523492574692e-02, 6423040, -1 ]
   - [ 3.4442947387695312e+02, 3.2443054199218750e+02,
       3.3476200103759766e+00, 1.9994619750976562e+02,
       1.3558979146182537e-02, 11600895, -1 ]
   - [ 3.4442947387695312e+02, 3.2443054199218750e+02,
       3.3476200103759766e+00, 3.5107891845703125e+02,
       1.3558979146182537e-02, 11600895, -1 ]
   - [ 3.4714770507812500e+02, 4.2240145874023438e+02,
       1.9943898916244507e+00, 2.9677770996093750e+02,
       1.9938152283430099e-02, 7602687, -1 ]
   - [ 3.4817623901367188e+02, 3.3952111816406250e+02,
       1.0938086509704590e+01, 1.1199810791015625e+02,
       1.4553902670741081e-02, 13697537, -1 ]
   - [ 3.5152371215820312e+02, 4.0154864501953125e+02,
       2.0285117626190186e+00, 2.7483255004882812e+02,
       1.5568342991173267e-02, 8782335, -1 ]
   - [ 3.5239913940429688e+02, 3.5946807861328125e+02,
       3.0219011306762695e+00, 7.2936157226562500e+01,
       2.1908355876803398e-02, 4195327, -1 ]
   - [ 3.5272149658203125e+02, 4.0507080078125000e+02,
       4.2562351226806641e+00, 2.7868859863281250e+02,
       2.1571503952145576e-02, 12255488, -1 ]
   - [ 3.5317245483398438e+02, 3.0117858886718750e+02,
       3.8932063579559326e+00, 3.0400115966796875e+01,
       1.4987387694418430e-02, 5832960, -1 ]
   - [ 3.5407897949218750e+02, 4.1794128417968750e+02,
       2.9040908813476562e+00, 2.8099987792968750e+02,
       2.1749405190348625e-02, 1311743, -1 ]
   - [ 3.6123843383789062e+02, 3.8445986938476562e+02,
       3.8824306488037109e+01, 2.9010171508789062e+02,
       3.0054822564125061e-02, 5046787, -1 ]
   - [ 3.6138317871093750e+02, 4.1980181884765625e+02,
       5.2776675224304199e+00, 2.7311383056640625e+02,
       1.6950396820902824e-02, 11141632, -1 ]
   - [ 3.6285394287109375e+02, 3.0211807250976562e+02,
       5.0767374038696289e+00, 2.9217587280273438e+02,
       1.8493866547942162e-02, 8323584, -1 ]
   - [ 3.6558975219726562e+02, 3.4820925903320312e+02,
       4.9259796142578125e+00, 1.3536842346191406e+02,
       2.0192131400108337e-02, 6160896, -1 ]
   - [ 3.6558975219726562e+02, 3.4820925903320312e+02,
       4.9259796142578125e+00, 2.9070800781250000e+02,
       2.0192131400108337e-02, 6160896, -1 ]
   - [ 3.6700906372070312e+02, 3.0207385253906250e+02,
       1.4670758247375488e+01, 9.7653991699218750e+01,
       2.1307740360498428e-02, 1507586, -1 ]
   - [ 3.6730358886718750e+02, 4.0693194580078125e+02,
       4.9175353050231934e+00, 2.7690466308593750e+02,
       2.0855762064456940e-02, 6029824, -1 ]
   - [ 3.6909542846679688e+02, 3.0311511230468750e+02,
       3.9305846691131592e+00, 1.1022468566894531e+02,
       1.4858469367027283e-02, 6488320, -1 ]
   - [ 3.6921072387695312e+02, 4.6369702148437500e+02,
       3.3529064655303955e+00, 7.2849243164062500e+01,
       3.9161756634712219e-02, 11731967, -1 ]
   - [ 3.6921072387695312e+02, 4.6369702148437500e+02,
       3.3529064655303955e+00, 3.4465338134765625e+02,
       3.9161756634712219e-02, 11731967, -1 ]
   - [ 3.6953509521484375e+02, 4.1256979370117188e+02,
       3.3240075111389160e+00, 8.8919433593750000e+01,
       1.3472580350935459e-02, 11076607, -1 ]
   - [ 3.7101449584960938e+02, 3.6010641479492188e+02,
       2.2146928310394287e+00, 1.1036669921875000e+02,
       1.4737742021679878e-02, 15139327, -1 ]
   - [ 3.7101449584960938e+02, 3.6010641479492188e+02,
       2.2146928310394287e+00, 2.4962216186523438e+02,
       1.4737742021679878e-02, 15139327, -1 ]
   - [ 3.7112283325195312e+02, 3.5149606323242188e+02,
       9.8994617462158203e+00, 1.4669555664062500e+02,
       1.7245428636670113e-02, 6488577, -1 ]
   - [ 3.7565567016601562e+02, 4.1640524291992188e+02,
       1.8357685804367065e+00, 9.9241516113281250e+01,
       2.4394966661930084e-02, 1573375, -1 ]
