%YAML:1.0
---
grayKeypoints:
   - [ 7.2057290077209473e+00, 8.4067254638671875e+02,
       5.2494215965270996e+00, 6.7068481445312500e+01,
       2.3122841492295265e-02, 10748416, -1 ]
   - [ 1.9631137847900391e+01, 8.3318084716796875e+02,
       2.0164649486541748e+00, 8.3496368408203125e+01,
       2.1229900419712067e-02, 8389119, -1 ]
   - [ 2.4781381607055664e+01, 8.2919384765625000e+02,
       4.1733779907226562e+00, 9.0350250244140625e+01,
       2.5438822805881500e-02, 10879232, -1 ]
   - [ 2.5566011428833008e+01, 8.3288665771484375e+02,
       2.3396794795989990e+00, 8.7550811767578125e+01,
       1.8246496096253395e-02, 2425599, -1 ]
   - [ 3.1207572937011719e+01, 8.9428329467773438e+01,
       1.8951914310455322e+00, 2.8105224609375000e+02,
       4.0669079869985580e-02, 3867135, -1 ]
   - [ 4.6750259399414062e+01, 8.3184552001953125e+02,
       4.4940338134765625e+00, 1.1080966186523438e+02,
       2.4077579379081726e-02, 16187648, -1 ]
   - [ 5.2166797637939453e+01, 8.4001330566406250e+02,
       3.9794754981994629e+00, 1.2083741760253906e+02,
       2.2792605683207512e-02, 7405824, -1 ]
   - [ 5.9394527435302734e+01, 8.3992572021484375e+02,
       2.2641487121582031e+00, 1.2951460266113281e+02,
       1.9652226939797401e-02, 66303, -1 ]
   - [ 6.0133602142333984e+01, 8.4615563964843750e+02,
       4.9837203025817871e+00, 1.3136650085449219e+02,
       1.8872210755944252e-02, 6947328, -1 ]
   - [ 7.4465209960937500e+01, 8.5255999755859375e+02,
       5.8222308158874512e+00, 1.4706510925292969e+02,
       2.4974407628178596e-02, 1508096, -1 ]
   - [ 2.4203161621093750e+02, 6.6913659667968750e+02,
       2.2485015392303467e+00, 2.5730255126953125e+02,
       2.5052694603800774e-02, 16253439, -1 ]
   - [ 2.4538063049316406e+02, 6.7094732666015625e+02,
       1.8799326419830322e+00, 2.5796948242187500e+02,
       1.5762396156787872e-02, 3277311, -1 ]
   - [ 3.4656808471679688e+02, 4.4078454589843750e+02,
       9.7727422714233398e+00, 3.1409613037109375e+02,
       1.3821047730743885e-02, 5571073, -1 ]
   - [ 3.4779672241210938e+02, 4.3198062133789062e+02,
       3.9840564727783203e+00, 3.5332824707031250e+02,
       1.5031828545033932e-02, 7471360, -1 ]
   - [ 3.5737826538085938e+02, 4.3256402587890625e+02,
       1.0689271926879883e+01, 3.0701171875000000e+02,
       3.2842330634593964e-02, 12059137, -1 ]
   - [ 3.6231329345703125e+02, 4.4342111206054688e+02,
       3.4214119911193848e+00, 2.8759173583984375e+02,
       1.6872638836503029e-02, 13173759, -1 ]
   - [ 3.7043750000000000e+02, 4.4384857177734375e+02,
       2.6986248493194580e+00, 2.6275668334960938e+02,
       1.9382309168577194e-02, 12714751, -1 ]
   - [ 3.7043750000000000e+02, 4.4384857177734375e+02,
       2.6986248493194580e+00, 2.9575906372070312e+02,
       1.9382309168577194e-02, 12714751, -1 ]
   - [ 3.7471493530273438e+02, 4.1806765747070312e+02,
       2.3628578186035156e+00, 8.8029663085937500e+01,
       2.1029409021139145e-02, 3146495, -1 ]
   - [ 3.7745388793945312e+02, 4.4887149047851562e+02,
       2.0997626781463623e+00, 2.9112854003906250e+02,
       2.7392929419875145e-02, 11272703, -1 ]
   - [ 3.7766668701171875e+02, 4.2109878540039062e+02,
       7.8534865379333496e+00, 9.2766235351562500e+01,
       2.3713376373052597e-02, 6422785, -1 ]
   - [ 3.8322024536132812e+02, 4.6158660888671875e+02,
       1.5961247444152832e+01, 3.0020004272460938e+02,
       2.7311736717820168e-02, 7602434, -1 ]
   - [ 3.8524755859375000e+02, 4.1294985961914062e+02,
       6.0916814804077148e+00, 9.7514648437500000e+01,
       2.1616270765662193e-02, 4784896, -1 ]
   - [ 3.9321990966796875e+02, 4.3719351196289062e+02,
       2.7878046035766602e+01, 2.9904632568359375e+02,
       3.0429765582084656e-02, 14549762, -1 ]
   - [ 3.9491952514648438e+02, 4.7904360961914062e+02,
       4.8003077507019043e+00, 3.2208215332031250e+02,
       1.4503654092550278e-02, 4260352, -1 ]
   - [ 3.9622012329101562e+02, 4.0413095092773438e+02,
       3.0659193992614746e+00, 2.2068206787109375e+01,
       1.4283765107393265e-02, 5243903, -1 ]
   - [ 3.9934115600585938e+02, 4.7472711181640625e+02,
       5.2818121910095215e+00, 3.2616452026367188e+02,
       2.4492040276527405e-02, 11207168, -1 ]
   - [ 4.0059701538085938e+02, 4.0478747558593750e+02,
       3.1305873394012451e+00, 1.9253858947753906e+02,
       1.4898937195539474e-02, 6751231, -1 ]
   - [ 4.0059701538085938e+02, 4.0478747558593750e+02,
       3.1305873394012451e+00, 3.5061804199218750e+02,
       1.4898937195539474e-02, 6751231, -1 ]
   - [ 4.0132308959960938e+02, 4.7622927856445312e+02,
       6.3892488479614258e+00, 3.1380978393554688e+02,
       2.4828903377056122e-02, 8258304, -1 ]
   - [ 4.0367559814453125e+02, 4.1641662597656250e+02,
       8.9043989181518555e+00, 1.1068524169921875e+02,
       1.4204026199877262e-02, 15532289, -1 ]
   - [ 4.0685418701171875e+02, 3.8562261962890625e+02,
       2.5128569602966309e+00, 3.0958709716796875e+01,
       1.4706389047205448e-02, 7602943, -1 ]
   - [ 4.1002386474609375e+02, 4.6792742919921875e+02,
       2.0962371826171875e+00, 2.7417434692382812e+02,
       2.1441904827952385e-02, 11207167, -1 ]
   - [ 4.1008474731445312e+02, 4.7891516113281250e+02,
       2.3745357990264893e+00, 2.7757318115234375e+02,
       2.2875962778925896e-02, 3474175, -1 ]
   - [ 4.1273370361328125e+02, 4.6562780761718750e+02,
       1.9831898212432861e+00, 2.7526742553710938e+02,
       1.4379046857357025e-02, 7143935, -1 ]
   - [ 4.1408590698242188e+02, 4.6797351074218750e+02,
       2.0208191871643066e+00, 2.7426541137695312e+02,
       1.5385543927550316e-02, 8520191, -1 ]
   - [ 4.1424398803710938e+02, 3.8628234863281250e+02,
       3.2156112194061279e+00, 2.8764718627929688e+02,
       1.8838504329323769e-02, 8717311, -1 ]
   - [ 4.1650201416015625e+02, 4.7984561157226562e+02,
       3.1669816970825195e+00, 2.6826779174804688e+02,
       1.4129596762359142e-02, 7603199, -1 ]
   - [ 4.1711999511718750e+02, 4.2260772705078125e+02,
       3.9385077953338623e+00, 1.3110983276367188e+02,
       2.0433641970157623e-02, 6684928, -1 ]
   - [ 4.2118704223632812e+02, 4.6969897460937500e+02,
       4.0902819633483887e+00, 2.7102832031250000e+02,
       1.9834453240036964e-02, 9371904, -1 ]
   - [ 4.2137603759765625e+02, 4.7697933959960938e+02,
       1.8009132146835327e+00, 2.6715411376953125e+02,
       1.8492901697754860e-02, 197119, -1 ]
   - [ 4.2253228759765625e+02, 4.3216876220703125e+02,
       1.9532995223999023e+00, 1.0956077575683594e+02,
       1.7171261832118034e-02, 6095359, -1 ]
   - [ 4.2253228759765625e+02, 4.3216876220703125e+02,
       1.9532995223999023e+00, 2.3034468078613281e+02,
       1.7171261832118034e-02, 6095359, -1 ]
   - [ 4.2272311401367188e+02, 4.7401153564453125e+02,
       2.5871884822845459e+00, 8.4860778808593750e+01,
       1.4020519331097603e-02, 9700095, -1 ]
   - [ 4.2341720581054688e+02, 4.2566513061523438e+02,
       7.8846220970153809e+00, 1.4443151855468750e+02,
       1.7990320920944214e-02, 6750465, -1 ]
   - [ 4.2617224121093750e+02, 4.8002932739257812e+02,
       2.9843366146087646e+00, 2.7172833251953125e+02,
       1.4026895165443420e-02, 3277823, -1 ]
   - [ 4.2759204101562500e+02, 3.9411450195312500e+02,
       4.2656569480895996e+00, 2.6764227294921875e+02,
       1.3857281766831875e-02, 12452096, -1 ]
   - [ 4.2769317626953125e+02, 5.2322692871093750e+02,
       2.5494322776794434e+00, 6.8765808105468750e+01,
       4.3322201818227768e-02, 8651519, -1 ]
   - [ 4.2769317626953125e+02, 5.2322692871093750e+02,
       2.5494322776794434e+00, 3.4323202514648438e+02,
       4.3322201818227768e-02, 8651519, -1 ]
   - [ 4.2919927978515625e+02, 4.2472848510742188e+02,
       2.1745135784149170e+00, 2.7597317504882812e+02,
       2.8140258044004440e-02, 13828607, -1 ]
   - [ 4.2920571899414062e+02, 4.7413604736328125e+02,
       2.4633264541625977e+00, 9.7050445556640625e+01,
       1.6199007630348206e-02, 6161151, -1 ]
