%YAML:1.0
---
grayKeypoints:
   - [ 8.1795473098754883e+00, 6.3963172912597656e+01,
       1.8880786895751953e+00, 3.3379705810546875e+02,
       1.3848052360117435e-02, 3604991, -1 ]
   - [ 1.0497573089599609e+02, 7.1919537353515625e+02,
       1.1802912712097168e+01, 1.5885163879394531e+02,
       1.5182532370090485e-02, 2491137, -1 ]
   - [ 1.1352890014648438e+02, 7.3829339599609375e+02,
       1.1196009635925293e+01, 1.5071508789062500e+02,
       1.3553850352764130e-02, 15401473, -1 ]
   - [ 1.2007142639160156e+02, 7.0890167236328125e+02,
       1.9780109405517578e+01, 1.5986108398437500e+02,
       3.4940160810947418e-02, 6423042, -1 ]
   - [ 1.2007142639160156e+02, 7.0890167236328125e+02,
       1.9780109405517578e+01, 3.3680117797851562e+02,
       3.4940160810947418e-02, 6423042, -1 ]
   - [ 1.3887478637695312e+02, 1.6264263916015625e+03,
       2.3946106433868408e+00, 1.2147952270507812e+02,
       1.7456654459238052e-02, 4129535, -1 ]
   - [ 1.4803602600097656e+02, 7.2140570068359375e+02,
       1.5252789497375488e+01, 3.4105377197265625e+02,
       1.7661511898040771e-02, 4325634, -1 ]
   - [ 1.8784098815917969e+02, 1.5768416748046875e+03,
       5.3468503952026367e+00, 1.1827226257324219e+02,
       3.5832073539495468e-02, 12059136, -1 ]
   - [ 3.8061770629882812e+02, 1.1005885009765625e+03,
       5.0858144760131836e+00, 2.8146670532226562e+02,
       1.5597526915371418e-02, 8454656, -1 ]
   - [ 3.8234469604492188e+02, 1.6808577880859375e+03,
       1.6062597274780273e+01, 1.7974853515625000e+00,
       2.7370860800147057e-02, 8061186, -1 ]
   - [ 3.8234469604492188e+02, 1.6808577880859375e+03,
       1.6062597274780273e+01, 2.0688745117187500e+02,
       2.7370860800147057e-02, 8061186, -1 ]
   - [ 3.9079220581054688e+02, 1.6386469726562500e+03,
       9.4798250198364258e+00, 2.4192749023437500e+01,
       1.6092509031295776e-02, 3342849, -1 ]
   - [ 4.0102270507812500e+02, 1.6336137695312500e+03,
       6.6277184486389160e+00, 8.8757324218750000e-01,
       2.0623674616217613e-02, 10879744, -1 ]
   - [ 4.0102270507812500e+02, 1.6336137695312500e+03,
       6.6277184486389160e+00, 1.4149591064453125e+02,
       2.0623674616217613e-02, 10879744, -1 ]
   - [ 4.1699734497070312e+02, 1.6926022949218750e+03,
       2.7446851730346680e+01, 2.2021775817871094e+02,
       1.4429378323256969e-02, 13370114, -1 ]
   - [ 4.2333599853515625e+02, 1.6041811523437500e+03,
       2.5057826995849609e+01, 1.9667298889160156e+02,
       2.3504678159952164e-02, 6816514, -1 ]
   - [ 4.3947137451171875e+02, 6.0042620849609375e+02,
       9.7918958663940430e+00, 5.2589385986328125e+01,
       3.0693184584379196e-02, 5702145, -1 ]
   - [ 4.5073028564453125e+02, 5.8919995117187500e+02,
       8.2422971725463867e+00, 5.1075469970703125e+01,
       1.5506885945796967e-02, 9961729, -1 ]
   - [ 4.5104382324218750e+02, 1.6549655761718750e+03,
       8.9229383468627930e+00, 7.8502166748046875e+01,
       1.6038170084357262e-02, 15663361, -1 ]
   - [ 4.5104382324218750e+02, 1.6549655761718750e+03,
       8.9229383468627930e+00, 2.7568344116210938e+02,
       1.6038170084357262e-02, 15663361, -1 ]
   - [ 4.5162289428710938e+02, 1.5194299316406250e+03,
       9.8214483261108398e+00, 1.9837255859375000e+02,
       1.4786140061914921e-02, 5898753, -1 ]
   - [ 4.5272183227539062e+02, 6.0232617187500000e+02,
       7.6801409721374512e+00, 2.0543638610839844e+02,
       1.5565315261483192e-02, 4849921, -1 ]
   - [ 4.5547625732421875e+02, 1.6882384033203125e+03,
       9.8454656600952148e+00, 3.0377923583984375e+02,
       1.4329145662486553e-02, 6095361, -1 ]
   - [ 4.5948532104492188e+02, 1.7018210449218750e+03,
       9.8045368194580078e+00, 2.8015136718750000e+00,
       1.9612770527601242e-02, 5767681, -1 ]
   - [ 4.5948532104492188e+02, 1.7018210449218750e+03,
       9.8045368194580078e+00, 3.0575772094726562e+02,
       1.9612770527601242e-02, 5767681, -1 ]
   - [ 4.6247308349609375e+02, 1.6684134521484375e+03,
       1.2979329109191895e+01, 7.8064605712890625e+01,
       1.7702000215649605e-02, 9372417, -1 ]
   - [ 4.6247308349609375e+02, 1.6684134521484375e+03,
       1.2979329109191895e+01, 2.8769641113281250e+02,
       1.7702000215649605e-02, 9372417, -1 ]
   - [ 4.6812860107421875e+02, 5.7781378173828125e+02,
       1.0693084716796875e+01, 5.4559448242187500e+01,
       1.8644742667675018e-02, 12059137, -1 ]
   - [ 4.7911718750000000e+02, 1.4768305664062500e+03,
       1.5848498344421387e+01, 1.9488482666015625e+02,
       1.4879571273922920e-02, 7078146, -1 ]
   - [ 4.7980307006835938e+02, 1.6987292480468750e+03,
       2.1723735809326172e+01, 1.2739990234375000e+01,
       1.3417818583548069e-02, 13173250, -1 ]
   - [ 4.8482962036132812e+02, 1.0496195068359375e+03,
       4.5836887359619141e+00, 1.2324571228027344e+02,
       1.5729604288935661e-02, 918016, -1 ]
   - [ 4.8482962036132812e+02, 1.0496195068359375e+03,
       4.5836887359619141e+00, 2.9161053466796875e+02,
       1.5729604288935661e-02, 918016, -1 ]
   - [ 4.8525753784179688e+02, 1.6695477294921875e+03,
       1.0412578582763672e+01, 2.9149865722656250e+02,
       1.4924828894436359e-02, 10158593, -1 ]
   - [ 4.8648339843750000e+02, 1.5845418701171875e+03,
       1.7853569030761719e+01, 1.9630065917968750e+02,
       2.4015028029680252e-02, 15728898, -1 ]
   - [ 4.8673373413085938e+02, 5.6460974121093750e+02,
       8.2295989990234375e+00, 5.6119354248046875e+01,
       2.1076446399092674e-02, 9830657, -1 ]
   - [ 4.8747064208984375e+02, 1.6003905029296875e+03,
       7.0429167747497559e+00, 5.8516510009765625e+01,
       1.7695292830467224e-02, 15270656, -1 ]
   - [ 5.0428439331054688e+02, 1.5753743896484375e+03,
       6.4396715164184570e+00, 2.1158477783203125e+01,
       1.3729608617722988e-02, 8782592, -1 ]
   - [ 5.0491326904296875e+02, 1.6606934814453125e+03,
       1.6477750778198242e+01, 1.9160371398925781e+02,
       2.0089529454708099e-02, 9896194, -1 ]
   - [ 5.0833370971679688e+02, 6.3504510498046875e+02,
       1.9139126539230347e+00, 2.8062487792968750e+02,
       1.3816292397677898e-02, 4588031, -1 ]
   - [ 5.0880477905273438e+02, 5.4286315917968750e+02,
       6.8292822837829590e+00, 6.6108917236328125e+01,
       1.5832750126719475e-02, 13042432, -1 ]
   - [ 5.0983505249023438e+02, 1.6359211425781250e+03,
       1.1966662406921387e+01, 9.7123535156250000e+01,
       1.5397267416119576e-02, 3474177, -1 ]
   - [ 5.1178271484375000e+02, 6.3953649902343750e+02,
       8.7300634384155273e+00, 2.7989349365234375e+02,
       1.5314163640141487e-02, 14090497, -1 ]
   - [ 5.1505175781250000e+02, 1.6219306640625000e+03,
       1.0831659317016602e+01, 9.7050628662109375e+01,
       1.3736716471612453e-02, 12976641, -1 ]
   - [ 5.2332537841796875e+02, 6.3911596679687500e+02,
       6.4207429885864258e+00, 2.8075000000000000e+02,
       1.5411864966154099e-02, 8585984, -1 ]
   - [ 5.2686285400390625e+02, 1.5696563720703125e+03,
       6.1858530044555664e+00, 1.0352056884765625e+02,
       2.2567251697182655e-02, 5899008, -1 ]
   - [ 5.3014123535156250e+02, 6.3858557128906250e+02,
       3.2639248371124268e+00, 2.8091506958007812e+02,
       1.5308123081922531e-02, 9765887, -1 ]
   - [ 5.3860321044921875e+02, 1.6541444091796875e+03,
       1.4298300743103027e+01, 2.3184841918945312e+02,
       3.6649256944656372e-02, 16384769, -1 ]
   - [ 5.4916461181640625e+02, 1.5432496337890625e+03,
       5.0390186309814453e+00, 3.1288708496093750e+02,
       1.4049780555069447e-02, 7799296, -1 ]
   - [ 5.5313116455078125e+02, 5.3649279785156250e+02,
       8.1513328552246094e+00, 7.0262390136718750e+01,
       2.6426721364259720e-02, 9109761, -1 ]
   - [ 5.5340130615234375e+02, 1.6083553466796875e+03,
       1.0468864440917969e+01, 1.5896476745605469e+02,
       2.4721669033169746e-02, 10551809, -1 ]
   - [ 5.5985791015625000e+02, 1.4306071777343750e+03,
       1.4957336425781250e+01, 6.8451690673828125e+01,
       1.5256221406161785e-02, 2883842, -1 ]
