%YAML:1.0
---
grayKeypoints:
   - [ 5.2348752021789551e+00, 2.3195378112792969e+02,
       4.3481583595275879e+00, 2.4023425292968750e+02,
       1.6244545578956604e-02, 13828352, -1 ]
   - [ 7.0930552482604980e+00, 2.3127990722656250e+02,
       5.7667045593261719e+00, 2.4123684692382812e+02,
       1.6163948923349380e-02, 852736, -1 ]
   - [ 1.5423256874084473e+01, 2.2313015747070312e+02,
       3.1944806575775146e+00, 2.3128713989257812e+02,
       1.5005428344011307e-02, 8258559, -1 ]
   - [ 2.1995807647705078e+01, 2.1764234924316406e+02,
       2.7284796237945557e+00, 2.3257112121582031e+02,
       1.4482163824141026e-02, 13566719, -1 ]
   - [ 2.4844308853149414e+01, 1.3566534423828125e+03,
       1.8939746618270874e+00, 2.7981448364257812e+02,
       1.3355145230889320e-02, 3867135, -1 ]
   - [ 2.8515613555908203e+01, 2.1718504333496094e+02,
       9.1235609054565430e+00, 2.3120608520507812e+02,
       1.7991507425904274e-02, 590337, -1 ]
   - [ 4.6033916473388672e+01, 1.1387216949462891e+02,
       6.7504916191101074e+00, 5.3808776855468750e+01,
       1.4211532659828663e-02, 12190464, -1 ]
   - [ 4.9681041717529297e+01, 1.9780763244628906e+02,
       2.8152446746826172e+00, 2.3321243286132812e+02,
       1.4979965984821320e-02, 15794943, -1 ]
   - [ 6.2871982574462891e+01, 1.0402223968505859e+02,
       4.0379447937011719e+00, 5.6299774169921875e+01,
       1.3601338490843773e-02, 8454400, -1 ]
   - [ 6.4784599304199219e+01, 5.4662902832031250e+02,
       2.1327731609344482e+00, 1.4407473754882812e+02,
       1.4001807197928429e-02, 12452351, -1 ]
   - [ 6.4784599304199219e+01, 5.4662902832031250e+02,
       2.1327731609344482e+00, 3.2181976318359375e+02,
       1.4001807197928429e-02, 12452351, -1 ]
   - [ 7.2992042541503906e+01, 1.4885550537109375e+03,
       1.8879289627075195e+00, 3.1191198730468750e+02,
       1.3509770855307579e-02, 3604991, -1 ]
   - [ 7.6901229858398438e+01, 1.8124057006835938e+02,
       9.4900274276733398e+00, 2.3074114990234375e+02,
       1.7785374075174332e-02, 3408385, -1 ]
   - [ 1.0045927429199219e+02, 1.8091683959960938e+02,
       3.3171421051025391e+01, 2.3231834411621094e+02,
       1.9761513918638229e-02, 10354947, -1 ]
   - [ 1.0914735412597656e+02, 1.5504658508300781e+02,
       5.4456820487976074e+00, 2.3385095214843750e+02,
       1.6306750476360321e-02, 13369856, -1 ]
   - [ 1.1207557678222656e+02, 7.0681983947753906e+01,
       3.0235848426818848e+00, 5.0826477050781250e+01,
       1.3388239778578281e-02, 4260863, -1 ]
   - [ 1.2777749633789062e+02, 1.4126960754394531e+02,
       4.8604774475097656e+00, 2.3218118286132812e+02,
       1.6411934047937393e-02, 5177856, -1 ]
   - [ 1.3025721740722656e+02, 1.3787817382812500e+02,
       3.4639790058135986e+00, 2.3503881835937500e+02,
       1.4812704175710678e-02, 14091263, -1 ]
   - [ 1.3230607604980469e+02, 5.7156890869140625e+01,
       2.0973746776580811e+00, 5.4390930175781250e+01,
       1.3787424191832542e-02, 11207167, -1 ]
   - [ 1.4115795898437500e+02, 1.3656222534179688e+02,
       1.1703809738159180e+01, 2.3102615356445312e+02,
       1.7089009284973145e-02, 1901313, -1 ]
   - [ 1.4245297241210938e+02, 1.2923695373535156e+02,
       2.5204186439514160e+00, 2.3202830505371094e+02,
       1.4640397392213345e-02, 7799551, -1 ]
   - [ 1.4891825866699219e+02, 1.2443230438232422e+02,
       4.3052949905395508e+00, 2.3310638427734375e+02,
       1.4203895814716816e-02, 13107456, -1 ]
   - [ 1.4934446716308594e+02, 4.4328544616699219e+01,
       3.1852538585662842e+00, 5.6278961181640625e+01,
       1.6409898176789284e-02, 7996415, -1 ]
   - [ 1.5999082946777344e+02, 1.1649333190917969e+02,
       3.5599155426025391e+00, 2.3170245361328125e+02,
       1.4843618497252464e-02, 16057343, -1 ]
   - [ 1.7249703979492188e+02, 3.3288986206054688e+01,
       4.5589051246643066e+00, 5.6118743896484375e+01,
       1.6575535759329796e-02, 524800, -1 ]
   - [ 1.7842260742187500e+02, 1.6482701110839844e+02,
       1.9734438657760620e+00, 5.5115051269531250e+00,
       1.5719339251518250e-02, 6816255, -1 ]
   - [ 1.7842260742187500e+02, 1.6482701110839844e+02,
       1.9734438657760620e+00, 2.9290637207031250e+02,
       1.5719339251518250e-02, 6816255, -1 ]
   - [ 1.9006616210937500e+02, 9.8141853332519531e+01,
       8.8193540573120117e+00, 2.2993966674804688e+02,
       1.7082793638110161e-02, 14811393, -1 ]
   - [ 1.9997787475585938e+02, 8.7850990295410156e+01,
       4.6848087310791016e+00, 2.3205209350585938e+02,
       1.7690056934952736e-02, 2490880, -1 ]
   - [ 2.1572631835937500e+02, 7.6757270812988281e+01,
       5.1524429321289062e+00, 2.3108872985839844e+02,
       1.8754635006189346e-02, 9372160, -1 ]
   - [ 2.2091554260253906e+02, 7.1536239624023438e+01,
       3.4258697032928467e+00, 2.3593603515625000e+02,
       1.7413876950740814e-02, 13304831, -1 ]
   - [ 2.5400743103027344e+02, 4.7234859466552734e+01,
       2.0936248302459717e+00, 2.3193385314941406e+02,
       1.8175015226006508e-02, 11076095, -1 ]
   - [ 2.6957858276367188e+02, 7.9185833740234375e+02,
       3.6431217193603516e+00, 2.9901019287109375e+02,
       1.5252996236085892e-02, 1048832, -1 ]
   - [ 2.7453207397460938e+02, 7.8900439453125000e+02,
       4.4506669044494629e+00, 2.9608023071289062e+02,
       2.1674785763025284e-02, 15532288, -1 ]
   - [ 2.8865823364257812e+02, 2.8064474105834961e+01,
       1.1285596847534180e+01, 2.3061827087402344e+02,
       1.7401000484824181e-02, 15991297, -1 ]
   - [ 2.9043731689453125e+02, 2.1894191741943359e+01,
       4.3672170639038086e+00, 2.3246755981445312e+02,
       1.5851913020014763e-02, 14156032, -1 ]
   - [ 2.9825231933593750e+02, 2.4311841964721680e+01,
       1.5623173713684082e+01, 2.2936196899414062e+02,
       1.7768224701285362e-02, 6029570, -1 ]
   - [ 3.0583947753906250e+02, 1.0908281326293945e+01,
       4.4347987174987793e+00, 2.3073472595214844e+02,
       1.5682324767112732e-02, 15270144, -1 ]
   - [ 5.8660540771484375e+02, 6.6506402587890625e+02,
       1.6052957534790039e+01, 8.3756988525390625e+01,
       3.2244354486465454e-02, 7995650, -1 ]
   - [ 5.8660540771484375e+02, 6.6506402587890625e+02,
       1.6052957534790039e+01, 2.8355493164062500e+02,
       3.2244354486465454e-02, 7995650, -1 ]
   - [ 5.9396478271484375e+02, 6.8634204101562500e+02,
       1.3720065116882324e+01, 2.8154086303710938e+02,
       1.5588614158332348e-02, 13370113, -1 ]
   - [ 6.0248419189453125e+02, 6.9121569824218750e+02,
       3.0990512371063232e+00, 3.1706787109375000e+02,
       1.3930685818195343e-02, 6030335, -1 ]
   - [ 6.0882757568359375e+02, 6.7200207519531250e+02,
       8.4991865158081055e+00, 2.7555786132812500e+02,
       1.7818886786699295e-02, 12189953, -1 ]
   - [ 6.1734686279296875e+02, 7.2012451171875000e+02,
       6.4931025505065918e+00, 1.3825885009765625e+02,
       1.9126631319522858e-02, 9372416, -1 ]
   - [ 6.1938372802734375e+02, 7.5574285888671875e+02,
       8.4905424118041992e+00, 3.3045901489257812e+02,
       1.7828455194830894e-02, 12058881, -1 ]
   - [ 6.2247869873046875e+02, 7.3467834472656250e+02,
       5.5953278541564941e+00, 1.1000964355468750e+02,
       2.6197437196969986e-02, 15335936, -1 ]
   - [ 6.2247869873046875e+02, 7.3467834472656250e+02,
       5.5953278541564941e+00, 3.5907562255859375e+02,
       2.6197437196969986e-02, 15335936, -1 ]
   - [ 6.2284197998046875e+02, 7.3530297851562500e+02,
       6.0806684494018555e+00, 7.6782226562500000e-01,
       2.6180380955338478e-02, 4653824, -1 ]
   - [ 6.2284197998046875e+02, 7.3530297851562500e+02,
       6.0806684494018555e+00, 1.1072227478027344e+02,
       2.6180380955338478e-02, 4653824, -1 ]
   - [ 6.2344641113281250e+02, 7.2843310546875000e+02,
       3.8137574195861816e+00, 1.0712048339843750e+02,
       2.2845108062028885e-02, 4325632, -1 ]
   - [ 6.2846881103515625e+02, 6.8863568115234375e+02,
       5.3964056968688965e+00, 2.7935839843750000e+02,
       1.6222497448325157e-02, 12714496, -1 ]
