%YAML:1.0
---
grayKeypoints:
   - [ 3.1221020507812500e+02, 2.3637934875488281e+02,
       2.6522789001464844e+00, 1.9243501281738281e+02,
       1.4464095234870911e-02, 11469567, -1 ]
   - [ 3.1221020507812500e+02, 2.3637934875488281e+02,
       2.6522789001464844e+00, 3.5806896972656250e+02,
       1.4464095234870911e-02, 11469567, -1 ]
   - [ 3.1342126464843750e+02, 7.1077575683593750e+02,
       6.1341586112976074e+00, 2.9876104736328125e+02,
       1.6964469105005264e-02, 5309184, -1 ]
   - [ 3.1704321289062500e+02, 3.2776113891601562e+02,
       5.1806836128234863e+00, 7.0818481445312500e+01,
       1.4434019103646278e-02, 9765376, -1 ]
   - [ 3.1704321289062500e+02, 3.2776113891601562e+02,
       5.1806836128234863e+00, 2.5920263671875000e+02,
       1.4434019103646278e-02, 9765376, -1 ]
   - [ 3.2193444824218750e+02, 7.1659997558593750e+02,
       5.3129482269287109e+00, 2.9607464599609375e+02,
       2.0368464291095734e-02, 11600384, -1 ]
   - [ 3.2779544067382812e+02, 7.1950921630859375e+02,
       3.2725746631622314e+00, 2.1132621765136719e+02,
       1.4909742400050163e-02, 9962495, -1 ]
   - [ 3.3901583862304688e+02, 3.2666574096679688e+02,
       2.6009855270385742e+00, 2.8253656005859375e+02,
       1.4426088891923428e-02, 10093311, -1 ]
   - [ 3.7485125732421875e+02, 1.1753468017578125e+03,
       7.3294253349304199e+00, 1.5682983398437500e+01,
       1.3917474076151848e-02, 1442049, -1 ]
   - [ 3.7485125732421875e+02, 1.1753468017578125e+03,
       7.3294253349304199e+00, 1.7471255493164062e+02,
       1.3917474076151848e-02, 1442049, -1 ]
   - [ 5.2463598632812500e+02, 3.0200787353515625e+02,
       2.3608195781707764e+00, 2.1963533020019531e+02,
       1.6951048746705055e-02, 3080959, -1 ]
   - [ 5.2736145019531250e+02, 5.5622192382812500e+02,
       2.0899951457977295e+00, 1.9515396118164062e+02,
       2.1894892677664757e-02, 10945023, -1 ]
   - [ 5.2736145019531250e+02, 5.5622192382812500e+02,
       2.0899951457977295e+00, 3.5895254516601562e+02,
       2.1894892677664757e-02, 10945023, -1 ]
   - [ 5.5964849853515625e+02, 5.6023962402343750e+02,
       8.0104017257690430e+00, 5.0353546142578125e+01,
       1.3531269505620003e-02, 7864577, -1 ]
   - [ 5.7132196044921875e+02, 5.7399877929687500e+02,
       2.0328962326049805e+01, 5.9131835937500000e+01,
       3.2255407422780991e-02, 8389122, -1 ]
   - [ 5.7132196044921875e+02, 5.7399877929687500e+02,
       2.0328962326049805e+01, 2.9165136718750000e+02,
       3.2255407422780991e-02, 8389122, -1 ]
   - [ 5.8002471923828125e+02, 5.8758148193359375e+02,
       5.1001462936401367e+00, 2.6098577880859375e+02,
       1.4691605232656002e-02, 8651264, -1 ]
   - [ 5.8002471923828125e+02, 5.8758148193359375e+02,
       5.1001462936401367e+00, 2.8652529907226562e+02,
       1.4691605232656002e-02, 8651264, -1 ]
   - [ 5.8027899169921875e+02, 5.9096502685546875e+02,
       2.0610358715057373e+00, 2.2827987670898438e+02,
       1.4251374639570713e-02, 9961983, -1 ]
   - [ 5.8662652587890625e+02, 5.9867797851562500e+02,
       1.0575161933898926e+01, 2.7934597778320312e+02,
       1.8630806356668472e-02, 11272705, -1 ]
   - [ 5.8725567626953125e+02, 5.4401367187500000e+02,
       8.4509801864624023e+00, 6.9604919433593750e+01,
       1.3341132551431656e-02, 11731201, -1 ]
   - [ 5.8982476806640625e+02, 5.5072906494140625e+02,
       3.3009240627288818e+00, 7.0454742431640625e+01,
       1.3992516323924065e-02, 10617855, -1 ]
   - [ 5.9056024169921875e+02, 5.5493298339843750e+02,
       8.9075012207031250e+00, 6.9118591308593750e+01,
       2.7182357385754585e-02, 15532289, -1 ]
   - [ 5.9210620117187500e+02, 5.7614929199218750e+02,
       6.9624061584472656e+00, 8.8119018554687500e+01,
       1.6111534088850021e-02, 14418688, -1 ]
   - [ 5.9665515136718750e+02, 5.8054815673828125e+02,
       1.3128845214843750e+01, 8.9081848144531250e+01,
       1.7816444858908653e-02, 10158849, -1 ]
   - [ 5.9884857177734375e+02, 7.2782476806640625e+02,
       3.3845384120941162e+00, 3.5015591430664062e+02,
       1.4032689854502678e-02, 12387327, -1 ]
   - [ 6.0208264160156250e+02, 7.4401007080078125e+02,
       9.1279640197753906e+00, 3.3003189086914062e+02,
       1.7219306901097298e-02, 590337, -1 ]
   - [ 6.0484533691406250e+02, 7.2432238769531250e+02,
       6.4304108619689941e+00, 8.9914184570312500e+01,
       3.0375838279724121e-02, 8717056, -1 ]
   - [ 6.0611535644531250e+02, 7.1857934570312500e+02,
       2.1919162273406982e+00, 9.8985473632812500e+01,
       1.4749258756637573e-02, 14418431, -1 ]
   - [ 6.0723504638671875e+02, 5.6588397216796875e+02,
       2.3447067737579346e+00, 6.4637786865234375e+01,
       2.2820705547928810e-02, 2556671, -1 ]
   - [ 6.0827276611328125e+02, 7.1731463623046875e+02,
       4.8365659713745117e+00, 9.0060974121093750e+01,
       1.4057870022952557e-02, 4784640, -1 ]
   - [ 6.0961968994140625e+02, 7.4960937500000000e+02,
       4.1506075859069824e+00, 3.2807168579101562e+02,
       1.8836412578821182e-02, 10486016, -1 ]
   - [ 6.1110034179687500e+02, 6.4892974853515625e+02,
       9.8734121322631836e+00, 1.0644406127929688e+02,
       2.1860888227820396e-02, 6291969, -1 ]
   - [ 6.1235711669921875e+02, 6.1225921630859375e+02,
       8.5795354843139648e+00, 2.7372457885742188e+02,
       1.4943713322281837e-02, 12845313, -1 ]
   - [ 6.1535974121093750e+02, 5.3784783935546875e+02,
       6.0379467010498047e+00, 6.9794158935546875e+01,
       1.3499844819307327e-02, 4129536, -1 ]
   - [ 6.1702728271484375e+02, 7.6141992187500000e+02,
       6.5451011657714844e+00, 3.1770111083984375e+02,
       2.0446799695491791e-02, 9962240, -1 ]
   - [ 6.1723065185546875e+02, 6.3211645507812500e+02,
       5.5380449295043945e+00, 1.0088076782226562e+02,
       1.3918028213083744e-02, 14615040, -1 ]
   - [ 6.1988513183593750e+02, 7.7268981933593750e+02,
       1.5233340263366699e+01, 3.1786499023437500e+02,
       2.1884707733988762e-02, 4260098, -1 ]
   - [ 6.2492663574218750e+02, 6.6355853271484375e+02,
       8.1603899002075195e+00, 2.7133691406250000e+02,
       1.6057923436164856e-02, 9240833, -1 ]
   - [ 6.2652203369140625e+02, 6.5407452392578125e+02,
       5.5343132019042969e+00, 2.7329409790039062e+02,
       2.3837221786379814e-02, 14549504, -1 ]
   - [ 6.2895672607421875e+02, 6.3300250244140625e+02,
       6.2310137748718262e+00, 9.7127746582031250e+01,
       2.0651282742619514e-02, 6423296, -1 ]
   - [ 6.2946032714843750e+02, 6.5991381835937500e+02,
       3.9254090785980225e+00, 2.7132940673828125e+02,
       1.3991649262607098e-02, 6422784, -1 ]
   - [ 6.4443115234375000e+02, 5.8041882324218750e+02,
       6.2981441497802734e+01, 2.6406024169921875e+02,
       3.1132349744439125e-02, 6619396, -1 ]
   - [ 6.5114868164062500e+02, 7.5720520019531250e+02,
       4.6586852073669434e+00, 3.5677804565429688e+02,
       1.7095398157835007e-02, 2097664, -1 ]
   - [ 6.5475573730468750e+02, 4.1859634399414062e+02,
       2.7714021205902100e+00, 6.8731262207031250e+01,
       1.3392506167292595e-02, 14680831, -1 ]
   - [ 6.5786767578125000e+02, 5.5123718261718750e+02,
       1.8731645345687866e+00, 2.3876666259765625e+02,
       1.3534975238144398e-02, 3015167, -1 ]
   - [ 6.5809490966796875e+02, 7.8807025146484375e+02,
       8.5666780471801758e+00, 3.0959167480468750e+02,
       2.1611934527754784e-02, 12714241, -1 ]
   - [ 6.5845574951171875e+02, 5.6354919433593750e+02,
       2.7288463115692139e+00, 3.8224151611328125e+01,
       1.4782275073230267e-02, 13566719, -1 ]
   - [ 6.6509313964843750e+02, 5.4305407714843750e+02,
       1.2981264114379883e+01, 1.2213555908203125e+02,
       1.7747931182384491e-02, 9372417, -1 ]
   - [ 6.6733068847656250e+02, 6.2482128906250000e+02,
       2.9953138828277588e+00, 2.6678665161132812e+02,
       1.8176328390836716e-02, 3605503, -1 ]
   - [ 6.6775726318359375e+02, 4.2776934814453125e+02,
       2.5426101684570312e+00, 1.0026107788085938e+02,
       1.7931474372744560e-02, 8454911, -1 ]
