%YAML:1.0
---
grayKeypoints:
   - [ 5.6712669372558594e+01, 4.7927688598632812e+02,
       3.1166789531707764e+00, 2.5531791687011719e+02,
       2.2862352430820465e-02, 6423551, -1 ]
   - [ 6.3049381256103516e+01, 3.7970266723632812e+02,
       2.4492392539978027e+00, 1.5583360290527344e+02,
       1.4191172085702419e-02, 5702399, -1 ]
   - [ 9.0520324707031250e+01, 3.9517556762695312e+02,
       2.4424538612365723e+00, 3.4805029296875000e+02,
       1.3450053520500660e-02, 5505791, -1 ]
   - [ 9.7943023681640625e+01, 4.0007141113281250e+02,
       4.4985618591308594e+00, 3.1639123535156250e+02,
       3.1541362404823303e-02, 16253184, -1 ]
   - [ 1.0508293914794922e+02, 4.0646157836914062e+02,
       3.1993353366851807e+00, 3.0901629638671875e+02,
       1.8724901601672173e-02, 8324095, -1 ]
   - [ 1.0686162567138672e+02, 6.5013281250000000e+02,
       3.3284461498260498e+00, 3.4948672485351562e+02,
       2.6298033073544502e-02, 11207679, -1 ]
   - [ 1.1336811828613281e+02, 4.2022091674804688e+02,
       6.4484405517578125e+00, 3.0057391357421875e+02,
       2.1147435531020164e-02, 8913664, -1 ]
   - [ 1.1528981781005859e+02, 3.9771325683593750e+02,
       2.6416828155517578e+01, 5.9639984130859375e+01,
       3.3720914274454117e-02, 10617602, -1 ]
   - [ 1.1528981781005859e+02, 3.9771325683593750e+02,
       2.6416828155517578e+01, 3.0787966918945312e+02,
       3.3720914274454117e-02, 10617602, -1 ]
   - [ 1.2157438659667969e+02, 6.5042132568359375e+02,
       2.1298221588134766e+01, 3.1142425537109375e+02,
       2.4662053212523460e-02, 11731458, -1 ]
   - [ 1.2158209991455078e+02, 3.8417071533203125e+02,
       1.2058760643005371e+01, 6.5795654296875000e+01,
       2.2653723135590553e-02, 4064001, -1 ]
   - [ 1.2414820098876953e+02, 4.2540118408203125e+02,
       5.0973262786865234e+00, 3.0013082885742188e+02,
       2.3846866562962532e-02, 8585728, -1 ]
   - [ 1.2978416442871094e+02, 4.2817440795898438e+02,
       3.8856391906738281e+00, 3.0175933837890625e+02,
       2.5038575753569603e-02, 5701888, -1 ]
   - [ 1.3717536926269531e+02, 6.0270794677734375e+02,
       1.5730369567871094e+01, 6.2066925048828125e+01,
       1.9154237583279610e-02, 6553858, -1 ]
   - [ 1.3717536926269531e+02, 6.0270794677734375e+02,
       1.5730369567871094e+01, 2.5126493835449219e+02,
       1.9154237583279610e-02, 6553858, -1 ]
   - [ 1.3744276428222656e+02, 4.3316757202148438e+02,
       4.7147369384765625e+00, 2.9934002685546875e+02,
       1.9612273201346397e-02, 2949632, -1 ]
   - [ 1.4037255859375000e+02, 3.7725857543945312e+02,
       1.0186518669128418e+01, 7.2856109619140625e+01,
       2.3584295064210892e-02, 8520193, -1 ]
   - [ 1.4268417358398438e+02, 6.4398785400390625e+02,
       3.1704506874084473e+00, 1.5698875427246094e+02,
       1.3671510852873325e-02, 7668735, -1 ]
   - [ 1.4761776733398438e+02, 4.3863204956054688e+02,
       6.2861299514770508e+00, 2.9692071533203125e+02,
       2.1008303388953209e-02, 7078656, -1 ]
   - [ 1.4804249572753906e+02, 4.3979614257812500e+02,
       7.4141883850097656e+00, 2.9822399902343750e+02,
       2.0526699721813202e-02, 2294017, -1 ]
   - [ 1.5588542175292969e+02, 4.3502679443359375e+02,
       5.1308474540710449e+00, 2.9478179931640625e+02,
       3.5056930035352707e-02, 9110016, -1 ]
   - [ 1.5696556091308594e+02, 4.4133850097656250e+02,
       4.1133522987365723e+00, 2.9162338256835938e+02,
       2.3590149357914925e-02, 9830656, -1 ]
   - [ 1.5700494384765625e+02, 3.7112982177734375e+02,
       6.0478963851928711e+00, 7.9982818603515625e+01,
       2.1131066605448723e-02, 4260608, -1 ]
   - [ 1.6417579650878906e+02, 6.5900024414062500e+02,
       5.6342139244079590e+00, 8.8877746582031250e+01,
       1.3705249875783920e-02, 15860224, -1 ]
   - [ 1.6650427246093750e+02, 6.3825469970703125e+02,
       2.8182382583618164e+01, 7.8537414550781250e+01,
       3.4454371780157089e-02, 15336194, -1 ]
   - [ 1.6718772888183594e+02, 5.9786413574218750e+02,
       2.4600465774536133e+01, 7.1249877929687500e+01,
       1.5559024177491665e-02, 5505794, -1 ]
   - [ 1.7537054443359375e+02, 4.4194976806640625e+02,
       5.4529738426208496e+00, 2.8867956542968750e+02,
       3.4682027995586395e-02, 13500928, -1 ]
   - [ 1.7542185974121094e+02, 3.6872094726562500e+02,
       7.3506369590759277e+00, 7.7178375244140625e+01,
       3.6949228495359421e-02, 1638657, -1 ]
   - [ 1.7679675292968750e+02, 6.7892926025390625e+02,
       2.7568174362182617e+01, 8.0829864501953125e+01,
       2.8877656906843185e-02, 13697794, -1 ]
   - [ 1.7679675292968750e+02, 6.7892926025390625e+02,
       2.7568174362182617e+01, 2.5904425048828125e+02,
       2.8877656906843185e-02, 13697794, -1 ]
   - [ 1.9387631225585938e+02, 4.5365447998046875e+02,
       4.8832244873046875e+00, 2.8210183715820312e+02,
       2.1524103358387947e-02, 5505536, -1 ]
   - [ 1.9786671447753906e+02, 4.4829022216796875e+02,
       5.6345100402832031e+00, 2.8058776855468750e+02,
       2.9124367982149124e-02, 15860224, -1 ]
   - [ 2.0801359558105469e+02, 6.5138897705078125e+02,
       3.3047344684600830e+00, 1.6524000549316406e+02,
       1.3562195003032684e-02, 10683391, -1 ]
   - [ 2.1468058776855469e+02, 6.5672174072265625e+02,
       4.6863808631896973e+00, 1.8682699584960938e+02,
       1.4741115272045135e-02, 2556416, -1 ]
   - [ 2.1511550903320312e+02, 4.5163595581054688e+02,
       5.0833916664123535e+00, 2.7791778564453125e+02,
       2.7859166264533997e-02, 8389120, -1 ]
   - [ 2.1800163269042969e+02, 4.5776531982421875e+02,
       4.6859049797058105e+00, 2.7612017822265625e+02,
       1.8037628382444382e-02, 2490880, -1 ]
   - [ 2.2279620361328125e+02, 7.0766577148437500e+02,
       3.6442684173583984e+01, 2.6574423217773438e+02,
       2.0896898582577705e-02, 459267, -1 ]
   - [ 2.2969987487792969e+02, 4.0972824096679688e+02,
       7.4443008422851562e+01, 2.7367657470703125e+02,
       6.3670985400676727e-02, 2032132, -1 ]
   - [ 2.4093475341796875e+02, 4.5980917358398438e+02,
       4.4748749732971191e+00, 2.7277545166015625e+02,
       1.7126496881246567e-02, 15925504, -1 ]
   - [ 2.8840762329101562e+02, 3.7752636718750000e+02,
       9.7543897628784180e+00, 9.6219116210937500e+01,
       1.5984153375029564e-02, 5440001, -1 ]
   - [ 2.8917462158203125e+02, 4.5308059692382812e+02,
       6.3706288337707520e+00, 2.6776547241210938e+02,
       2.6369212195277214e-02, 7996160, -1 ]
   - [ 2.9853152465820312e+02, 4.5929690551757812e+02,
       5.4144005775451660e+00, 2.6061108398437500e+02,
       1.7811713740229607e-02, 12976640, -1 ]
   - [ 3.1196456909179688e+02, 4.4968609619140625e+02,
       6.2602930068969727e+00, 2.5939089965820312e+02,
       2.4813827127218246e-02, 6750976, -1 ]
   - [ 3.1659655761718750e+02, 4.5495632934570312e+02,
       3.7721230983734131e+00, 2.5950570678710938e+02,
       1.7610348761081696e-02, 3539200, -1 ]
   - [ 3.2337280273437500e+02, 4.0377337646484375e+02,
       2.7334654331207275e+00, 1.5686743164062500e+02,
       2.4835169315338135e-02, 13697791, -1 ]
   - [ 3.2516000366210938e+02, 4.1067163085937500e+02,
       2.7856967449188232e+00, 1.4660671997070312e+02,
       1.9460359588265419e-02, 15008511, -1 ]
   - [ 3.2707452392578125e+02, 4.0272683715820312e+02,
       2.7413718700408936e+00, 1.5714033508300781e+02,
       1.8687786534428596e-02, 13894399, -1 ]
   - [ 3.2920178222656250e+02, 4.4576428222656250e+02,
       6.9109954833984375e+00, 2.5656042480468750e+02,
       2.7871418744325638e-02, 13894400, -1 ]
   - [ 3.3201318359375000e+02, 4.1067001342773438e+02,
       4.2877097129821777e+00, 1.5848114013671875e+02,
       1.5883892774581909e-02, 12779776, -1 ]
   - [ 3.3393078613281250e+02, 4.0791189575195312e+02,
       2.5510683059692383e+00, 3.5522314453125000e+02,
       1.5182236209511757e-02, 8651519, -1 ]
   - [ 3.3634274291992188e+02, 4.5076135253906250e+02,
       5.3541526794433594e+00, 2.5525784301757812e+02,
       1.7879400402307510e-02, 12190208, -1 ]
