%YAML:1.0
---
grayKeypoints:
   - [ 9.2931346893310547e+00, 2.9117473602294922e+01,
       4.7352313995361328e+00, 2.5895501708984375e+02,
       1.8003329634666443e-02, 3277312, -1 ]
   - [ 1.1034322738647461e+01, 8.0692396163940430e+00,
       2.6790397167205811e+00, 6.8593231201171875e+01,
       1.5173667110502720e-02, 12190463, -1 ]
   - [ 2.8446414947509766e+01, 2.1931962966918945e+01,
       1.8248332738876343e+00, 2.4972236633300781e+02,
       1.6515841707587242e-02, 1180159, -1 ]
   - [ 4.7947429656982422e+01, 1.6064537048339844e+01,
       2.5280230045318604e+00, 2.5626171875000000e+02,
       1.6136506572365761e-02, 7996159, -1 ]
   - [ 5.6904575347900391e+01, 1.3670623779296875e+01,
       2.6770203113555908e+00, 2.5042547607421875e+02,
       1.6259765252470970e-02, 12190463, -1 ]
   - [ 8.4335212707519531e+01, 4.6482930183410645e+00,
       2.1693449020385742e+00, 2.4979861450195312e+02,
       1.3812857680022717e-02, 13631999, -1 ]
   - [ 1.3818977355957031e+02, 7.9388983154296875e+02,
       3.2732779979705811e+00, 2.6734497070312500e+02,
       2.6992291212081909e-02, 9962495, -1 ]
   - [ 1.4242005920410156e+02, 7.9419940185546875e+02,
       2.0353038311004639e+00, 1.1977316284179688e+02,
       1.8293753266334534e-02, 9044479, -1 ]
   - [ 1.8217338562011719e+02, 5.7042816162109375e+02,
       2.2731916904449463e+00, 1.8063354492187500e+01,
       1.6420627012848854e-02, 328447, -1 ]
   - [ 1.8217338562011719e+02, 5.7042816162109375e+02,
       2.2731916904449463e+00, 1.9308869934082031e+02,
       1.6420627012848854e-02, 328447, -1 ]
   - [ 2.0439642333984375e+02, 6.0035565185546875e+02,
       2.6326692104339600e+00, 1.1949652099609375e+02,
       1.4394374564290047e-02, 10945279, -1 ]
   - [ 2.0439642333984375e+02, 6.0035565185546875e+02,
       2.6326692104339600e+00, 2.7168408203125000e+02,
       1.4394374564290047e-02, 10945279, -1 ]
   - [ 2.2385592651367188e+02, 7.8039453125000000e+02,
       2.4599335193634033e+00, 3.4357873535156250e+02,
       1.6824966296553612e-02, 6030079, -1 ]
   - [ 2.4474310302734375e+02, 8.5445025634765625e+02,
       2.3652839660644531e+00, 5.3071868896484375e+01,
       3.5294190049171448e-02, 3212031, -1 ]
   - [ 2.4474310302734375e+02, 8.5445025634765625e+02,
       2.3652839660644531e+00, 2.4780825805664062e+02,
       3.5294190049171448e-02, 3212031, -1 ]
   - [ 3.0932778930664062e+02, 1.1174036407470703e+02,
       4.9333214759826660e+00, 2.2761216735839844e+02,
       2.2676035761833191e-02, 6226432, -1 ]
   - [ 3.0998620605468750e+02, 1.2720466613769531e+02,
       4.9101872444152832e+00, 2.0302735900878906e+02,
       1.5731716528534889e-02, 5898752, -1 ]
   - [ 3.1291485595703125e+02, 1.2109387207031250e+02,
       2.3714225292205811e+00, 7.0091583251953125e+01,
       2.0081106573343277e-02, 3408639, -1 ]
   - [ 3.1388204956054688e+02, 1.1849545288085938e+02,
       5.3607549667358398e+00, 2.2645437622070312e+02,
       2.2270644083619118e-02, 12255744, -1 ]
   - [ 3.1479647827148438e+02, 1.3404821777343750e+02,
       5.0246596336364746e+00, 2.0045579528808594e+02,
       2.0403806120157242e-02, 7537152, -1 ]
   - [ 3.1490121459960938e+02, 1.0397611999511719e+02,
       4.6265406608581543e+00, 2.2058804321289062e+02,
       2.2790690883994102e-02, 1573376, -1 ]
   - [ 3.1615545654296875e+02, 1.2285011291503906e+02,
       3.0326764583587646e+00, 7.9160827636718750e+01,
       1.6653288155794144e-02, 4457471, -1 ]
   - [ 3.1846063232421875e+02, 1.3614070129394531e+02,
       2.3265173435211182e+00, 4.1063964843750000e+01,
       1.4624411240220070e-02, 2032383, -1 ]
   - [ 3.1934927368164062e+02, 8.9638015747070312e+01,
       4.7061018943786621e+00, 2.4731347656250000e+02,
       2.5020765140652657e-02, 2818560, -1 ]
   - [ 3.2034774780273438e+02, 6.3596484375000000e+02,
       2.0791358947753906e+00, 5.1861206054687500e+01,
       1.6560865566134453e-02, 10617343, -1 ]
   - [ 3.2034774780273438e+02, 6.3596484375000000e+02,
       2.0791358947753906e+00, 2.2764578247070312e+02,
       1.6560865566134453e-02, 10617343, -1 ]
   - [ 3.2161648559570312e+02, 1.1772309875488281e+02,
       1.0751875877380371e+01, 3.5967468261718750e+02,
       2.2395517677068710e-02, 12452353, -1 ]
   - [ 3.2253445434570312e+02, 1.4851202392578125e+02,
       2.5159015655517578e+00, 1.0205517578125000e+02,
       1.3545443303883076e-02, 7668479, -1 ]
   - [ 3.2276074218750000e+02, 9.4134689331054688e+01,
       3.7718186378479004e+00, 2.3230538940429688e+02,
       1.9052973017096519e-02, 3539200, -1 ]
   - [ 3.2381939697265625e+02, 1.0432943725585938e+02,
       3.1585760116577148e+00, 7.2920501708984375e+01,
       1.5328929759562016e-02, 7406591, -1 ]
   - [ 3.2451916503906250e+02, 1.4188188171386719e+02,
       3.1100239753723145e+00, 2.0238632202148438e+02,
       1.4791348017752171e-02, 6292479, -1 ]
   - [ 3.2831933593750000e+02, 6.9921569824218750e+01,
       6.0035796165466309e+00, 4.0273986816406250e+01,
       2.6070667430758476e-02, 3736320, -1 ]
   - [ 3.2831933593750000e+02, 6.9921569824218750e+01,
       6.0035796165466309e+00, 2.4664526367187500e+02,
       2.6070667430758476e-02, 3736320, -1 ]
   - [ 3.2838012695312500e+02, 8.2196754455566406e+01,
       3.8667347431182861e+00, 2.4855758666992188e+02,
       2.0722897723317146e-02, 5308672, -1 ]
   - [ 3.2860958862304688e+02, 9.4645416259765625e+01,
       1.3308461189270020e+01, 2.3241003417968750e+02,
       2.4963021278381348e-02, 11141889, -1 ]
   - [ 3.3091793823242188e+02, 7.7075164794921875e+01,
       4.1968102455139160e+00, 2.5506118774414062e+02,
       2.1605828776955605e-02, 11272448, -1 ]
   - [ 3.3093060302734375e+02, 9.8868560791015625e+01,
       6.9486536979675293e+00, 7.8304443359375000e+00,
       2.2874025627970695e-02, 14287616, -1 ]
   - [ 3.3170599365234375e+02, 8.9261337280273438e+01,
       6.8753747940063477e+00, 2.4256530761718750e+02,
       2.1023048087954521e-02, 13566720, -1 ]
   - [ 3.3394653320312500e+02, 1.5460206604003906e+02,
       1.0718190193176270e+01, 3.2056536865234375e+02,
       2.0308744162321091e-02, 12255745, -1 ]
   - [ 3.3741616821289062e+02, 7.8095428466796875e+01,
       3.2701358795166016e+00, 2.6020321655273438e+02,
       1.9960656762123108e-02, 9896959, -1 ]
   - [ 3.3799081420898438e+02, 7.2535430908203125e+01,
       3.9728696346282959e+00, 2.5811047363281250e+02,
       2.0234607160091400e-02, 7274752, -1 ]
   - [ 3.3979278564453125e+02, 9.3995323181152344e+01,
       6.5669860839843750e+00, 9.8426818847656250e+00,
       1.4924082905054092e-02, 10224384, -1 ]
   - [ 3.4309091186523438e+02, 8.0028953552246094e+01,
       6.6281104087829590e+00, 5.7762481689453125e+01,
       2.3778757080435753e-02, 10879744, -1 ]
   - [ 3.4309091186523438e+02, 8.0028953552246094e+01,
       6.6281104087829590e+00, 2.4653063964843750e+02,
       2.3778757080435753e-02, 10879744, -1 ]
   - [ 3.4378765869140625e+02, 1.4453742980957031e+02,
       5.4312334060668945e+00, 3.2100497436523438e+02,
       1.7557024955749512e-02, 13173248, -1 ]
   - [ 3.4437313842773438e+02, 5.9946796417236328e+01,
       9.1252775192260742e+00, 2.4768719482421875e+02,
       2.7930526062846184e-02, 590337, -1 ]
   - [ 3.4472650146484375e+02, 1.6460655212402344e+02,
       5.1491456031799316e+00, 1.1864714050292969e+02,
       1.7169205471873283e-02, 9306624, -1 ]
   - [ 3.4841619873046875e+02, 5.4096366882324219e+01,
       3.4389169216156006e+00, 7.5554016113281250e+01,
       1.9850406795740128e-02, 13566975, -1 ]
   - [ 3.5390701293945312e+02, 6.4044845581054688e+01,
       3.2612323760986328e+00, 2.6094158935546875e+02,
       2.4356672540307045e-02, 9700351, -1 ]
   - [ 3.5497479248046875e+02, 7.3108642578125000e+01,
       6.4081721305847168e+00, 2.5637878417968750e+02,
       2.9262281954288483e-02, 8454912, -1 ]
   - [ 3.5510678100585938e+02, 1.6418655395507812e+02,
       4.3084368705749512e+00, 2.1975215148925781e+02,
       1.7587665468454361e-02, 13172992, -1 ]
