%YAML:1.0
---
grayKeypoints:
   - [ 2.2834398269653320e+01, 1.4264656066894531e+02,
       2.1596117019653320e+00, 1.1923149108886719e+02,
       1.3429344631731510e-02, 13369855, -1 ]
   - [ 9.2404655456542969e+01, 8.5970695495605469e+01,
       1.8574188947677612e+00, 1.2755801391601562e+02,
       1.4721619896590710e-02, 2425343, -1 ]
   - [ 9.2404655456542969e+01, 8.5970695495605469e+01,
       1.8574188947677612e+00, 2.7742987060546875e+02,
       1.4721619896590710e-02, 2425343, -1 ]
   - [ 9.2404655456542969e+01, 8.5970695495605469e+01,
       1.8574188947677612e+00, 3.5403872680664062e+02,
       1.4721619896590710e-02, 2425343, -1 ]
   - [ 1.1152536773681641e+02, 6.9417449951171875e+02,
       2.9155519008636475e+00, 1.1412808227539062e+02,
       1.5164775773882866e-02, 1639423, -1 ]
   - [ 2.1781991577148438e+02, 4.6388333129882812e+02,
       5.8998560905456543e+00, 1.1870852661132812e+02,
       1.5841707587242126e-02, 2491136, -1 ]
   - [ 2.1781991577148438e+02, 4.6388333129882812e+02,
       5.8998560905456543e+00, 2.8008068847656250e+02,
       1.5841707587242126e-02, 2491136, -1 ]
   - [ 2.8308880615234375e+02, 5.3206031799316406e+01,
       1.9739181995391846e+00, 2.9820504760742188e+02,
       1.8842045217752457e-02, 6816255, -1 ]
   - [ 2.8679214477539062e+02, 5.4985893249511719e+01,
       2.6824505329132080e+00, 1.1946846008300781e+02,
       1.4726337045431137e-02, 12321535, -1 ]
   - [ 2.8679214477539062e+02, 5.4985893249511719e+01,
       2.6824505329132080e+00, 3.0565716552734375e+02,
       1.4726337045431137e-02, 12321535, -1 ]
   - [ 3.0357363891601562e+02, 5.4300018310546875e+02,
       4.1242675781250000e+00, 1.1923265075683594e+02,
       1.4697153121232986e-02, 10027264, -1 ]
   - [ 3.0357363891601562e+02, 5.4300018310546875e+02,
       4.1242675781250000e+00, 2.9920007324218750e+02,
       1.4697153121232986e-02, 10027264, -1 ]
   - [ 3.0530331420898438e+02, 1.2409129638671875e+03,
       4.6990718841552734e+00, 2.6034274291992188e+02,
       1.3686249032616615e-02, 2753024, -1 ]
   - [ 3.0560488891601562e+02, 1.2349687500000000e+03,
       4.7787423133850098e+00, 2.5829626464843750e+02,
       2.3265006020665169e-02, 3932672, -1 ]
   - [ 3.0695065307617188e+02, 5.4383068847656250e+02,
       2.2155470848083496e+00, 1.1584780883789062e+02,
       1.4414507895708084e-02, 15204863, -1 ]
   - [ 4.1224545288085938e+02, 9.4871343994140625e+02,
       4.8868994712829590e+00, 2.7862792968750000e+02,
       1.5164879150688648e-02, 5571072, -1 ]
   - [ 5.0355059814453125e+02, 4.7565277099609375e+02,
       4.1730289459228516e+00, 2.7815692138671875e+02,
       1.4112220145761967e-02, 10879232, -1 ]
   - [ 5.7059545898437500e+02, 3.8505136108398438e+02,
       5.0592951774597168e+00, 1.2275402832031250e+02,
       2.3026395589113235e-02, 8061440, -1 ]
   - [ 5.7059545898437500e+02, 3.8505136108398438e+02,
       5.0592951774597168e+00, 2.8852111816406250e+02,
       2.3026395589113235e-02, 8061440, -1 ]
   - [ 5.7785589599609375e+02, 6.8306213378906250e+02,
       2.7227558135986328e+01, 3.0486257934570312e+02,
       3.1105948612093925e-02, 12845826, -1 ]
   - [ 5.7983129882812500e+02, 6.9751226806640625e+02,
       3.3766441345214844e+00, 2.9129348754882812e+02,
       1.4246337115764618e-02, 12256255, -1 ]
   - [ 6.0727557373046875e+02, 7.1092211914062500e+02,
       7.0599379539489746e+00, 2.8214288330078125e+02,
       1.4769050292670727e-02, 15467264, -1 ]
   - [ 6.1294140625000000e+02, 6.4282757568359375e+02,
       3.8721466064453125e+00, 8.8085540771484375e+01,
       1.3765304349362850e-02, 5439744, -1 ]
   - [ 6.1423455810546875e+02, 6.6732714843750000e+02,
       4.9899630546569824e+00, 2.7460522460937500e+02,
       1.3669921085238457e-02, 7078400, -1 ]
   - [ 6.1687359619140625e+02, 6.7328210449218750e+02,
       4.0375528335571289e+00, 2.7318704223632812e+02,
       1.3780672103166580e-02, 8454400, -1 ]
   - [ 6.2912988281250000e+02, 6.4357177734375000e+02,
       2.9884550571441650e+00, 9.0475463867187500e+01,
       1.4518246985971928e-02, 3408895, -1 ]
   - [ 6.3010687255859375e+02, 6.5670300292968750e+02,
       1.8998762130737305e+01, 9.0374267578125000e+01,
       2.2942878305912018e-02, 3473922, -1 ]
   - [ 6.3084387207031250e+02, 7.1498638916015625e+02,
       4.3155288696289062e+00, 2.6956335449218750e+02,
       1.4664209447801113e-02, 13304064, -1 ]
   - [ 6.3312933349609375e+02, 7.5300836181640625e+02,
       3.8337562561035156e+01, 3.0097146606445312e+02,
       2.7102150022983551e-02, 4129283, -1 ]
   - [ 6.4934802246093750e+02, 2.2561747741699219e+02,
       6.9119567871093750e+00, 1.8685925292968750e+02,
       2.1596323698759079e-02, 13894400, -1 ]
   - [ 6.4934802246093750e+02, 2.2561747741699219e+02,
       6.9119567871093750e+00, 3.3647052001953125e+02,
       2.1596323698759079e-02, 13894400, -1 ]
   - [ 6.5944201660156250e+02, 9.7705902099609375e+02,
       2.0949027538299561e+00, 9.8837036132812500e+01,
       3.2558701932430267e-02, 11141631, -1 ]
   - [ 6.8174633789062500e+02, 7.9634619140625000e+02,
       1.6588653564453125e+01, 2.9567041015625000e+02,
       2.1901108324527740e-02, 10420482, -1 ]
   - [ 6.9061621093750000e+02, 6.4742016601562500e+02,
       2.2106662750244141e+01, 1.1180123901367188e+02,
       1.4456748031079769e-02, 14483970, -1 ]
   - [ 6.9684466552734375e+02, 7.6593908691406250e+02,
       7.9576601982116699e+00, 2.8120178222656250e+02,
       1.3453032821416855e-02, 7405825, -1 ]
   - [ 6.9771594238281250e+02, 7.7623889160156250e+02,
       8.9033308029174805e+00, 2.7902172851562500e+02,
       2.0305413752794266e-02, 15532289, -1 ]
   - [ 6.9829284667968750e+02, 6.8669232177734375e+02,
       6.3057212829589844e+00, 8.3626342773437500e+01,
       1.6479201614856720e-02, 7275264, -1 ]
   - [ 7.0794396972656250e+02, 7.9723541259765625e+02,
       2.5262291431427002e+00, 1.0084417724609375e+02,
       1.5684092417359352e-02, 7996159, -1 ]
   - [ 7.1608026123046875e+02, 7.3612286376953125e+02,
       7.7976654052734375e+01, 2.8607046508789062e+02,
       3.0296301469206810e-02, 5374468, -1 ]
   - [ 7.1704919433593750e+02, 7.9763128662109375e+02,
       2.1480011940002441e+00, 9.8316345214843750e+01,
       1.4024243690073490e-02, 12976639, -1 ]
   - [ 7.1704919433593750e+02, 7.9763128662109375e+02,
       2.1480011940002441e+00, 2.7608480834960938e+02,
       1.4024243690073490e-02, 12976639, -1 ]
   - [ 7.1852490234375000e+02, 5.7214074707031250e+02,
       7.8013381958007812e+00, 2.9331372070312500e+02,
       1.6893096268177032e-02, 5964033, -1 ]
   - [ 7.2491455078125000e+02, 6.6383093261718750e+02,
       1.0074165344238281e+01, 1.3537278747558594e+02,
       1.8930165097117424e-02, 7733761, -1 ]
   - [ 7.2622680664062500e+02, 5.7169897460937500e+02,
       2.8370096206665039e+01, 9.6384857177734375e+01,
       2.1018050611019135e-02, 15794946, -1 ]
   - [ 7.3477886962890625e+02, 9.2738464355468750e+02,
       1.3517041206359863e+01, 3.2039721679687500e+02,
       2.6489466428756714e-02, 12321537, -1 ]
   - [ 7.3648492431640625e+02, 3.9023780822753906e+01,
       1.8669327497482300e+00, 1.1872750854492188e+02,
       1.3489093631505966e-02, 2818559, -1 ]
   - [ 7.3784228515625000e+02, 7.7749719238281250e+02,
       3.4045453071594238e+00, 2.8003244018554688e+02,
       1.7151392996311188e-02, 12846079, -1 ]
   - [ 7.4509008789062500e+02, 7.0101483154296875e+02,
       1.5035092353820801e+01, 1.0590145874023438e+02,
       2.1246617659926414e-02, 3277058, -1 ]
   - [ 7.4546624755859375e+02, 7.6990826416015625e+02,
       9.9446277618408203e+00, 2.7273327636718750e+02,
       1.3746001757681370e-02, 6816257, -1 ]
   - [ 7.4706793212890625e+02, 7.0776324462890625e+02,
       4.3896632194519043e+00, 1.0096081542968750e+02,
       2.1517051383852959e-02, 14483712, -1 ]
   - [ 7.4945806884765625e+02, 5.9226818847656250e+02,
       1.0586631774902344e+01, 2.6837261962890625e+02,
       1.3360307551920414e-02, 11338241, -1 ]
