%YAML:1.0
---
grayKeypoints:
   - [ 1.2006274414062500e+02, 6.0390185546875000e+02,
       1.9083750247955322e+00, 1.4974440002441406e+02,
       1.5601364895701408e-02, 4391423, -1 ]
   - [ 1.2706231689453125e+02, 4.6880532836914062e+02,
       1.9299858808517456e+00, 1.8660488891601562e+02,
       1.5481226146221161e-02, 5177855, -1 ]
   - [ 1.2706231689453125e+02, 4.6880532836914062e+02,
       1.9299858808517456e+00, 2.9998614501953125e+02,
       1.5481226146221161e-02, 5177855, -1 ]
   - [ 1.3104086303710938e+02, 3.7704370117187500e+02,
       4.7255973815917969e+00, 1.5069314575195312e+02,
       1.5404090285301208e-02, 3146240, -1 ]
   - [ 1.3314480590820312e+02, 3.6212365722656250e+02,
       2.4766042232513428e+00, 1.9191336059570312e+02,
       1.7521344125270844e-02, 6554367, -1 ]
   - [ 1.3314480590820312e+02, 3.6212365722656250e+02,
       2.4766042232513428e+00, 3.0984588623046875e+02,
       1.7521344125270844e-02, 6554367, -1 ]
   - [ 1.3773191833496094e+02, 3.9095593261718750e+02,
       5.7713952064514160e+00, 1.4737481689453125e+02,
       1.3728265650570393e-02, 852736, -1 ]
   - [ 1.3862425231933594e+02, 3.8917324829101562e+02,
       2.6513202190399170e+00, 1.4878370666503906e+02,
       1.3974722474813461e-02, 11469567, -1 ]
   - [ 1.4486758422851562e+02, 3.6815216064453125e+02,
       5.0141983032226562e+00, 3.3046658325195312e+02,
       1.6025768592953682e-02, 7406080, -1 ]
   - [ 1.4658251953125000e+02, 3.9033914184570312e+02,
       7.7176055908203125e+00, 1.4008592224121094e+02,
       3.0434414744377136e-02, 5177601, -1 ]
   - [ 1.4658251953125000e+02, 3.9033914184570312e+02,
       7.7176055908203125e+00, 3.3947726440429688e+02,
       3.0434414744377136e-02, 5177601, -1 ]
   - [ 1.5205273437500000e+02, 3.8026815795898438e+02,
       6.7385115623474121e+00, 3.3691751098632812e+02,
       1.8780827522277832e-02, 12059392, -1 ]
   - [ 3.4103341674804688e+02, 2.8157727050781250e+02,
       2.3877084255218506e+00, 4.6680023193359375e+01,
       1.4594475738704205e-02, 3867391, -1 ]
   - [ 3.4683370971679688e+02, 2.8657363891601562e+02,
       3.8070485591888428e+00, 2.0967639160156250e+02,
       2.0061545073986053e-02, 4194560, -1 ]
   - [ 3.5131365966796875e+02, 2.7534274291992188e+02,
       2.7732002735137939e+00, 5.0033935546875000e+01,
       2.2114465013146400e-02, 14746367, -1 ]
   - [ 3.6029934692382812e+02, 2.9338745117187500e+02,
       9.5175085067749023e+00, 2.8857196044921875e+02,
       1.5374451875686646e-02, 3604993, -1 ]
   - [ 3.6046591186523438e+02, 2.6433789062500000e+02,
       1.9206457138061523e+00, 5.3337005615234375e+01,
       1.6140280291438103e-02, 4850175, -1 ]
   - [ 3.6152072143554688e+02, 2.6735604858398438e+02,
       2.7164430618286133e+00, 5.0815185546875000e+01,
       3.0221182852983475e-02, 13239039, -1 ]
   - [ 3.6487435913085938e+02, 2.9738696289062500e+02,
       4.1398005485534668e+00, 2.8351623535156250e+02,
       1.4891790226101875e-02, 10289408, -1 ]
   - [ 3.6602075195312500e+02, 2.6108590698242188e+02,
       1.8226753473281860e+00, 5.0781738281250000e+01,
       1.4808530919253826e-02, 1049087, -1 ]
   - [ 3.6813937377929688e+02, 2.6279333496093750e+02,
       2.5004885196685791e+00, 5.3036621093750000e+01,
       2.3564742878079414e-02, 7209727, -1 ]
   - [ 3.7182150268554688e+02, 2.5661810302734375e+02,
       3.2319915294647217e+00, 6.0966400146484375e+01,
       1.5820493921637535e-02, 9044991, -1 ]
   - [ 3.7762948608398438e+02, 2.5276863098144531e+02,
       4.0635948181152344e+00, 6.1273895263671875e+01,
       1.6489343717694283e-02, 8913152, -1 ]
   - [ 3.7801028442382812e+02, 2.5874795532226562e+02,
       5.3623747825622559e+00, 6.0267761230468750e+01,
       2.3877954110503197e-02, 12255744, -1 ]
   - [ 3.8287899780273438e+02, 2.5035946655273438e+02,
       3.4602940082550049e+00, 6.2595275878906250e+01,
       1.3344557955861092e-02, 14025727, -1 ]
   - [ 3.8985351562500000e+02, 2.4788699340820312e+02,
       3.0588755607604980e+00, 6.7438232421875000e+01,
       1.6212228685617447e-02, 5112831, -1 ]
   - [ 3.9018368530273438e+02, 4.1835028076171875e+02,
       7.7751421928405762e+00, 8.3559783935546875e+01,
       1.5730170533061028e-02, 5701889, -1 ]
   - [ 3.9018368530273438e+02, 4.1835028076171875e+02,
       7.7751421928405762e+00, 3.1317709350585938e+02,
       1.5730170533061028e-02, 5701889, -1 ]
   - [ 3.9336245727539062e+02, 3.0638876342773438e+02,
       4.8842139244079590e+00, 2.7795861816406250e+02,
       1.8509235233068466e-02, 5505536, -1 ]
   - [ 3.9341116333007812e+02, 2.5090740966796875e+02,
       3.0082478523254395e+00, 6.7501922607421875e+01,
       3.0440580099821091e-02, 3867647, -1 ]
   - [ 3.9836944580078125e+02, 2.4405699157714844e+02,
       4.0696139335632324e+00, 7.2120880126953125e+01,
       1.4727969653904438e-02, 9044224, -1 ]
   - [ 4.0027572631835938e+02, 2.4866279602050781e+02,
       3.9202945232391357e+00, 7.2071166992187500e+01,
       2.7536092326045036e-02, 6357248, -1 ]
   - [ 4.0562222290039062e+02, 4.2876181030273438e+02,
       6.5051536560058594e+00, 3.0894628906250000e+02,
       1.4312713406980038e-02, 9503488, -1 ]
   - [ 4.1486239624023438e+02, 2.4198762512207031e+02,
       2.2406647205352783e+00, 8.0545989990234375e+01,
       1.5744037926197052e-02, 15991295, -1 ]
   - [ 4.1906176757812500e+02, 2.3988632202148438e+02,
       4.3677220344543457e+00, 8.1135864257812500e+01,
       1.5565661713480949e-02, 14156032, -1 ]
   - [ 4.2324667358398438e+02, 4.1614544677734375e+02,
       2.9709713459014893e+00, 8.8459991455078125e+01,
       1.5816746279597282e-02, 3015679, -1 ]
   - [ 4.2678814697265625e+02, 2.4019264221191406e+02,
       2.6740474700927734e+00, 8.2728698730468750e+01,
       1.8208479508757591e-02, 12059391, -1 ]
   - [ 4.3521734619140625e+02, 4.2603869628906250e+02,
       2.1493670940399170e+00, 2.1045042419433594e+02,
       1.3496112078428268e-02, 12976639, -1 ]
   - [ 4.3521734619140625e+02, 4.2603869628906250e+02,
       2.1493670940399170e+00, 2.2511340332031250e+02,
       1.3496112078428268e-02, 12976639, -1 ]
   - [ 4.3572293090820312e+02, 4.0630245971679688e+02,
       3.3124053478240967e+00, 8.8736816406250000e+01,
       1.7250055447220802e-02, 10879999, -1 ]
   - [ 4.4038928222656250e+02, 2.3905079650878906e+02,
       3.1198964118957520e+00, 8.7781982421875000e+01,
       1.5906756743788719e-02, 6554623, -1 ]
   - [ 4.4585806274414062e+02, 4.2835003662109375e+02,
       2.1848776340484619e+00, 2.3657917785644531e+02,
       1.5964858233928680e-02, 14156287, -1 ]
   - [ 4.4990194702148438e+02, 4.2338604736328125e+02,
       3.0894556045532227e+00, 9.0619598388671875e+01,
       1.8230339512228966e-02, 5833727, -1 ]
   - [ 4.5883090209960938e+02, 2.7656256103515625e+02,
       5.5897094726562500e+01, 2.6659051513671875e+02,
       5.6164577603340149e-02, 14680835, -1 ]
   - [ 4.6599447631835938e+02, 7.9212048339843750e+02,
       7.3549914360046387e+00, 3.3008114624023438e+02,
       1.4689335599541664e-02, 1704193, -1 ]
   - [ 4.6600909423828125e+02, 3.7645471191406250e+02,
       1.8351052999496460e+00, 1.7674850463867188e+02,
       2.8670646250247955e-02, 1573375, -1 ]
   - [ 4.6600909423828125e+02, 3.7645471191406250e+02,
       1.8351052999496460e+00, 3.1525238037109375e+02,
       2.8670646250247955e-02, 1573375, -1 ]
   - [ 4.7143771362304688e+02, 8.5868511962890625e+02,
       2.3520290851593018e+00, 2.4245956420898438e+02,
       1.6696106642484665e-02, 2818815, -1 ]
   - [ 4.7607778930664062e+02, 7.9459869384765625e+02,
       3.4639549255371094e+00, 2.9791500854492188e+02,
       1.6516109928488731e-02, 14091263, -1 ]
   - [ 4.7613534545898438e+02, 3.2438412475585938e+02,
       2.1553735733032227e+00, 5.6223052978515625e+01,
       1.8238134682178497e-02, 13173247, -1 ]
   - [ 4.7613534545898438e+02, 3.2438412475585938e+02,
       2.1553735733032227e+00, 9.1731872558593750e+01,
       1.8238134682178497e-02, 13173247, -1 ]
