%YAML:1.0
---
grayKeypoints:
   - [ 1.0846785736083984e+02, 2.3167280578613281e+02,
       3.0496790409088135e+00, 1.0025964355468750e+02,
       1.5575781464576721e-02, 4850687, -1 ]
   - [ 1.0846785736083984e+02, 2.3167280578613281e+02,
       3.0496790409088135e+00, 2.8199847412109375e+02,
       1.5575781464576721e-02, 4850687, -1 ]
   - [ 1.5218809509277344e+02, 6.2030352783203125e+02,
       2.3262081146240234e+00, 2.6105151367187500e+02,
       1.6393350437283516e-02, 2032383, -1 ]
   - [ 1.5286190795898438e+02, 6.1734417724609375e+02,
       2.2361443042755127e+00, 2.5939703369140625e+02,
       2.4900164455175400e-02, 15860223, -1 ]
   - [ 2.0584295654296875e+02, 4.7411853027343750e+02,
       2.6472215652465820e+00, 1.2319619750976562e+02,
       1.4518348500132561e-02, 11338495, -1 ]
   - [ 2.0584295654296875e+02, 4.7411853027343750e+02,
       2.6472215652465820e+00, 2.7624822998046875e+02,
       1.4518348500132561e-02, 11338495, -1 ]
   - [ 2.5114791870117188e+02, 2.3750028991699219e+02,
       2.1130907535552979e+00, 8.9709899902343750e+01,
       1.5167839825153351e-02, 11731455, -1 ]
   - [ 2.5114791870117188e+02, 2.3750028991699219e+02,
       2.1130907535552979e+00, 2.7317498779296875e+02,
       1.5167839825153351e-02, 11731455, -1 ]
   - [ 2.8526718139648438e+02, 1.9246459960937500e+02,
       2.5808913707733154e+00, 1.2496202087402344e+02,
       2.3291401565074921e-02, 9503487, -1 ]
   - [ 2.8526718139648438e+02, 1.9246459960937500e+02,
       2.5808913707733154e+00, 2.8107092285156250e+02,
       2.3291401565074921e-02, 9503487, -1 ]
   - [ 2.8879690551757812e+02, 3.4140634155273438e+02,
       1.3571425437927246e+01, 3.0328759765625000e+02,
       3.1210016459226608e-02, 12583681, -1 ]
   - [ 3.0350350952148438e+02, 3.5534274291992188e+02,
       3.2901222705841064e+00, 2.8222882080078125e+02,
       1.5296922996640205e-02, 10355711, -1 ]
   - [ 3.0693884277343750e+02, 3.2133905029296875e+02,
       1.9380797147750854e+00, 8.8784881591796875e+01,
       1.4357772655785084e-02, 5505535, -1 ]
   - [ 3.0850082397460938e+02, 3.3651019287109375e+02,
       2.0679018497467041e+00, 2.7228601074218750e+02,
       1.3923762366175652e-02, 10224127, -1 ]
   - [ 3.0886914062500000e+02, 3.6455285644531250e+02,
       1.9169641733169556e+00, 2.9496932983398438e+02,
       1.3376246206462383e-02, 4719103, -1 ]
   - [ 3.1220175170898438e+02, 3.2110153198242188e+02,
       2.2764036655426025e+00, 8.9904846191406250e+01,
       1.5339956618845463e-02, 459519, -1 ]
   - [ 3.1473583984375000e+02, 3.2817700195312500e+02,
       9.5767517089843750e+00, 8.9395324707031250e+01,
       2.2978529334068298e-02, 4063745, -1 ]
   - [ 3.1657574462890625e+02, 3.7641140747070312e+02,
       1.9120538711547852e+01, 3.0102539062500000e+02,
       2.7176922187209129e-02, 3932674, -1 ]
   - [ 3.2128353881835938e+02, 3.1741168212890625e+02,
       9.0080947875976562e+00, 9.3057678222656250e+01,
       1.6079040244221687e-02, 16384257, -1 ]
   - [ 3.2452420043945312e+02, 1.1273759460449219e+02,
       3.3979568481445312e+00, 1.8309950256347656e+02,
       2.1428525447845459e-02, 12715007, -1 ]
   - [ 3.2452420043945312e+02, 1.1273759460449219e+02,
       3.3979568481445312e+00, 3.2643908691406250e+02,
       2.1428525447845459e-02, 12715007, -1 ]
   - [ 3.4085302734375000e+02, 3.9811813354492188e+02,
       8.3287096023559570e+00, 2.9481838989257812e+02,
       2.2033674642443657e-02, 10682625, -1 ]
   - [ 3.4519122314453125e+02, 3.2362799072265625e+02,
       1.1170462608337402e+01, 1.1190641784667969e+02,
       1.4390042982995510e-02, 15204865, -1 ]
   - [ 3.4800213623046875e+02, 3.8320315551757812e+02,
       3.5279128551483154e+00, 2.8005203247070312e+02,
       1.3977626338601112e-02, 15401983, -1 ]
   - [ 3.4814196777343750e+02, 3.8291424560546875e+02,
       3.8044774532318115e+00, 2.8112390136718750e+02,
       1.3930747285485268e-02, 4129024, -1 ]
   - [ 3.4874203491210938e+02, 3.8805453491210938e+02,
       4.4930973052978516e+00, 2.7907183837890625e+02,
       2.0469073206186295e-02, 16187648, -1 ]
   - [ 3.4901800537109375e+02, 3.4329724121093750e+02,
       3.1219599246978760e+00, 8.3890136718750000e+01,
       1.6491226851940155e-02, 6554623, -1 ]
   - [ 3.5037030029296875e+02, 2.8539929199218750e+02,
       4.2869000434875488e+00, 3.4245635986328125e+01,
       1.3599622063338757e-02, 12779776, -1 ]
   - [ 3.5037030029296875e+02, 2.8539929199218750e+02,
       4.2869000434875488e+00, 4.7153076171875000e+01,
       1.3599622063338757e-02, 12779776, -1 ]
   - [ 3.5097796630859375e+02, 4.0097973632812500e+02,
       2.7316210269927979e+00, 2.7852557373046875e+02,
       2.0797381177544594e-02, 13632255, -1 ]
   - [ 3.5218780517578125e+02, 4.0394314575195312e+02,
       1.8674377202987671e+00, 2.7706161499023438e+02,
       1.3884456828236580e-02, 2818559, -1 ]
   - [ 3.5791885375976562e+02, 3.6794189453125000e+02,
       3.8980236053466797e+01, 2.8715167236328125e+02,
       3.0313810333609581e-02, 5374467, -1 ]
   - [ 3.5922219848632812e+02, 2.8591415405273438e+02,
       4.1446719169616699e+00, 2.9300814819335938e+02,
       1.7280194908380508e-02, 10354944, -1 ]
   - [ 3.5969345092773438e+02, 2.8553677368164062e+02,
       5.7368531227111816e+00, 3.0601962280273438e+02,
       1.7005985602736473e-02, 459520, -1 ]
   - [ 3.6222961425781250e+02, 3.3170260620117188e+02,
       4.7851724624633789e+00, 1.3525422668457031e+02,
       1.9209424033761024e-02, 4063744, -1 ]
   - [ 3.6292578125000000e+02, 2.8581842041015625e+02,
       1.4246670722961426e+01, 9.5546295166015625e+01,
       2.1076759323477745e-02, 16122625, -1 ]
   - [ 3.6781106567382812e+02, 4.6320300292968750e+02,
       5.6288137435913086e+00, 3.1998498535156250e+02,
       2.6350138708949089e-02, 15794688, -1 ]
   - [ 3.7267169189453125e+02, 3.5042745971679688e+02,
       7.5923304557800293e+00, 1.0658511352539062e+02,
       2.1259965375065804e-02, 3997953, -1 ]
   - [ 3.7269369506835938e+02, 3.8494860839843750e+02,
       4.8684182167053223e+00, 2.7268017578125000e+02,
       1.4059767127037048e-02, 5308928, -1 ]
   - [ 3.7308990478515625e+02, 3.5349459838867188e+02,
       2.4360058307647705e+00, 1.0166903686523438e+02,
       1.9935749471187592e-02, 5309183, -1 ]
   - [ 3.7431973266601562e+02, 4.6177352905273438e+02,
       4.2890038490295410e+00, 3.1793939208984375e+02,
       3.1319189816713333e-02, 12845312, -1 ]
   - [ 3.7764971923828125e+02, 3.3508584594726562e+02,
       2.8841714859008789e+00, 9.0987274169921875e+01,
       2.8315093368291855e-02, 852991, -1 ]
   - [ 3.7764971923828125e+02, 3.3508584594726562e+02,
       2.8841714859008789e+00, 2.7570367431640625e+02,
       2.8315093368291855e-02, 852991, -1 ]
   - [ 3.8018222045898438e+02, 3.3186682128906250e+02,
       2.7717568874359131e+00, 2.7241455078125000e+02,
       1.6821041703224182e-02, 14680831, -1 ]
   - [ 3.8046566772460938e+02, 2.8653170776367188e+02,
       2.0971310138702393e+00, 1.1100231933593750e+02,
       2.1406261250376701e-02, 11207167, -1 ]
   - [ 3.8326141357421875e+02, 3.5299057006835938e+02,
       6.7566466331481934e+00, 9.6058898925781250e+01,
       2.0705796778202057e-02, 12256000, -1 ]
   - [ 3.8556021118164062e+02, 3.5499243164062500e+02,
       3.1629219055175781e+00, 9.2016937255859375e+01,
       2.1151261404156685e-02, 7537663, -1 ]
   - [ 3.8589907836914062e+02, 3.4242767333984375e+02,
       6.3674311637878418e+00, 1.4129580688476562e+02,
       3.1927246600389481e-02, 7996160, -1 ]
   - [ 3.8605401611328125e+02, 2.9036706542968750e+02,
       2.0765995979309082e+00, 1.0196826171875000e+02,
       1.8227903172373772e-02, 10486271, -1 ]
   - [ 3.8641577148437500e+02, 3.9508297729492188e+02,
       3.1751968860626221e+00, 2.6717193603515625e+02,
       4.6143606305122375e-02, 7799807, -1 ]
   - [ 3.8641577148437500e+02, 3.9508297729492188e+02,
       3.1751968860626221e+00, 3.2409423828125000e+02,
       4.6143606305122375e-02, 7799807, -1 ]
