%YAML:1.0
---
grayKeypoints:
   - [ 3.2975055694580078e+01, 1.2485638427734375e+02,
       1.8154785633087158e+00, 4.2865051269531250e+01,
       1.3631992973387241e-02, 786943, -1 ]
   - [ 3.2975055694580078e+01, 1.2485638427734375e+02,
       1.8154785633087158e+00, 1.8981402587890625e+02,
       1.3631992973387241e-02, 786943, -1 ]
   - [ 3.2563543701171875e+02, 1.1613796386718750e+03,
       1.9608894586563110e+00, 9.7430572509765625e+01,
       1.3974122703075409e-02, 6357503, -1 ]
   - [ 3.2682192993164062e+02, 1.1652608642578125e+03,
       4.0519781112670898e+00, 1.0336437988281250e+02,
       2.5884047150611877e-02, 8716544, -1 ]
   - [ 3.2682192993164062e+02, 1.1652608642578125e+03,
       4.0519781112670898e+00, 2.7159191894531250e+02,
       2.5884047150611877e-02, 8716544, -1 ]
   - [ 3.5383145141601562e+02, 4.3795657348632812e+02,
       4.8129386901855469e+00, 1.0937969970703125e+02,
       1.7147202044725418e-02, 4456960, -1 ]
   - [ 3.5383145141601562e+02, 4.3795657348632812e+02,
       4.8129386901855469e+00, 2.6976205444335938e+02,
       1.7147202044725418e-02, 4456960, -1 ]
   - [ 4.4390502929687500e+02, 4.5966754913330078e+01,
       2.0036776065826416e+00, 8.6845153808593750e+01,
       1.7699128016829491e-02, 7930367, -1 ]
   - [ 4.4390502929687500e+02, 4.5966754913330078e+01,
       2.0036776065826416e+00, 2.6747854614257812e+02,
       1.7699128016829491e-02, 7930367, -1 ]
   - [ 5.1019683837890625e+02, 7.7120697021484375e+02,
       2.5383749008178711e+01, 2.9522842407226562e+02,
       2.8492495417594910e-02, 7734018, -1 ]
   - [ 5.2479809570312500e+02, 8.1257623291015625e+02,
       2.4906377792358398e+01, 2.9475775146484375e+02,
       1.8978009000420570e-02, 6357762, -1 ]
   - [ 5.2644073486328125e+02, 7.4206616210937500e+02,
       1.2389092445373535e+01, 5.8229370117187500e+01,
       2.2810280323028564e-02, 5964545, -1 ]
   - [ 5.3466101074218750e+02, 7.7258221435546875e+02,
       9.4601116180419922e+00, 8.6105133056640625e+01,
       1.5712851658463478e-02, 3211777, -1 ]
   - [ 5.3538684082031250e+02, 7.5700805664062500e+02,
       1.4135090827941895e+01, 7.2100769042968750e+01,
       3.8120221346616745e-02, 15532801, -1 ]
   - [ 5.3625421142578125e+02, 7.4956402587890625e+02,
       5.1053619384765625e+00, 2.4027363586425781e+02,
       1.4872482977807522e-02, 8716800, -1 ]
   - [ 5.4048278808593750e+02, 7.8891479492187500e+02,
       2.8393349647521973e+00, 2.7122009277343750e+02,
       1.4015289954841137e-02, 16450303, -1 ]
   - [ 5.6602874755859375e+02, 8.4553082275390625e+02,
       1.0402933120727539e+01, 2.7079571533203125e+02,
       1.8357630819082260e-02, 10093057, -1 ]
   - [ 5.7064099121093750e+02, 7.7439416503906250e+02,
       7.2838844299316406e+01, 3.2818298339843750e+02,
       2.3418316617608070e-02, 459268, -1 ]
   - [ 5.7294354248046875e+02, 8.1938024902343750e+02,
       2.7698642730712891e+01, 2.8403839111328125e+02,
       1.5885002911090851e-02, 14025474, -1 ]
   - [ 5.7294354248046875e+02, 8.1938024902343750e+02,
       2.7698642730712891e+01, 3.2575592041015625e+02,
       1.5885002911090851e-02, 14025474, -1 ]
   - [ 5.7551684570312500e+02, 8.1685333251953125e+02,
       3.0317255020141602e+01, 3.1503024291992188e+02,
       1.5556370839476585e-02, 3866883, -1 ]
   - [ 5.8079302978515625e+02, 6.2529431152343750e+02,
       2.2901105880737305e+01, 7.5563598632812500e+01,
       2.1829556673765182e-02, 328450, -1 ]
   - [ 5.8134338378906250e+02, 7.4728399658203125e+02,
       3.1903778076171875e+01, 1.3853942871093750e+02,
       1.7525544390082359e-02, 7536899, -1 ]
   - [ 5.8205017089843750e+02, 8.8008166503906250e+02,
       8.0842285156250000e+00, 3.2710949707031250e+02,
       1.9673688337206841e-02, 8519937, -1 ]
   - [ 5.8316217041015625e+02, 7.1610064697265625e+02,
       1.4798888206481934e+01, 9.6592437744140625e+01,
       1.4120759442448616e-02, 2162946, -1 ]
   - [ 5.8673730468750000e+02, 6.4358886718750000e+02,
       1.1794593811035156e+01, 2.5882873535156250e+02,
       1.3836732134222984e-02, 2425601, -1 ]
   - [ 5.8843719482421875e+02, 6.2305029296875000e+02,
       1.8870834112167358e+00, 9.9406036376953125e+01,
       1.6114128753542900e-02, 3604991, -1 ]
   - [ 5.9352374267578125e+02, 8.4812719726562500e+02,
       1.7930971145629883e+01, 7.3667572021484375e+01,
       2.6942588388919830e-02, 16056578, -1 ]
   - [ 5.9352374267578125e+02, 8.4812719726562500e+02,
       1.7930971145629883e+01, 2.6976898193359375e+02,
       2.6942588388919830e-02, 16056578, -1 ]
   - [ 6.0078515625000000e+02, 8.4103576660156250e+02,
       2.9003441333770752e+00, 2.7278167724609375e+02,
       1.5736527740955353e-02, 1246207, -1 ]
   - [ 6.0255609130859375e+02, 8.3577679443359375e+02,
       5.6206007003784180e+00, 2.6764538574218750e+02,
       1.4132515527307987e-02, 15663616, -1 ]
   - [ 6.0357659912109375e+02, 8.3229156494140625e+02,
       1.0385722160339355e+01, 2.6434039306640625e+02,
       1.4087880961596966e-02, 9961985, -1 ]
   - [ 6.0443139648437500e+02, 6.4587371826171875e+02,
       1.6231384277343750e+01, 2.5948312377929688e+02,
       1.3834053650498390e-02, 8847618, -1 ]
   - [ 6.0663952636718750e+02, 9.1914813232421875e+02,
       1.3423909187316895e+01, 3.1605487060546875e+02,
       2.2010102868080139e-02, 11797249, -1 ]
   - [ 6.0942315673828125e+02, 6.1001116943359375e+02,
       8.2123966217041016e+00, 8.0733276367187500e+01,
       1.5205048024654388e-02, 9699585, -1 ]
   - [ 6.0955419921875000e+02, 9.0345782470703125e+02,
       7.9634017944335938e+00, 3.1590524291992188e+02,
       2.9176721349358559e-02, 7471361, -1 ]
   - [ 6.1577447509765625e+02, 8.8301983642578125e+02,
       3.4973217010498047e+01, 3.1992105102539062e+02,
       3.3489573746919632e-02, 14221571, -1 ]
   - [ 6.2047241210937500e+02, 9.1474279785156250e+02,
       7.9318375587463379e+00, 3.1847534179687500e+02,
       2.5850180536508560e-02, 7143681, -1 ]
   - [ 6.2382836914062500e+02, 7.2566033935546875e+02,
       1.2129846572875977e+01, 8.1973571777343750e+01,
       1.8904685974121094e-02, 4457217, -1 ]
   - [ 6.2382836914062500e+02, 7.2566033935546875e+02,
       1.2129846572875977e+01, 1.3412564086914062e+02,
       1.8904685974121094e-02, 4457217, -1 ]
   - [ 6.2382836914062500e+02, 7.2566033935546875e+02,
       1.2129846572875977e+01, 2.5300775146484375e+02,
       1.8904685974121094e-02, 4457217, -1 ]
   - [ 6.2443487548828125e+02, 6.0113232421875000e+02,
       3.1236805915832520e+00, 8.7459228515625000e+01,
       1.3643711805343628e-02, 6620159, -1 ]
   - [ 6.2530749511718750e+02, 8.4763647460937500e+02,
       3.8317782878875732e+00, 9.8589965820312500e+01,
       1.6055569052696228e-02, 4653312, -1 ]
   - [ 6.3150823974609375e+02, 7.1643182373046875e+02,
       6.0465435981750488e+00, 2.5318679809570312e+02,
       1.4306877739727497e-02, 4260608, -1 ]
   - [ 6.3763195800781250e+02, 8.4758685302734375e+02,
       3.3539357185363770e+00, 2.9385806274414062e+02,
       1.8456241115927696e-02, 11731967, -1 ]
   - [ 6.3818847656250000e+02, 8.6025079345703125e+02,
       1.8467568159103394e+00, 9.3958343505859375e+01,
       1.8981004133820534e-02, 2032127, -1 ]
   - [ 6.3909991455078125e+02, 8.5798852539062500e+02,
       1.9404096603393555e+00, 9.5486022949218750e+01,
       2.9480479657649994e-02, 5571071, -1 ]
   - [ 6.3997595214843750e+02, 7.5902124023437500e+02,
       1.5287001609802246e+01, 9.7400207519531250e+01,
       1.8491437658667564e-02, 4456706, -1 ]
   - [ 6.4005578613281250e+02, 8.4383282470703125e+02,
       3.4870612621307373e+00, 2.9821063232421875e+02,
       1.6676597297191620e-02, 14550015, -1 ]
   - [ 6.4070703125000000e+02, 9.7448596191406250e+02,
       4.4872978210449219e+01, 3.0374313354492188e+02,
       2.1448599174618721e-02, 15532547, -1 ]
   - [ 6.4242034912109375e+02, 8.5527648925781250e+02,
       7.7470674514770508e+00, 9.6343688964843750e+01,
       3.4612655639648438e-02, 5439745, -1 ]
   - [ 6.4422912597656250e+02, 8.4602905273437500e+02,
