%YAML:1.0
---
grayKeypoints:
   - [ 4.4676680564880371e+00, 2.8943301391601562e+02,
       2.5812747478485107e+00, 1.2096611022949219e+02,
       1.6507748514413834e-02, 9503487, -1 ]
   - [ 4.4676680564880371e+00, 2.8943301391601562e+02,
       2.5812747478485107e+00, 2.7811489868164062e+02,
       1.6507748514413834e-02, 9503487, -1 ]
   - [ 1.4001756286621094e+02, 5.9093963623046875e+02,
       4.8587431907653809e+00, 9.0932067871093750e+01,
       2.2080354392528534e-02, 5112320, -1 ]
   - [ 1.5243046569824219e+02, 7.2561608886718750e+02,
       5.0264458656311035e+00, 8.7985870361328125e+01,
       2.7695804834365845e-02, 7602688, -1 ]
   - [ 1.5243046569824219e+02, 7.2561608886718750e+02,
       5.0264458656311035e+00, 2.7234097290039062e+02,
       2.7695804834365845e-02, 7602688, -1 ]
   - [ 2.2575128173828125e+02, 8.7773535156250000e+02,
       5.5459589958190918e+00, 1.1854519653320312e+02,
       2.8754642233252525e-02, 14680576, -1 ]
   - [ 2.2575128173828125e+02, 8.7773535156250000e+02,
       5.5459589958190918e+00, 2.6442962646484375e+02,
       2.8754642233252525e-02, 14680576, -1 ]
   - [ 2.6372109985351562e+02, 1.0057914428710938e+03,
       2.6842181682586670e+00, 9.0578887939453125e+01,
       1.9166177138686180e-02, 12387071, -1 ]
   - [ 2.6372109985351562e+02, 1.0057914428710938e+03,
       2.6842181682586670e+00, 2.6224716186523438e+02,
       1.9166177138686180e-02, 12387071, -1 ]
   - [ 2.7317254638671875e+02, 6.5904956054687500e+02,
       2.4386866092681885e+00, 2.7631817626953125e+02,
       1.7516041174530983e-02, 5440255, -1 ]
   - [ 2.7366613769531250e+02, 6.5504882812500000e+02,
       4.0604600906372070e+00, 1.0108721923828125e+02,
       3.2264400273561478e-02, 8847616, -1 ]
   - [ 2.7366613769531250e+02, 6.5504882812500000e+02,
       4.0604600906372070e+00, 2.7307495117187500e+02,
       3.2264400273561478e-02, 8847616, -1 ]
   - [ 2.8164218139648438e+02, 1.2960224609375000e+03,
       2.1678531169891357e+00, 2.8572998046875000e+01,
       2.6739642024040222e-02, 13631999, -1 ]
   - [ 2.8164218139648438e+02, 1.2960224609375000e+03,
       2.1678531169891357e+00, 2.0956651306152344e+02,
       2.6739642024040222e-02, 13631999, -1 ]
   - [ 3.3297869873046875e+02, 6.3999157714843750e+02,
       4.7302393913269043e+00, 8.9914093017578125e+01,
       1.4041964896023273e-02, 3211776, -1 ]
   - [ 3.3297869873046875e+02, 6.3999157714843750e+02,
       4.7302393913269043e+00, 2.4469421386718750e+02,
       1.4041964896023273e-02, 3211776, -1 ]
   - [ 4.4026052856445312e+02, 9.3137316894531250e+02,
       1.0520491600036621e+01, 3.4755859375000000e+01,
       1.8391449004411697e-02, 10879489, -1 ]
   - [ 4.4817721557617188e+02, 9.4437402343750000e+02,
       1.1000421524047852e+01, 3.2917602539062500e+01,
       4.5793190598487854e-02, 14090753, -1 ]
   - [ 4.4849465942382812e+02, 1.2801619873046875e+03,
       3.2247815132141113e+00, 2.1247558593750000e+00,
       1.4808611944317818e-02, 8913919, -1 ]
   - [ 4.5290786743164062e+02, 1.2887185058593750e+03,
       4.8746247291564941e+00, 3.2171063232421875e+02,
       1.8776159733533859e-02, 5374464, -1 ]
   - [ 4.5693740844726562e+02, 9.2486120605468750e+02,
       9.7907714843750000e+00, 3.1828125000000000e+01,
       2.4018481373786926e-02, 5702145, -1 ]
   - [ 4.5697140502929688e+02, 9.6345568847656250e+02,
       2.2200288772583008e+00, 2.8980511474609375e+02,
       1.4760361984372139e-02, 15335935, -1 ]
   - [ 4.6131909179687500e+02, 9.4436169433593750e+02,
       8.4883451461791992e+00, 1.8917492675781250e+02,
       2.1285196766257286e-02, 12058881, -1 ]
   - [ 4.6250360107421875e+02, 9.6768621826171875e+02,
       2.1999073028564453e+00, 2.8058294677734375e+02,
       1.4378368854522705e-02, 14680575, -1 ]
   - [ 4.7182998657226562e+02, 9.0308703613281250e+02,
       1.3469886779785156e+01, 3.6568756103515625e+01,
       2.5813898071646690e-02, 12059393, -1 ]
   - [ 4.7520910644531250e+02, 1.2950361328125000e+03,
       9.7342414855957031e+00, 2.8000546264648438e+02,
       2.6287870481610298e-02, 5243393, -1 ]
   - [ 4.8538619995117188e+02, 1.4279830322265625e+03,
       2.8674600124359131e+00, 2.1197584533691406e+02,
       3.8092087954282761e-02, 394239, -1 ]
   - [ 4.8928515625000000e+02, 8.7534100341796875e+02,
       8.5909881591796875e+00, 3.6854370117187500e+01,
       2.7230717241764069e-02, 12910849, -1 ]
   - [ 4.9258944702148438e+02, 9.7558770751953125e+02,
       1.2775509834289551e+01, 2.7027221679687500e+02,
       1.4508114196360111e-02, 8192769, -1 ]
   - [ 4.9359326171875000e+02, 9.6592785644531250e+02,
       3.1522340774536133e+00, 2.7429147338867188e+02,
       1.4670374803245068e-02, 7275519, -1 ]
   - [ 4.9536944580078125e+02, 9.6966705322265625e+02,
       3.1337535381317139e+00, 2.7349838256835938e+02,
       1.4140194281935692e-02, 6816767, -1 ]
   - [ 5.0045187377929688e+02, 1.2762906494140625e+03,
       5.4895820617675781e+01, 6.8077850341796875e+01,
       2.0156111568212509e-02, 13370115, -1 ]
   - [ 5.0416412353515625e+02, 1.1931721191406250e+03,
       4.9819366455078125e+01, 7.0647460937500000e+01,
       2.5717904791235924e-02, 6357763, -1 ]
   - [ 5.2360833740234375e+02, 8.3210778808593750e+02,
       3.0345427989959717e+00, 6.2438629150390625e+01,
       1.3999294489622116e-02, 4523007, -1 ]
   - [ 5.2855401611328125e+02, 9.6630090332031250e+02,
       2.9992835521697998e+00, 2.5561051940917969e+02,
       1.4005286619067192e-02, 3671039, -1 ]
   - [ 5.3044403076171875e+02, 8.3584216308593750e+02,
       1.6582555770874023e+01, 4.6775024414062500e+01,
       2.7928320690989494e-02, 10354946, -1 ]
   - [ 5.3119543457031250e+02, 1.2960479736328125e+03,
       6.0867333412170410e+00, 8.6983154296875000e+01,
       1.7628133296966553e-02, 4719360, -1 ]
   - [ 5.3157604980468750e+02, 1.2879953613281250e+03,
       6.2621002197265625e+00, 8.7106597900390625e+01,
       1.6114555299282074e-02, 6750976, -1 ]
   - [ 5.3225891113281250e+02, 9.7041912841796875e+02,
       1.1566245079040527e+01, 2.6127288818359375e+02,
       1.4747623354196548e-02, 1049345, -1 ]
   - [ 5.3517602539062500e+02, 1.6587045898437500e+03,
       2.6803493499755859e+00, 1.8629440307617188e+02,
       3.4019984304904938e-02, 12255999, -1 ]
   - [ 5.3517602539062500e+02, 1.6587045898437500e+03,
       2.6803493499755859e+00, 3.5216058349609375e+02,
       3.4019984304904938e-02, 12255999, -1 ]
   - [ 5.3518597412109375e+02, 9.6517291259765625e+02,
       3.4892070293426514e+00, 2.6393148803710938e+02,
       1.6386682167649269e-02, 14615551, -1 ]
   - [ 5.4057141113281250e+02, 1.6699256591796875e+03,
       3.8108117580413818e+00, 5.2370941162109375e+01,
       2.5595312938094139e-02, 4260096, -1 ]
   - [ 5.5844140625000000e+02, 9.6578039550781250e+02,
       1.2331843376159668e+01, 2.6034417724609375e+02,
       1.8034568056464195e-02, 5636865, -1 ]
   - [ 5.5864086914062500e+02, 8.0834118652343750e+02,
       8.2713041305541992e+00, 5.3432769775390625e+01,
       3.3919554203748703e-02, 10223873, -1 ]
   - [ 5.5972790527343750e+02, 1.2970858154296875e+03,
       6.7578430175781250e+00, 2.8858905029296875e+02,
       1.4105645939707756e-02, 12321536, -1 ]
   - [ 5.7331170654296875e+02, 1.2723653564453125e+03,
       6.8835792541503906e+00, 5.5581787109375000e+01,
       1.6950180754065514e-02, 13632256, -1 ]
   - [ 5.7461584472656250e+02, 7.9826550292968750e+02,
       9.6025571823120117e+00, 5.8806640625000000e+01,
       3.3779460936784744e-02, 4260353, -1 ]
   - [ 5.7480889892578125e+02, 6.8120550537109375e+02,
       4.1606764793395996e+00, 1.1550810241699219e+02,
       1.8461076542735100e-02, 10617088, -1 ]
   - [ 5.7480889892578125e+02, 6.8120550537109375e+02,
       4.1606764793395996e+00, 2.8921337890625000e+02,
       1.8461076542735100e-02, 10617088, -1 ]
   - [ 5.7832269287109375e+02, 9.5941003417968750e+02,
       8.1422567367553711e+00, 2.5926858520507812e+02,
       2.0801220089197159e-02, 9044225, -1 ]
