%YAML:1.0
---
grayKeypoints:
   - [ 5.0018081665039062e+01, 4.6385104370117188e+02,
       1.8613322973251343e+00, 3.0386993408203125e+01,
       2.3205377161502838e-02, 2556415, -1 ]
   - [ 5.0018081665039062e+01, 4.6385104370117188e+02,
       1.8613322973251343e+00, 2.4526184082031250e+02,
       2.3205377161502838e-02, 2556415, -1 ]
   - [ 1.6903919982910156e+02, 2.5358630371093750e+02,
       2.0116078853607178e+00, 1.8806974792480469e+02,
       3.2003961503505707e-02, 8192511, -1 ]
   - [ 1.6903919982910156e+02, 2.5358630371093750e+02,
       2.0116078853607178e+00, 2.8213140869140625e+02,
       3.2003961503505707e-02, 8192511, -1 ]
   - [ 2.0023641967773438e+02, 6.5205163574218750e+02,
       2.3723461627960205e+00, 2.6357647705078125e+02,
       2.3164533078670502e-02, 3408639, -1 ]
   - [ 2.0502726745605469e+02, 6.5456323242187500e+02,
       2.5092747211456299e+00, 2.6460137939453125e+02,
       1.8321160227060318e-02, 7471871, -1 ]
   - [ 2.0633065795898438e+02, 6.5136663818359375e+02,
       2.3033635616302490e+00, 2.6632766723632812e+02,
       2.4679504334926605e-02, 1311487, -1 ]
   - [ 2.0724235534667969e+02, 6.4852325439453125e+02,
       2.0448005199432373e+00, 8.8779541015625000e+01,
       1.3464222662150860e-02, 9372159, -1 ]
   - [ 2.1186692810058594e+02, 6.5084039306640625e+02,
       2.0289609432220459e+00, 9.1755554199218750e+01,
       2.6787541806697845e-02, 8847871, -1 ]
   - [ 2.1186692810058594e+02, 6.5084039306640625e+02,
       2.0289609432220459e+00, 2.6141174316406250e+02,
       2.6787541806697845e-02, 8847871, -1 ]
   - [ 3.3122268676757812e+02, 3.4915805053710938e+02,
       4.1435179710388184e+00, 1.9513702392578125e+01,
       1.3509164564311504e-02, 10354944, -1 ]
   - [ 3.3518222045898438e+02, 3.6960980224609375e+02,
       9.1565923690795898e+00, 3.0175311279296875e+02,
       1.4524695463478565e-02, 852481, -1 ]
   - [ 3.3760366821289062e+02, 3.6566967773437500e+02,
       1.9856935739517212e+00, 2.7767413330078125e+02,
       1.5313182957470417e-02, 7275007, -1 ]
   - [ 3.4071353149414062e+02, 3.3966973876953125e+02,
       2.5154325962066650e+00, 5.3884643554687500e+01,
       1.5727544203400612e-02, 7668479, -1 ]
   - [ 3.4165112304687500e+02, 3.5480895996093750e+02,
       1.3746344566345215e+01, 3.0158309936523438e+02,
       3.1872924417257309e-02, 13501185, -1 ]
   - [ 3.4503280639648438e+02, 3.4040371704101562e+02,
       2.1259906291961670e+00, 5.6886566162109375e+01,
       1.7233170568943024e-02, 12190207, -1 ]
   - [ 3.4559072875976562e+02, 3.6759149169921875e+02,
       4.1150794029235840e+00, 2.9310852050781250e+02,
       1.5819821506738663e-02, 9830656, -1 ]
   - [ 3.5053155517578125e+02, 3.4684201049804688e+02,
       2.2070176601409912e+00, 2.3155285644531250e+02,
       1.5590128488838673e-02, 14877183, -1 ]
   - [ 3.5359436035156250e+02, 3.5479504394531250e+02,
       2.4771323204040527e+00, 1.0411007690429688e+02,
       2.3788549005985260e-02, 6554367, -1 ]
   - [ 3.5780783081054688e+02, 3.5192800903320312e+02,
       8.8830718994140625e+00, 7.9941070556640625e+01,
       3.7262797355651855e-02, 15335681, -1 ]
   - [ 3.5909036254882812e+02, 3.6017276000976562e+02,
       4.3335890769958496e+00, 8.8769378662109375e+01,
       1.9412156194448471e-02, 13566208, -1 ]
   - [ 3.5989346313476562e+02, 3.4580563354492188e+02,
       2.5229954719543457e+00, 2.6790670776367188e+02,
       1.7517257481813431e-02, 7865087, -1 ]
   - [ 3.6158157348632812e+02, 3.3197500610351562e+02,
       4.9406557083129883e+00, 8.2345306396484375e+01,
       1.4439780265092850e-02, 6357504, -1 ]
   - [ 3.6362191772460938e+02, 3.7807748413085938e+02,
       1.9523333311080933e+00, 2.9374862670898438e+02,
       1.4757067896425724e-02, 6029823, -1 ]
   - [ 3.6409310913085938e+02, 3.5385089111328125e+02,
       4.1530642509460449e+00, 7.1147735595703125e+01,
       2.9582275077700615e-02, 10486016, -1 ]
   - [ 3.6528952026367188e+02, 3.7566610717773438e+02,
       2.1849510669708252e+00, 2.9404382324218750e+02,
       2.2771326825022697e-02, 14156287, -1 ]
   - [ 3.6884320068359375e+02, 3.8945803833007812e+02,
       2.0045890808105469e+01, 2.9715518188476562e+02,
       2.7958111837506294e-02, 7406082, -1 ]
   - [ 3.7433392333984375e+02, 3.2980337524414062e+02,
       7.9212150573730469e+00, 8.9529724121093750e+01,
       1.6560206189751625e-02, 7078145, -1 ]
   - [ 3.7487670898437500e+02, 3.3066995239257812e+02,
       6.8223724365234375e+00, 9.0066192626953125e+01,
       1.6724854707717896e-02, 12976896, -1 ]
   - [ 3.7866040039062500e+02, 3.3261102294921875e+02,
       2.6723334789276123e+00, 8.9422271728515625e+01,
       1.4975609257817268e-02, 12059391, -1 ]
   - [ 3.8131979370117188e+02, 1.2103530120849609e+02,
       1.9423862695693970e+00, 1.8640974426269531e+02,
       3.4372773021459579e-02, 5702143, -1 ]
   - [ 3.8293154907226562e+02, 3.8700704956054688e+02,
       2.2671668529510498e+00, 3.3330203247070312e+02,
       1.7325572669506073e-02, 131839, -1 ]
   - [ 3.8603802490234375e+02, 4.0054135131835938e+02,
       2.0860030651092529e+00, 3.8606994628906250e+01,
       1.5679171308875084e-02, 10813951, -1 ]
   - [ 3.9282528686523438e+02, 4.1064721679687500e+02,
       8.0297384262084961e+00, 2.9551727294921875e+02,
       2.2106090560555458e-02, 8061185, -1 ]
   - [ 3.9693380737304688e+02, 4.1935574340820312e+02,
       1.9819539785385132e+00, 2.8785140991210938e+02,
       1.9431084394454956e-02, 7143935, -1 ]
   - [ 4.0010653686523438e+02, 3.3368981933593750e+02,
       1.1812972068786621e+01, 1.1045478820800781e+02,
       1.5096453949809074e-02, 2556673, -1 ]
   - [ 4.0013705444335938e+02, 3.9496722412109375e+02,
       3.4111592769622803e+00, 2.7426245117187500e+02,
       1.4348513446748257e-02, 12977151, -1 ]
   - [ 4.0094281005859375e+02, 3.9913061523437500e+02,
       3.3125572204589844e+00, 2.7364233398437500e+02,
       2.0987298339605331e-02, 10879999, -1 ]
   - [ 4.0196469116210938e+02, 2.9032040405273438e+02,
       3.3332002162933350e+00, 3.1519439697265625e+01,
       1.9298659637570381e-02, 11338751, -1 ]
   - [ 4.0327630615234375e+02, 3.5406112670898438e+02,
       3.2388992309570312e+00, 6.9527862548828125e+01,
       2.2948021069169044e-02, 9241599, -1 ]
   - [ 4.0434274291992188e+02, 4.1444564819335938e+02,
       3.0859851837158203e+00, 2.7748327636718750e+02,
       2.1870531141757965e-02, 5702655, -1 ]
   - [ 4.0518283081054688e+02, 3.5802236938476562e+02,
       2.2618758678436279e+00, 6.0800598144531250e+01,
       1.7756372690200806e-02, 16712191, -1 ]
   - [ 4.0626416015625000e+02, 4.1158398437500000e+02,
       1.9107239246368408e+00, 1.0666903686523438e+02,
       1.3646519742906094e-02, 4456959, -1 ]
   - [ 4.0642758178710938e+02, 3.7407147216796875e+02,
       4.3535648345947266e+01, 2.8761920166015625e+02,
       3.0731333419680595e-02, 13369859, -1 ]
   - [ 4.0782226562500000e+02, 2.9087170410156250e+02,
       1.9106863737106323e+00, 4.2412231445312500e+01,
       1.8474195152521133e-02, 4456959, -1 ]
   - [ 4.0782226562500000e+02, 2.9087170410156250e+02,
       1.9106863737106323e+00, 2.9049325561523438e+02,
       1.8474195152521133e-02, 4456959, -1 ]
   - [ 4.1056945800781250e+02, 2.9080331420898438e+02,
       3.2907893657684326e+00, 2.8340258789062500e+02,
       2.0099220797419548e-02, 10355711, -1 ]
   - [ 4.1214773559570312e+02, 4.1591564941406250e+02,
       4.3804078102111816e+00, 2.7260302734375000e+02,
       1.5829162672162056e-02, 14352640, -1 ]
   - [ 4.1293630981445312e+02, 3.4440390014648438e+02,
       2.6257133483886719e+00, 1.4665312194824219e+02,
       1.5433087013661861e-02, 10748671, -1 ]
   - [ 4.1479217529296875e+02, 2.9026654052734375e+02,
       1.4015993118286133e+01, 8.5319396972656250e+01,
       2.1457152441143990e-02, 14942977, -1 ]
   - [ 4.1726364135742188e+02, 3.4105334472656250e+02,
       5.1275424957275391e+00, 1.3137603759765625e+02,
       2.1280083805322647e-02, 9044480, -1 ]
