%YAML:1.0
---
grayKeypoints:
   - [ 1.5866401672363281e+02, 3.3702410888671875e+02,
       2.2007425308227539e+01, 5.8059112548828125e+01,
       3.1579378992319107e-02, 14156290, -1 ]
   - [ 1.5866401672363281e+02, 3.3702410888671875e+02,
       2.2007425308227539e+01, 3.0647003173828125e+02,
       3.1579378992319107e-02, 14156290, -1 ]
   - [ 1.6956871032714844e+02, 5.6682971191406250e+02,
       5.3883638381958008e+00, 3.1410110473632812e+02,
       2.1245323121547699e-02, 12648960, -1 ]
   - [ 1.8201036071777344e+02, 3.2016418457031250e+02,
       9.9979848861694336e+00, 7.2824432373046875e+01,
       2.0921496674418449e-02, 7209473, -1 ]
   - [ 1.9413928222656250e+02, 5.2061480712890625e+02,
       1.3188490867614746e+01, 5.8954956054687500e+01,
       1.9399167969822884e-02, 10486529, -1 ]
   - [ 1.9413928222656250e+02, 5.2061480712890625e+02,
       1.3188490867614746e+01, 2.4984219360351562e+02,
       1.9399167969822884e-02, 10486529, -1 ]
   - [ 1.9493232727050781e+02, 3.1479061889648438e+02,
       4.9880318641662598e+00, 7.9684936523437500e+01,
       1.8897874280810356e-02, 7012864, -1 ]
   - [ 1.9748396301269531e+02, 3.7169195556640625e+02,
       3.7601830959320068e+00, 2.9457080078125000e+02,
       3.6432221531867981e-02, 3342592, -1 ]
   - [ 2.0291635131835938e+02, 3.7828616333007812e+02,
       2.2958147525787354e+00, 2.9105419921875000e+02,
       3.2890245318412781e-02, 1049343, -1 ]
   - [ 2.1053393554687500e+02, 3.1310693359375000e+02,
       6.5537271499633789e+00, 7.7630432128906250e+01,
       3.5392533987760544e-02, 10093312, -1 ]
   - [ 2.1721272277832031e+02, 5.1924755859375000e+02,
       7.9802126884460449e+00, 2.7208746337890625e+02,
       1.6049070283770561e-02, 7602433, -1 ]
   - [ 2.3562136840820312e+02, 5.9021508789062500e+02,
       2.3780708312988281e+01, 2.5318878173828125e+02,
       2.9888335615396500e-02, 3015426, -1 ]
   - [ 2.4775666809082031e+02, 3.9020324707031250e+02,
       1.8877037763595581e+00, 2.8065637207031250e+02,
       3.0306005850434303e-02, 3604991, -1 ]
   - [ 2.6324374389648438e+02, 5.2727349853515625e+02,
       2.0813926696777344e+01, 3.1916522216796875e+02,
       1.3849204406142235e-02, 10093058, -1 ]
   - [ 2.6646551513671875e+02, 3.5011358642578125e+02,
       6.9447486877441406e+01, 2.6959252929687500e+02,
       6.0180589556694031e-02, 13697284, -1 ]
   - [ 2.7294656372070312e+02, 3.9311758422851562e+02,
       1.9752495288848877e+00, 2.7639892578125000e+02,
       2.1974077448248863e-02, 6881791, -1 ]
   - [ 3.0895883178710938e+02, 3.9348623657226562e+02,
       2.5793998241424561e+00, 2.6861901855468750e+02,
       2.3810474202036858e-02, 9503487, -1 ]
   - [ 3.1498910522460938e+02, 3.2061581420898438e+02,
       8.3511877059936523e+00, 9.5517639160156250e+01,
       1.6048334538936615e-02, 10879233, -1 ]
   - [ 3.3224652099609375e+02, 3.0365325927734375e+02,
       6.5791811943054199e+00, 9.9486694335937500e+01,
       1.8699543550610542e-02, 10355456, -1 ]
   - [ 3.3379461669921875e+02, 5.6726507568359375e+02,
       3.1409757137298584e+00, 2.7336956787109375e+02,
       1.6480358317494392e-02, 7013375, -1 ]
   - [ 3.3538577270507812e+02, 5.6349658203125000e+02,
       2.8101806640625000e+00, 2.7655718994140625e+02,
       1.6417827457189560e-02, 15663871, -1 ]
   - [ 3.4831536865234375e+02, 4.9206607055664062e+02,
       1.0198539733886719e+01, 9.9959655761718750e+01,
       1.4321331866085529e-02, 8651265, -1 ]
   - [ 3.5044723510742188e+02, 3.4316195678710938e+02,
       1.9122513532638550e+00, 1.3005113220214844e+02,
       2.0345661789178848e-02, 4522495, -1 ]
   - [ 3.5080828857421875e+02, 3.5276095581054688e+02,
       4.2478733062744141e+00, 1.5227508544921875e+02,
       1.4342970214784145e-02, 12124416, -1 ]
   - [ 3.5099523925781250e+02, 3.5118472290039062e+02,
       1.9199799299240112e+00, 1.2670120239257812e+02,
       1.3932006433606148e-02, 4850175, -1 ]
   - [ 3.5709698486328125e+02, 3.8169113159179688e+02,
       5.5903191566467285e+00, 2.5600985717773438e+02,
       2.8126263990998268e-02, 15270400, -1 ]
   - [ 3.6227804565429688e+02, 3.4891577148437500e+02,
       2.6461143493652344e+00, 1.3042660522460938e+02,
       1.7398884519934654e-02, 11338495, -1 ]
   - [ 3.6417071533203125e+02, 3.8524761962890625e+02,
       4.2993173599243164e+00, 2.5397404479980469e+02,
       2.0425835624337196e-02, 12976384, -1 ]
   - [ 3.7072579956054688e+02, 3.7790805053710938e+02,
       5.6389818191528320e+00, 2.5302188110351562e+02,
       2.9624929651618004e-02, 15925760, -1 ]
   - [ 3.7873684692382812e+02, 5.3337304687500000e+02,
       5.0666503906250000e+01, 9.7533020019531250e+01,
       3.5078391432762146e-02, 7602947, -1 ]
   - [ 3.7873684692382812e+02, 5.3337304687500000e+02,
       5.0666503906250000e+01, 2.5975500488281250e+02,
       3.5078391432762146e-02, 7602947, -1 ]
   - [ 3.8897241210937500e+02, 5.1428558349609375e+02,
       1.2616062164306641e+01, 9.9477020263671875e+01,
       1.6409751027822495e-02, 7340801, -1 ]
   - [ 3.9208898925781250e+02, 3.1433306884765625e+02,
       3.0393319129943848e+00, 9.8582702636718750e+01,
       2.0927662029862404e-02, 4654079, -1 ]
   - [ 4.0078140258789062e+02, 3.1380191040039062e+02,
       6.8610954284667969e+00, 9.4125427246093750e+01,
       2.3493636399507523e-02, 13370112, -1 ]
   - [ 4.0713513183593750e+02, 3.6158111572265625e+02,
       1.1913097381591797e+01, 2.5018220520019531e+02,
       3.9951421320438385e-02, 3146497, -1 ]
   - [ 4.0714678955078125e+02, 3.2023507690429688e+02,
       4.9669599533081055e+00, 8.8331939697265625e+01,
       2.6620429009199142e-02, 6750720, -1 ]
   - [ 4.1734512329101562e+02, 3.4123211669921875e+02,
       3.7151203155517578e+01, 2.4327540588378906e+02,
       4.9704492092132568e-02, 1901059, -1 ]
   - [ 4.2375872802734375e+02, 3.6265261840820312e+02,
       4.1113290786743164e+00, 2.5867919921875000e+02,
       2.7814291417598724e-02, 9765120, -1 ]
   - [ 4.3855902099609375e+02, 3.5987792968750000e+02,
       6.4845743179321289e+00, 2.5915252685546875e+02,
       2.6363832876086235e-02, 9306880, -1 ]
   - [ 4.4460494995117188e+02, 3.4040063476562500e+02,
       3.7200181484222412e+00, 1.6996322631835938e+02,
       2.7427541092038155e-02, 2556160, -1 ]
   - [ 4.4816287231445312e+02, 3.2414334106445312e+02,
       8.9229412078857422e+00, 9.4038330078125000e+01,
       3.9758335798978806e-02, 15663361, -1 ]
   - [ 4.4816287231445312e+02, 3.2414334106445312e+02,
       8.9229412078857422e+00, 2.3275265502929688e+02,
       3.9758335798978806e-02, 15663361, -1 ]
   - [ 4.5259201049804688e+02, 3.5158813476562500e+02,
       1.8744757175445557e+00, 1.1940957641601562e+02,
       1.4389691874384880e-02, 3080703, -1 ]
   - [ 4.5397747802734375e+02, 3.4948077392578125e+02,
       2.3472378253936768e+00, 1.1539262390136719e+02,
       3.2320380210876465e-02, 2622207, -1 ]
   - [ 4.5522500610351562e+02, 3.4650241088867188e+02,
       2.5167858600616455e+00, 3.1094454956054688e+02,
       1.8176164478063583e-02, 7668479, -1 ]
   - [ 4.5597488403320312e+02, 3.3099124145507812e+02,
       2.4667642116546631e+00, 2.5800634765625000e+02,
       1.5563380904495716e-02, 6226687, -1 ]
   - [ 4.5833590698242188e+02, 5.3709100341796875e+02,
       4.0283946990966797e+00, 2.5868170166015625e+02,
       1.6943110153079033e-02, 8323328, -1 ]
   - [ 4.5862603759765625e+02, 3.4161334228515625e+02,
       5.7758989334106445e+00, 1.2020063781738281e+02,
       5.0234172493219376e-02, 918272, -1 ]
   - [ 4.5862603759765625e+02, 3.4161334228515625e+02,
       5.7758989334106445e+00, 1.5759658813476562e+02,
       5.0234172493219376e-02, 918272, -1 ]
   - [ 4.6381872558593750e+02, 3.3392047119140625e+02,
       8.6954183578491211e+00, 2.5402441406250000e+02,
       4.6553201973438263e-02, 13828353, -1 ]
   - [ 4.6571942138671875e+02, 3.5885513305664062e+02,
       3.4882378578186035e+00, 2.6182785034179688e+02,
       2.7047500014305115e-02, 14615551, -1 ]
