%YAML:1.0
---
grayKeypoints:
   - [ 1.5991243362426758e+01, 1.4776275634765625e+03,
       3.0993440151214600e+00, 1.9754058837890625e+01,
       2.4628033861517906e-02, 6030335, -1 ]
   - [ 2.9077577590942383e+01, 3.7590084838867188e+02,
       2.1569275856018066e+00, 1.1865164184570312e+02,
       1.4447066001594067e-02, 13238783, -1 ]
   - [ 2.9077577590942383e+01, 3.7590084838867188e+02,
       2.1569275856018066e+00, 3.4028604125976562e+02,
       1.4447066001594067e-02, 13238783, -1 ]
   - [ 4.4822242736816406e+01, 4.7016754150390625e+01,
       1.9190214872360229e+00, 1.1774900817871094e+02,
       1.5132604166865349e-02, 4784639, -1 ]
   - [ 6.2730590820312500e+01, 7.9636828613281250e+02,
       3.0772225856781006e+00, 1.8253802490234375e+02,
       1.6220632940530777e-02, 5506047, -1 ]
   - [ 6.7395118713378906e+01, 1.5298162841796875e+02,
       1.8824405670166016e+00, 2.4371716308593750e+02,
       1.4256738126277924e-02, 3408383, -1 ]
   - [ 6.7395118713378906e+01, 1.5298162841796875e+02,
       1.8824405670166016e+00, 3.0631326293945312e+02,
       1.4256738126277924e-02, 3408383, -1 ]
   - [ 2.2427951049804688e+02, 1.1750180664062500e+03,
       5.2872920036315918e+00, 2.7731607055664062e+02,
       2.1446220576763153e-02, 11272704, -1 ]
   - [ 2.4235038757324219e+02, 1.1771010742187500e+03,
       4.1371479034423828e+00, 1.0621075439453125e+02,
       2.7034791186451912e-02, 10223872, -1 ]
   - [ 2.4235038757324219e+02, 1.1771010742187500e+03,
       4.1371479034423828e+00, 2.7008117675781250e+02,
       2.7034791186451912e-02, 10223872, -1 ]
   - [ 2.4790681457519531e+02, 1.1763669433593750e+03,
       3.3281364440917969e+00, 1.7465390014648438e+02,
       1.5737090259790421e-02, 11207679, -1 ]
   - [ 2.8685345458984375e+02, 4.3321173095703125e+02,
       4.0276231765747070e+00, 1.8112562561035156e+02,
       2.5865217670798302e-02, 8257792, -1 ]
   - [ 2.8685345458984375e+02, 4.3321173095703125e+02,
       4.0276231765747070e+00, 3.5096188354492188e+02,
       2.5865217670798302e-02, 8257792, -1 ]
   - [ 3.9365725708007812e+02, 3.7583438873291016e+01,
       2.5397231578826904e+00, 3.2878851318359375e+02,
       2.2662023082375526e-02, 8323839, -1 ]
   - [ 4.1858404541015625e+02, 2.9407238006591797e+01,
       2.0470571517944336e+00, 1.6881533813476562e+02,
       1.3473863713443279e-02, 9437695, -1 ]
   - [ 4.1858404541015625e+02, 2.9407238006591797e+01,
       2.0470571517944336e+00, 3.5602667236328125e+02,
       1.3473863713443279e-02, 9437695, -1 ]
   - [ 4.4705688476562500e+02, 7.9622082519531250e+02,
       5.8073310852050781e+00, 3.1437307739257812e+02,
       1.5914313495159149e-02, 1311488, -1 ]
   - [ 4.5032699584960938e+02, 7.7719116210937500e+02,
       2.5560144424438477e+01, 2.9563375854492188e+02,
       2.9179459437727928e-02, 8258306, -1 ]
   - [ 4.6375576782226562e+02, 7.9613861083984375e+02,
       5.9617681503295898e+00, 2.5973754882812500e+02,
       1.5609955415129662e-02, 3212032, -1 ]
   - [ 4.6375576782226562e+02, 7.9613861083984375e+02,
       5.9617681503295898e+00, 2.9369998168945312e+02,
       1.5609955415129662e-02, 3212032, -1 ]
   - [ 4.6451031494140625e+02, 8.2401477050781250e+02,
       3.0784936904907227e+01, 3.0965432739257812e+02,
       1.7263175919651985e-02, 4980995, -1 ]
   - [ 4.6638345336914062e+02, 7.4857897949218750e+02,
       1.2732665061950684e+01, 5.9931030273437500e+01,
       2.2387616336345673e-02, 7996161, -1 ]
   - [ 4.6726373291015625e+02, 8.2127551269531250e+02,
       2.7431234359741211e+01, 2.9463244628906250e+02,
       1.7509819939732552e-02, 13370114, -1 ]
   - [ 4.7627316284179688e+02, 7.7982977294921875e+02,
       1.0347297668457031e+01, 8.2547698974609375e+01,
       1.5234140679240227e-02, 9699841, -1 ]
   - [ 4.7677679443359375e+02, 7.6340905761718750e+02,
       1.4698930740356445e+01, 7.4388977050781250e+01,
       3.7819396704435349e-02, 1638658, -1 ]
   - [ 4.7709216308593750e+02, 7.6096099853515625e+02,
       3.2996957302093506e+00, 3.1301220703125000e+02,
       1.6576627269387245e-02, 10552319, -1 ]
   - [ 4.7888818359375000e+02, 7.5545721435546875e+02,
       5.3357448577880859e+00, 2.4272135925292969e+02,
       1.6436319798231125e-02, 11928064, -1 ]
   - [ 4.8372329711914062e+02, 7.9686065673828125e+02,
       5.3045887947082520e+00, 2.6098071289062500e+02,
       1.5128741040825844e-02, 11469312, -1 ]
   - [ 4.8522842407226562e+02, 8.1588195800781250e+02,
       5.4533896446228027e+00, 1.1900817871093750e+01,
       1.3395660556852818e-02, 13500928, -1 ]
   - [ 4.8522842407226562e+02, 8.1588195800781250e+02,
       5.4533896446228027e+00, 2.9966336059570312e+02,
       1.3395660556852818e-02, 13500928, -1 ]
   - [ 4.9010211181640625e+02, 7.6219189453125000e+02,
       5.4225134849548340e+00, 5.2831146240234375e+01,
       1.6760835424065590e-02, 13107712, -1 ]
   - [ 4.9076205444335938e+02, 7.4946783447265625e+02,
       6.7111258506774902e+00, 2.6613714599609375e+02,
       1.5069513581693172e-02, 11797248, -1 ]
   - [ 5.0058621215820312e+02, 6.5447479248046875e+02,
       3.0114660263061523e+00, 3.1266232299804688e+02,
       1.4116968959569931e-02, 3933183, -1 ]
   - [ 5.0853112792968750e+02, 7.1338214111328125e+02,
       3.0677893161773682e+00, 1.3574263000488281e+02,
       1.3707560487091541e-02, 5309439, -1 ]
   - [ 5.1000714111328125e+02, 8.5473785400390625e+02,
       1.0291730880737305e+01, 2.7137500000000000e+02,
       1.8749270588159561e-02, 9306625, -1 ]
   - [ 5.1231201171875000e+02, 8.7516497802734375e+02,
       1.2556028366088867e+01, 2.9077755737304688e+02,
       1.8672587350010872e-02, 6947585, -1 ]
   - [ 5.1570977783203125e+02, 7.8152996826171875e+02,
       7.6763267517089844e+01, 3.2354144287109375e+02,
       2.3703375831246376e-02, 4194820, -1 ]
   - [ 5.1759509277343750e+02, 6.3089263916015625e+02,
       3.0945448875427246e+00, 3.6822357177734375e+01,
       1.3803405687212944e-02, 5964799, -1 ]
   - [ 5.2119616699218750e+02, 8.2548291015625000e+02,
       3.2050136566162109e+01, 3.1865661621093750e+02,
       1.5473375096917152e-02, 7930115, -1 ]
   - [ 5.2584729003906250e+02, 7.5503668212890625e+02,
       3.3851673126220703e+01, 1.3931916809082031e+02,
       1.7365502193570137e-02, 11862275, -1 ]
   - [ 5.2589044189453125e+02, 8.8076251220703125e+02,
       5.5359382629394531e+00, 2.8217276000976562e+02,
       1.5326924622058868e-02, 14549504, -1 ]
   - [ 5.3039746093750000e+02, 6.3137945556640625e+02,
       2.3602939605712891e+01, 8.0446624755859375e+01,
       2.2018004208803177e-02, 2491138, -1 ]
   - [ 5.3170837402343750e+02, 7.2291204833984375e+02,
       1.3436865806579590e+01, 9.9010284423828125e+01,
       1.4469664543867111e-02, 11862785, -1 ]
   - [ 5.3704327392578125e+02, 8.5735736083984375e+02,
       1.7863874435424805e+01, 2.6987316894531250e+02,
       2.4342224001884460e-02, 15728898, -1 ]
   - [ 5.3801513671875000e+02, 6.5029992675781250e+02,
       1.2073293685913086e+01, 2.5942068481445312e+02,
       1.3773238286375999e-02, 4129537, -1 ]
   - [ 5.3826177978515625e+02, 6.2648730468750000e+02,
       2.1168961524963379e+00, 1.0674627685546875e+02,
       1.7096098512411118e-02, 11862527, -1 ]
   - [ 5.3990100097656250e+02, 8.7393017578125000e+02,
       2.7359311580657959e+00, 1.0933244323730469e+02,
       1.4214004389941692e-02, 13763327, -1 ]
   - [ 5.4345721435546875e+02, 7.5891015625000000e+02,
       5.8600778579711914e+00, 1.9336463928222656e+02,
       1.6809506341814995e-02, 1966848, -1 ]
   - [ 5.4649133300781250e+02, 9.0952972412109375e+02,
       2.4642047882080078e+00, 3.2314443969726562e+02,
       2.3036716505885124e-02, 6161151, -1 ]
   - [ 5.4786895751953125e+02, 7.6561639404296875e+02,
       5.3857932090759277e+00, 6.1257690429687500e+01,
       1.4134174212813377e-02, 12583424, -1 ]
   - [ 5.4786895751953125e+02, 7.6561639404296875e+02,
       5.3857932090759277e+00, 1.5009204101562500e+02,
       1.4134174212813377e-02, 12583424, -1 ]
