%YAML:1.0
---
grayKeypoints:
   - [ 3.8386676788330078e+01, 4.6587628173828125e+02,
       2.6048951148986816e+00, 2.3144303894042969e+02,
       1.3364627026021481e-02, 10158847, -1 ]
   - [ 4.0613525390625000e+01, 1.9965447998046875e+02,
       2.0063045024871826e+00, 1.4449272155761719e+02,
       1.7594823613762856e-02, 7995903, -1 ]
   - [ 4.0613525390625000e+01, 1.9965447998046875e+02,
       2.0063045024871826e+00, 1.6528128051757812e+02,
       1.7594823613762856e-02, 7995903, -1 ]
   - [ 4.0613525390625000e+01, 1.9965447998046875e+02,
       2.0063045024871826e+00, 3.5881646728515625e+02,
       1.7594823613762856e-02, 7995903, -1 ]
   - [ 5.2553359985351562e+01, 6.1596441650390625e+02,
       2.2303788661956787e+00, 1.9157907104492188e+02,
       1.4854182489216328e-02, 15663615, -1 ]
   - [ 1.1853115081787109e+02, 3.0408523559570312e+02,
       1.9708846807479858e+00, 1.7750831604003906e+02,
       2.8312085196375847e-02, 6750719, -1 ]
   - [ 1.2660977935791016e+02, 5.9765795898437500e+02,
       2.8215780258178711e+00, 6.6815216064453125e+01,
       1.4680227264761925e-02, 15991551, -1 ]
   - [ 1.6866130065917969e+02, 4.4156552124023438e+02,
       3.0238296985626221e+00, 1.1069049072265625e+02,
       2.5660758838057518e-02, 4260863, -1 ]
   - [ 1.6866130065917969e+02, 4.4156552124023438e+02,
       3.0238296985626221e+00, 2.7904052734375000e+02,
       2.5660758838057518e-02, 4260863, -1 ]
   - [ 1.6866130065917969e+02, 4.4156552124023438e+02,
       3.0238296985626221e+00, 3.4407913208007812e+02,
       2.5660758838057518e-02, 4260863, -1 ]
   - [ 1.8287727355957031e+02, 3.3142279052734375e+02,
       2.3731467723846436e+00, 1.8707354736328125e+02,
       2.8319640085101128e-02, 3474175, -1 ]
   - [ 1.8287727355957031e+02, 3.3142279052734375e+02,
       2.3731467723846436e+00, 3.5908963012695312e+02,
       2.8319640085101128e-02, 3474175, -1 ]
   - [ 2.7184451293945312e+02, 4.6329641723632812e+02,
       4.9449992179870605e+00, 2.8955200195312500e+01,
       1.9755477085709572e-02, 6423040, -1 ]
   - [ 2.7401327514648438e+02, 4.5282440185546875e+02,
       7.6968088150024414e+00, 3.0505859375000000e+01,
       1.8948681652545929e-02, 4980993, -1 ]
   - [ 2.7568884277343750e+02, 4.7032565307617188e+02,
       5.5974478721618652e+00, 2.6574859619140625e+01,
       4.5380827039480209e-02, 15401472, -1 ]
   - [ 2.7917404174804688e+02, 4.6032116699218750e+02,
       4.4628281593322754e+00, 2.7282409667968750e+01,
       2.6686074212193489e-02, 15728896, -1 ]
   - [ 2.8195095825195312e+02, 4.6905007934570312e+02,
       4.0443987846374512e+00, 1.8315887451171875e+02,
       2.0598217844963074e-02, 8585472, -1 ]
   - [ 2.8806597900390625e+02, 6.2475347900390625e+02,
       1.9750999212265015e+00, 7.8229064941406250e+00,
       2.0282236859202385e-02, 6881791, -1 ]
   - [ 2.9049560546875000e+02, 6.3389855957031250e+02,
       3.2260868549346924e+00, 3.2146948242187500e+02,
       1.9472876563668251e-02, 8913919, -1 ]
   - [ 2.9309436035156250e+02, 4.3488272094726562e+02,
       4.1502261161804199e+00, 3.0103942871093750e+01,
       2.8503937646746635e-02, 10420480, -1 ]
   - [ 3.0199783325195312e+02, 6.3691259765625000e+02,
       5.3920183181762695e+00, 2.7926605224609375e+02,
       2.4162704125046730e-02, 12648960, -1 ]
   - [ 3.0949700927734375e+02, 7.0111328125000000e+02,
       1.9739058017730713e+00, 1.9602883911132812e+02,
       2.5614939630031586e-02, 6816255, -1 ]
   - [ 3.1171322631835938e+02, 5.8805969238281250e+02,
       2.1430921554565430e+01, 6.3587768554687500e+01,
       2.6852043345570564e-02, 12190210, -1 ]
   - [ 3.1698275756835938e+02, 4.8183248901367188e+02,
       8.4875431060791016e+00, 2.6024475097656250e+02,
       1.5577964484691620e-02, 12058881, -1 ]
   - [ 3.2354464721679688e+02, 4.0044003295898438e+02,
       4.1510844230651855e+00, 5.0355682373046875e+01,
       3.3596739172935486e-02, 10486016, -1 ]
   - [ 3.3004281616210938e+02, 4.7606329345703125e+02,
       5.4078836441040039e+00, 2.5713485717773438e+02,
       1.7799600958824158e-02, 12911104, -1 ]
   - [ 3.3090374755859375e+02, 3.9495608520507812e+02,
       4.9296951293945312e+00, 5.5317382812500000e+01,
       3.3871196210384369e-02, 6160896, -1 ]
   - [ 3.3175180053710938e+02, 6.3993603515625000e+02,
       9.4740600585937500e+00, 2.8967486572265625e+02,
       1.9828120246529579e-02, 3277313, -1 ]
   - [ 3.4696896362304688e+02, 5.6683111572265625e+02,
       1.2520903587341309e+01, 6.9042022705078125e+01,
       2.0253252238035202e-02, 6750977, -1 ]
   - [ 3.4696896362304688e+02, 5.6683111572265625e+02,
       1.2520903587341309e+01, 2.5244940185546875e+02,
       2.0253252238035202e-02, 6750977, -1 ]
   - [ 3.4935437011718750e+02, 6.2269598388671875e+02,
       3.4345822334289551e+00, 4.9799621582031250e+01,
       1.4288025908172131e-02, 13501439, -1 ]
   - [ 3.6165838623046875e+02, 6.5121044921875000e+02,
       6.8086404800415039e+00, 2.7907058715820312e+02,
       1.5719370916485786e-02, 12845824, -1 ]
   - [ 3.6330178833007812e+02, 5.3717822265625000e+02,
       7.9389244079589844e+01, 7.0439636230468750e+01,
       3.0085807666182518e-02, 6685188, -1 ]
   - [ 3.6330178833007812e+02, 5.3717822265625000e+02,
       7.9389244079589844e+01, 2.6373745727539062e+02,
       3.0085807666182518e-02, 6685188, -1 ]
   - [ 3.7165405273437500e+02, 6.3588439941406250e+02,
       8.1131849288940430e+00, 2.7189666748046875e+02,
       1.3633130118250847e-02, 8782081, -1 ]
   - [ 3.7469577026367188e+02, 6.0097210693359375e+02,
       3.6284871101379395e+00, 8.6664398193359375e+01,
       1.6113255172967911e-02, 721152, -1 ]
   - [ 3.8860702514648438e+02, 4.1546350097656250e+02,
       7.3467422485351562e+01, 8.7575683593750000e+01,
       6.1658930033445358e-02, 1049092, -1 ]
   - [ 3.8860702514648438e+02, 4.1546350097656250e+02,
       7.3467422485351562e+01, 2.5395417785644531e+02,
       6.1658930033445358e-02, 1049092, -1 ]
   - [ 4.1101470947265625e+02, 5.9480523681640625e+02,
       2.6695816516876221e+00, 7.0215881347656250e+01,
       1.8767090514302254e-02, 11928319, -1 ]
   - [ 4.5085275268554688e+02, 5.8871606445312500e+02,
       2.6394660472869873e+00, 8.2691009521484375e+01,
       1.6180684790015221e-02, 11141887, -1 ]
   - [ 4.6721130371093750e+02, 3.5324545288085938e+02,
       1.3114089012145996e+01, 8.6602691650390625e+01,
       3.2498002052307129e-02, 10093313, -1 ]
   - [ 4.6737765502929688e+02, 3.5198413085937500e+02,
       1.4638615608215332e+01, 8.5583740234375000e+01,
       3.2042920589447021e-02, 1376514, -1 ]
   - [ 4.6799795532226562e+02, 3.6095599365234375e+02,
       2.5828289985656738e+00, 8.6805908203125000e+01,
       1.5146817080676556e-02, 9569023, -1 ]
   - [ 4.7774804687500000e+02, 3.6346444702148438e+02,
       2.3447165489196777e+00, 9.1553924560546875e+01,
       2.3798247799277306e-02, 2556671, -1 ]
   - [ 4.7933712768554688e+02, 8.2853607177734375e+02,
       2.3879916667938232e+00, 1.7624777221679688e+02,
       3.1657200306653976e-02, 3867391, -1 ]
   - [ 4.7933712768554688e+02, 8.2853607177734375e+02,
       2.3879916667938232e+00, 3.5688140869140625e+02,
       3.1657200306653976e-02, 3867391, -1 ]
   - [ 4.8110604858398438e+02, 3.5890859985351562e+02,
       4.8597111701965332e+00, 8.1636505126953125e+01,
       1.8134480342268944e-02, 5177856, -1 ]
   - [ 4.8572482299804688e+02, 2.6367312622070312e+02,
       2.6257266998291016e+00, 3.5151177978515625e+02,
       1.6688905656337738e-02, 10748671, -1 ]
   - [ 4.8609408569335938e+02, 3.8143862915039062e+02,
       3.6641902923583984e+01, 9.2684478759765625e+01,
       5.2236635237932205e-02, 852483, -1 ]
   - [ 4.8609408569335938e+02, 3.8143862915039062e+02,
       3.6641902923583984e+01, 2.2803132629394531e+02,
       5.2236635237932205e-02, 852483, -1 ]
   - [ 4.8622607421875000e+02, 3.6336853027343750e+02,
       4.6831898689270020e+00, 8.0450012207031250e+01,
       2.1606588736176491e-02, 2490880, -1 ]
