%YAML:1.0
---
grayKeypoints:
   - [ 3.2651283264160156e+01, 4.7750625610351562e+02,
       2.0915937423706055e+00, 4.9174407958984375e+01,
       2.3591037839651108e-02, 11010559, -1 ]
   - [ 1.8863465881347656e+02, 6.5985144042968750e+02,
       2.3885381221771240e+00, 2.5523928833007812e+02,
       2.8299467638134956e-02, 3932927, -1 ]
   - [ 2.0110974121093750e+02, 6.5825665283203125e+02,
       2.1159379482269287e+00, 8.9135253906250000e+01,
       3.4214269369840622e-02, 11862527, -1 ]
   - [ 2.0110974121093750e+02, 6.5825665283203125e+02,
       2.1159379482269287e+00, 2.6424157714843750e+02,
       3.4214269369840622e-02, 11862527, -1 ]
   - [ 2.6140979003906250e+02, 3.1894665527343750e+02,
       1.8091808557510376e+00, 2.5657849121093750e+02,
       1.7384558916091919e-02, 524799, -1 ]
   - [ 3.2290347290039062e+02, 3.7190103149414062e+02,
       4.2067251205444336e+00, 2.8965188598632812e+02,
       1.6585363075137138e-02, 11403520, -1 ]
   - [ 3.2808639526367188e+02, 3.5436495971679688e+02,
       2.2110769748687744e+00, 2.1882783508300781e+02,
       2.3960744962096214e-02, 15073791, -1 ]
   - [ 3.2872857666015625e+02, 3.3879577636718750e+02,
       2.7863368988037109e+00, 7.4583312988281250e+01,
       1.4688130468130112e-02, 15074047, -1 ]
   - [ 3.2914947509765625e+02, 3.3859542846679688e+02,
       3.0659205913543701e+00, 7.5569763183593750e+01,
       1.4525250531733036e-02, 5243903, -1 ]
   - [ 3.3498742675781250e+02, 3.5598825073242188e+02,
       8.9468297958374023e+00, 8.1421142578125000e+01,
       3.7050861865282059e-02, 15859969, -1 ]
   - [ 3.3634088134765625e+02, 3.6413146972656250e+02,
       4.1897482872009277e+00, 8.7963073730468750e+01,
       1.9124509766697884e-02, 11141376, -1 ]
   - [ 3.3790692138671875e+02, 3.4980850219726562e+02,
       2.7438549995422363e+00, 2.6936303710937500e+02,
       1.8349217250943184e-02, 13959935, -1 ]
   - [ 3.3959570312500000e+02, 3.3610073852539062e+02,
       4.2923126220703125e+00, 8.1156585693359375e+01,
       1.4855985529720783e-02, 12910848, -1 ]
   - [ 3.4034765625000000e+02, 3.5283862304687500e+02,
       1.9034792184829712e+00, 2.6750695800781250e+02,
       2.4687400087714195e-02, 4194815, -1 ]
   - [ 3.4131863403320312e+02, 3.5766003417968750e+02,
       4.1007175445556641e+00, 7.1156951904296875e+01,
       2.8148630633950233e-02, 9568512, -1 ]
   - [ 3.4280654907226562e+02, 3.7917053222656250e+02,
       2.1304607391357422e+00, 2.8955764770507812e+02,
       2.6164686307311058e-02, 12386815, -1 ]
   - [ 3.4361645507812500e+02, 3.4025241088867188e+02,
       3.0638654232025146e+00, 8.3791900634765625e+01,
       2.0113812759518623e-02, 5243903, -1 ]
   - [ 3.4559930419921875e+02, 3.7719192504882812e+02,
       1.8733743429183960e+00, 2.5685070800781250e+02,
       2.5460878387093544e-02, 3080703, -1 ]
   - [ 3.4593298339843750e+02, 3.4392428588867188e+02,
       9.7222347259521484e+00, 8.3721984863281250e+01,
       2.1834721788764000e-02, 5177857, -1 ]
   - [ 3.4722143554687500e+02, 3.9304577636718750e+02,
       1.9689579010009766e+01, 2.9889239501953125e+02,
       2.7996825054287910e-02, 6095362, -1 ]
   - [ 3.4876470947265625e+02, 3.8351562500000000e+02,
       3.0888061523437500e+00, 2.7813394165039062e+02,
       1.7954509705305099e-02, 5768191, -1 ]
   - [ 3.4931195068359375e+02, 3.3656280517578125e+02,
       2.9719395637512207e+00, 8.9973876953125000e+01,
       1.4772944152355194e-02, 3015679, -1 ]
   - [ 3.5039050292968750e+02, 3.3182821655273438e+02,
       9.4343461990356445e+00, 8.4961334228515625e+01,
       1.6028147190809250e-02, 3015169, -1 ]
   - [ 3.5334109497070312e+02, 3.8501748657226562e+02,
       2.1533086299896240e+00, 3.0476034545898438e+02,
       1.3614389114081860e-02, 13107711, -1 ]
   - [ 3.6090731811523438e+02, 4.0358306884765625e+02,
       5.4614500999450684e+00, 1.4822662353515625e+01,
       1.4392143115401268e-02, 13566464, -1 ]
   - [ 3.6462756347656250e+02, 4.0710647583007812e+02,
       2.0350112915039062e+00, 2.7149291992187500e+01,
       1.7408220097422600e-02, 9044479, -1 ]
   - [ 3.6699667358398438e+02, 1.7345254516601562e+02,
       2.8679559230804443e+00, 3.1168487548828125e+01,
       1.5687240287661552e-02, 459775, -1 ]
   - [ 3.6699667358398438e+02, 1.7345254516601562e+02,
       2.8679559230804443e+00, 2.1046276855468750e+02,
       1.5687240287661552e-02, 459775, -1 ]
   - [ 3.7378652954101562e+02, 4.1464846801757812e+02,
       9.5229425430297852e+00, 2.7925192260742188e+02,
       2.3160226643085480e-02, 3670529, -1 ]
   - [ 3.7520501708984375e+02, 4.2199652099609375e+02,
       2.0866258144378662e+00, 2.7623666381835938e+02,
       2.2605711594223976e-02, 10879487, -1 ]
   - [ 3.7587677001953125e+02, 3.3669815063476562e+02,
       1.1499569892883301e+01, 1.0884097290039062e+02,
       1.5035162679851055e-02, 590593, -1 ]
   - [ 3.7605993652343750e+02, 2.9312777709960938e+02,
       3.5037772655487061e+00, 3.6381072998046875e+01,
       1.8032381311058998e-02, 14943231, -1 ]
   - [ 3.7753536987304688e+02, 3.9706665039062500e+02,
       3.9767520427703857e+00, 2.7757095336914062e+02,
       1.3583246618509293e-02, 7340288, -1 ]
   - [ 3.7791342163085938e+02, 4.1951535034179688e+02,
       2.2374465465545654e+00, 2.7638879394531250e+02,
       1.4496774412691593e-02, 15925759, -1 ]
   - [ 3.7888632202148438e+02, 3.5754565429687500e+02,
       2.0744531154632568e+00, 2.1206118774414062e+02,
       2.4172041565179825e-02, 10420735, -1 ]
   - [ 3.8216680908203125e+02, 4.1680297851562500e+02,
       3.1686019897460938e+00, 2.7484027099609375e+02,
       2.2040711715817451e-02, 7668735, -1 ]
   - [ 3.8419796752929688e+02, 4.3063378906250000e+02,
       1.3507654190063477e+01, 2.6982366943359375e+02,
       1.6761200502514839e-02, 12256001, -1 ]
   - [ 3.8478048706054688e+02, 4.1971847534179688e+02,
       1.8943964242935181e+00, 2.6839141845703125e+02,
       1.5776000916957855e-02, 3867135, -1 ]
   - [ 3.8481497192382812e+02, 2.9329208374023438e+02,
       2.5922491550445557e+00, 2.8026028442382812e+02,
       1.9345873966813087e-02, 9831167, -1 ]
   - [ 3.8545690917968750e+02, 3.3737811279296875e+02,
       3.9378299713134766e+00, 2.9533068847656250e+02,
       1.4452309347689152e-02, 6619392, -1 ]
   - [ 3.8876284790039062e+02, 2.9273315429687500e+02,
       1.4030226707458496e+01, 8.2797576904296875e+01,
       2.1090030670166016e-02, 15008513, -1 ]
   - [ 3.8939645385742188e+02, 3.4662158203125000e+02,
       2.4255585670471191e+00, 1.4652847290039062e+02,
       1.7895443364977837e-02, 5047039, -1 ]
   - [ 3.8972033691406250e+02, 3.8094451904296875e+02,
       4.2825519561767578e+01, 2.7195336914062500e+02,
       3.0209630727767944e-02, 12124675, -1 ]
   - [ 3.9212115478515625e+02, 2.8485980224609375e+02,
       2.2730720043182373e+00, 8.7043365478515625e+01,
       1.5375327318906784e-02, 328447, -1 ]
   - [ 3.9336199951171875e+02, 4.0214562988281250e+02,
       1.9988907575607300e+00, 2.7080169677734375e+02,
       1.6747349873185158e-02, 7733759, -1 ]
   - [ 3.9338320922851562e+02, 3.4342340087890625e+02,
       5.1035065650939941e+00, 1.2912075805664062e+02,
       2.0483311265707016e-02, 8716800, -1 ]
   - [ 3.9338320922851562e+02, 3.4342340087890625e+02,
       5.1035065650939941e+00, 2.8751351928710938e+02,
       2.0483311265707016e-02, 8716800, -1 ]
   - [ 3.9350296020507812e+02, 4.1776849365234375e+02,
       3.2696321010589600e+00, 2.6193850708007812e+02,
       1.6037264838814735e-02, 9896959, -1 ]
   - [ 3.9752029418945312e+02, 4.0203894042968750e+02,
       2.1228082180023193e+00, 2.7146069335937500e+02,
       1.6425985842943192e-02, 12124671, -1 ]
   - [ 3.9789215087890625e+02, 4.1010812377929688e+02,
       3.6577241420745850e+00, 8.8768249511718750e+01,
       1.4735473319888115e-02, 1310976, -1 ]
   - [ 3.9904980468750000e+02, 4.7331347656250000e+02,
       2.6107861995697021e+00, 3.3783798217773438e+02,
       2.0657863467931747e-02, 10355455, -1 ]
