%YAML:1.0
---
grayKeypoints:
   - [ 4.0980628967285156e+01, 7.6122454833984375e+02,
       1.9295103549957275e+00, 8.6819335937500000e+01,
       5.1386825740337372e-02, 5177855, -1 ]
   - [ 4.0980628967285156e+01, 7.6122454833984375e+02,
       1.9295103549957275e+00, 1.7470075988769531e+02,
       5.1386825740337372e-02, 5177855, -1 ]
   - [ 4.0980628967285156e+01, 7.6122454833984375e+02,
       1.9295103549957275e+00, 3.4889578247070312e+02,
       5.1386825740337372e-02, 5177855, -1 ]
   - [ 2.8126486206054688e+02, 4.8241397094726562e+02,
       2.1827747821807861e+00, 1.4694213867187500e-01,
       3.3446237444877625e-02, 14090751, -1 ]
   - [ 2.8126486206054688e+02, 4.8241397094726562e+02,
       2.1827747821807861e+00, 1.1577294921875000e+02,
       3.3446237444877625e-02, 14090751, -1 ]
   - [ 2.8126486206054688e+02, 4.8241397094726562e+02,
       2.1827747821807861e+00, 2.2614259338378906e+02,
       3.3446237444877625e-02, 14090751, -1 ]
   - [ 3.2011022949218750e+02, 6.5493450927734375e+02,
       1.8898416757583618e+00, 2.0402404785156250e+01,
       1.4830795116722584e-02, 3670527, -1 ]
   - [ 3.6294961547851562e+02, 8.2185028076171875e+02,
       1.9330726861953735e+00, 7.0491455078125000e+01,
       1.4623154886066914e-02, 5308927, -1 ]
   - [ 3.6541949462890625e+02, 4.9778112792968750e+02,
       3.7208104133605957e+00, 2.4185333251953125e+01,
       2.0854635164141655e-02, 2556160, -1 ]
   - [ 3.6958636474609375e+02, 5.0093621826171875e+02,
       4.0862512588500977e+00, 2.3909637451171875e+01,
       4.6024985611438751e-02, 9306368, -1 ]
   - [ 3.7205343627929688e+02, 4.9316525268554688e+02,
       3.7920053005218506e+00, 2.3616180419921875e+01,
       2.5653949007391930e-02, 3932416, -1 ]
   - [ 3.7450393676757812e+02, 5.0056423950195312e+02,
       3.2692940235137939e+00, 1.8554620361328125e+02,
       1.8752200528979301e-02, 9896959, -1 ]
   - [ 3.8016125488281250e+02, 4.6726281738281250e+02,
       3.8531272411346436e+00, 3.0109893798828125e+01,
       2.0110826939344406e-02, 5046528, -1 ]
   - [ 3.8259298706054688e+02, 4.7199127197265625e+02,
       3.2544887065887451e+00, 2.8501342773437500e+01,
       2.9652249068021774e-02, 9569279, -1 ]
   - [ 3.8265588378906250e+02, 8.1677197265625000e+02,
       2.1409492492675781e+00, 7.7184265136718750e+01,
       1.5437458641827106e-02, 12714495, -1 ]
   - [ 3.8963256835937500e+02, 6.4723992919921875e+02,
       2.5711042881011963e+00, 3.0924670410156250e+02,
       1.5285838395357132e-02, 9241343, -1 ]
   - [ 3.9013290405273438e+02, 6.4342980957031250e+02,
       2.8056120872497559e+00, 3.1316870117187500e+02,
       2.7120150625705719e-02, 15532799, -1 ]
   - [ 3.9568026733398438e+02, 5.0389117431640625e+02,
       6.3420491218566895e+00, 2.6194241333007812e+02,
       1.9945887848734856e-02, 7668480, -1 ]
   - [ 3.9892407226562500e+02, 6.4577893066406250e+02,
       5.2486166954040527e+00, 2.8185336303710938e+02,
       2.6724746450781822e-02, 10748416, -1 ]
   - [ 3.9986114501953125e+02, 6.5292004394531250e+02,
       5.5211405754089355e+00, 2.8283303833007812e+02,
       1.6442982479929924e-02, 14352896, -1 ]
   - [ 4.0468322753906250e+02, 6.0324572753906250e+02,
       2.0343675613403320e+01, 5.9787078857421875e+01,
       2.7223072946071625e-02, 8454658, -1 ]
   - [ 4.0584451293945312e+02, 4.4295123291015625e+02,
       3.7329909801483154e+00, 4.8015167236328125e+01,
       3.3608850091695786e-02, 2818304, -1 ]
   - [ 4.1001370239257812e+02, 5.0496820068359375e+02,
       2.9956998825073242e+00, 2.5127069091796875e+02,
       1.8888000398874283e-02, 3605503, -1 ]
   - [ 4.1184625244140625e+02, 4.3794757080078125e+02,
       3.9222686290740967e+00, 5.1286987304687500e+01,
       3.6176752299070358e-02, 6357248, -1 ]
   - [ 4.1465496826171875e+02, 6.4968383789062500e+02,
       5.5589623451232910e+00, 2.8614089965820312e+02,
       1.3686261139810085e-02, 14877184, -1 ]
   - [ 4.2515835571289062e+02, 5.0106481933593750e+02,
       4.2489728927612305e+00, 2.5023471069335938e+02,
       2.0272230729460716e-02, 12124416, -1 ]
   - [ 4.2520465087890625e+02, 6.4748004150390625e+02,
       9.3975734710693359e+00, 2.8953839111328125e+02,
       2.1900180727243423e-02, 2687489, -1 ]
   - [ 4.2553750610351562e+02, 6.3824810791015625e+02,
       2.6754350662231445e+00, 8.9962982177734375e+01,
       1.3689680956304073e-02, 12124927, -1 ]
   - [ 4.3281860351562500e+02, 4.9887921142578125e+02,
       5.1617012023925781e+00, 2.4985244750976562e+02,
       2.2323807701468468e-02, 9503232, -1 ]
   - [ 4.3643905639648438e+02, 6.5483074951171875e+02,
       5.2070841789245605e+00, 2.8296554565429688e+02,
       1.3347312808036804e-02, 10158592, -1 ]
   - [ 4.3732904052734375e+02, 8.0573559570312500e+02,
       1.9460802078247070e+00, 8.5281402587890625e+01,
       1.8095688894391060e-02, 5833215, -1 ]
   - [ 4.4502911376953125e+02, 5.5577752685546875e+02,
       6.9317932128906250e+01, 2.6007748413085938e+02,
       2.8047515079379082e-02, 13566212, -1 ]
   - [ 4.4539587402343750e+02, 4.9208660888671875e+02,
       2.2372460365295410e+00, 2.4978472900390625e+02,
       2.1345362067222595e-02, 15860223, -1 ]
   - [ 4.5155212402343750e+02, 6.5644995117187500e+02,
       6.4024553298950195e+00, 2.7042938232421875e+02,
       1.5571783296763897e-02, 8389376, -1 ]
   - [ 4.5865115356445312e+02, 6.0729473876953125e+02,
       3.3884365558624268e+00, 6.8915893554687500e+01,
       1.3425921089947224e-02, 12518399, -1 ]
   - [ 4.6055914306640625e+02, 4.5170684814453125e+02,
       6.1981212615966797e+01, 8.5877624511718750e+01,
       6.2257058918476105e-02, 5439748, -1 ]
   - [ 4.6055914306640625e+02, 4.5170684814453125e+02,
       6.1981212615966797e+01, 2.4610870361328125e+02,
       6.2257058918476105e-02, 5439748, -1 ]
   - [ 4.6121182250976562e+02, 6.4053906250000000e+02,
       7.5158638954162598e+00, 2.7959936523437500e+02,
       1.4009407721459866e-02, 3277057, -1 ]
   - [ 4.6278863525390625e+02, 6.0959497070312500e+02,
       2.8860118389129639e+00, 7.4664276123046875e+01,
       1.6829377040266991e-02, 918527, -1 ]
   - [ 4.7021237182617188e+02, 4.8111938476562500e+02,
       2.4136607646942139e+00, 2.4925323486328125e+02,
       2.3452799767255783e-02, 4653823, -1 ]
   - [ 4.8150061035156250e+02, 6.1342065429687500e+02,
       2.6496248245239258e+00, 3.8520050048828125e+01,
       1.3655247166752815e-02, 11404031, -1 ]
   - [ 4.8150061035156250e+02, 6.1342065429687500e+02,
       2.6496248245239258e+00, 8.3946319580078125e+01,
       1.3655247166752815e-02, 11404031, -1 ]
   - [ 4.8150061035156250e+02, 6.1342065429687500e+02,
       2.6496248245239258e+00, 3.5099813842773438e+02,
       1.3655247166752815e-02, 11404031, -1 ]
   - [ 4.9293994140625000e+02, 6.0354394531250000e+02,
       2.3254873752593994e+00, 7.3878906250000000e+01,
       1.7863204702734947e-02, 1966847, -1 ]
   - [ 4.9311553955078125e+02, 6.0762750244140625e+02,
       1.9096478223800659e+00, 5.5412658691406250e+01,
       1.4407196082174778e-02, 4456959, -1 ]
   - [ 4.9311553955078125e+02, 6.0762750244140625e+02,
       1.9096478223800659e+00, 2.2915652465820312e+02,
       1.4407196082174778e-02, 4456959, -1 ]
   - [ 5.0194189453125000e+02, 6.1303131103515625e+02,
       3.3198871612548828e+01, 7.8255340576171875e+01,
       3.6496944725513458e-02, 10420483, -1 ]
   - [ 5.2352941894531250e+02, 3.9734475708007812e+02,
       1.0502189636230469e+01, 8.2782409667968750e+01,
       3.3029951155185699e-02, 10748417, -1 ]
   - [ 5.2489691162109375e+02, 4.0351199340820312e+02,
       2.0789177417755127e+00, 8.2113983154296875e+01,
       1.5277676284313202e-02, 10551807, -1 ]
   - [ 5.2564202880859375e+02, 5.9801733398437500e+02,
       2.1461172103881836e+00, 7.8632476806640625e+01,
       2.0369138568639755e-02, 12911103, -1 ]
   - [ 5.2567279052734375e+02, 4.4559988403320312e+02,
       5.2625498771667480e+00, 2.3717263793945312e+02,
       3.0216041952371597e-02, 10945024, -1 ]
