%YAML:1.0
---
grayKeypoints:
   - [ 1.1760840606689453e+02, 3.7918978881835938e+02,
       5.8600583076477051e+00, 1.5263551330566406e+02,
       1.6591977328062057e-02, 1966848, -1 ]
   - [ 1.1889351654052734e+02, 3.6501376342773438e+02,
       1.8668287992477417e+00, 1.7333610534667969e+02,
       1.4085466973483562e-02, 2818559, -1 ]
   - [ 1.1889351654052734e+02, 3.6501376342773438e+02,
       1.8668287992477417e+00, 2.1876127624511719e+02,
       1.4085466973483562e-02, 2818559, -1 ]
   - [ 1.2108469390869141e+02, 3.6245004272460938e+02,
       2.6122314929962158e+00, 1.8180268859863281e+02,
       2.4475844576954842e-02, 10420991, -1 ]
   - [ 1.2108469390869141e+02, 3.6245004272460938e+02,
       2.6122314929962158e+00, 3.1566503906250000e+02,
       2.4475844576954842e-02, 10420991, -1 ]
   - [ 1.2340749359130859e+02, 3.8994781494140625e+02,
       4.6239924430847168e+00, 1.5005567932128906e+02,
       1.5674518421292305e-02, 1573376, -1 ]
   - [ 1.2412708282470703e+02, 3.7270446777343750e+02,
       8.9610548019409180e+00, 1.5666003417968750e+02,
       3.4086313098669052e-02, 15991041, -1 ]
   - [ 1.2412708282470703e+02, 3.7270446777343750e+02,
       8.9610548019409180e+00, 3.3404675292968750e+02,
       3.4086313098669052e-02, 15991041, -1 ]
   - [ 1.3186860656738281e+02, 3.8964257812500000e+02,
       8.3721303939819336e+00, 1.4409928894042969e+02,
       3.2905422151088715e-02, 11075841, -1 ]
   - [ 1.3186860656738281e+02, 3.8964257812500000e+02,
       8.3721303939819336e+00, 3.4253503417968750e+02,
       3.2905422151088715e-02, 11075841, -1 ]
   - [ 1.3236494445800781e+02, 3.6947952270507812e+02,
       5.1058039665222168e+00, 3.3356930541992188e+02,
       1.4785028062760830e-02, 8716800, -1 ]
   - [ 2.7480700683593750e+02, 8.3118731689453125e+02,
       1.8538208007812500e+00, 1.4371360778808594e+02,
       3.9619822055101395e-02, 2294271, -1 ]
   - [ 3.0468502807617188e+02, 2.9917111206054688e+02,
       3.4523117542266846e+00, 4.8917419433593750e+01,
       1.3845849782228470e-02, 13829119, -1 ]
   - [ 3.0515689086914062e+02, 3.0462280273437500e+02,
       4.2706217765808105e+00, 4.7379241943359375e+01,
       3.5178039222955704e-02, 12517632, -1 ]
   - [ 3.0765191650390625e+02, 2.9696722412109375e+02,
       2.3421673774719238e+00, 4.3994506835937500e+01,
       1.4003715477883816e-02, 2491135, -1 ]
   - [ 3.0927352905273438e+02, 3.0043597412109375e+02,
       2.0663111209869385e+00, 4.3940368652343750e+01,
       2.4354662746191025e-02, 10158591, -1 ]
   - [ 3.0927352905273438e+02, 3.0043597412109375e+02,
       2.0663111209869385e+00, 2.2450915527343750e+02,
       2.4354662746191025e-02, 10158591, -1 ]
   - [ 3.1107415771484375e+02, 3.0511526489257812e+02,
       3.7142543792724609e+00, 2.0741276550292969e+02,
       1.9778804853558540e-02, 2425088, -1 ]
   - [ 3.1250106811523438e+02, 2.9171173095703125e+02,
       3.4517369270324707e+00, 5.3302734375000000e+01,
       1.3426726683974266e-02, 13829119, -1 ]
   - [ 3.1841351318359375e+02, 3.0460568237304688e+02,
       2.0087741851806641e+01, 4.5367004394531250e+01,
       1.5538206323981285e-02, 7537154, -1 ]
   - [ 3.1841351318359375e+02, 3.0460568237304688e+02,
       2.0087741851806641e+01, 2.9353939819335938e+02,
       1.5538206323981285e-02, 7537154, -1 ]
   - [ 3.2473052978515625e+02, 3.1166268920898438e+02,
       9.5156679153442383e+00, 2.8894491577148438e+02,
       1.6340322792530060e-02, 3604993, -1 ]
   - [ 3.2724826049804688e+02, 2.8606497192382812e+02,
       3.0184769630432129e+00, 5.4386779785156250e+01,
       2.8265291824936867e-02, 4129791, -1 ]
   - [ 3.2867321777343750e+02, 2.8164160156250000e+02,
       2.2482321262359619e+00, 6.1702362060546875e+01,
       1.5913700684905052e-02, 16253439, -1 ]
   - [ 3.3072314453125000e+02, 3.1639108276367188e+02,
       3.5212082862854004e+00, 2.8504846191406250e+02,
       1.5586217865347862e-02, 15270911, -1 ]
   - [ 3.3079150390625000e+02, 3.1606170654296875e+02,
       4.0932383537292480e+00, 2.8387826538085938e+02,
       1.5404116362333298e-02, 9437440, -1 ]
   - [ 3.3398474121093750e+02, 2.8203582763671875e+02,
       3.1189146041870117e+00, 5.8776062011718750e+01,
       2.2098427638411522e-02, 6489087, -1 ]
   - [ 3.3666143798828125e+02, 2.7474053955078125e+02,
       5.1495652198791504e+00, 5.9988128662109375e+01,
       1.5292193740606308e-02, 9372160, -1 ]
   - [ 3.3907003784179688e+02, 3.1756967163085938e+02,
       4.3904771804809570e+00, 2.8092388916015625e+02,
       1.7257578670978546e-02, 14549248, -1 ]
   - [ 3.3993667602539062e+02, 3.1888208007812500e+02,
       2.7079370021820068e+00, 2.7997882080078125e+02,
       1.6926310956478119e-02, 12976895, -1 ]
   - [ 3.4396185302734375e+02, 2.7401281738281250e+02,
       2.3260197639465332e+00, 6.4834075927734375e+01,
       1.6078602522611618e-02, 1966847, -1 ]
   - [ 3.4512463378906250e+02, 8.3444799804687500e+02,
       4.0564475059509277e+00, 1.4316253662109375e+01,
       1.9719649106264114e-02, 8782080, -1 ]
   - [ 3.4610473632812500e+02, 8.5036938476562500e+02,
       2.0592312812805176e+00, 3.1002041625976562e+02,
       1.3867523521184921e-02, 9896447, -1 ]
   - [ 3.4988406372070312e+02, 8.3963378906250000e+02,
       1.2657781600952148e+01, 2.0938223266601562e+02,
       4.4857203960418701e-02, 7537409, -1 ]
   - [ 3.5006753540039062e+02, 3.1947811889648438e+02,
       3.5113632678985596e+00, 2.8068768310546875e+02,
       2.0810823887586594e-02, 15074303, -1 ]
   - [ 3.5227304077148438e+02, 3.2354077148437500e+02,
       2.0427882671356201e+00, 2.8073162841796875e+02,
       2.5567308068275452e-02, 9306623, -1 ]
   - [ 3.5974111938476562e+02, 4.3549914550781250e+02,
       6.7009696960449219e+00, 3.1119888305664062e+02,
       1.4069512486457825e-02, 11666176, -1 ]
   - [ 3.5974111938476562e+02, 4.3549914550781250e+02,
       6.7009696960449219e+00, 3.4893142700195312e+02,
       1.4069512486457825e-02, 11666176, -1 ]
   - [ 3.6007235717773438e+02, 2.7090411376953125e+02,
       2.9764947891235352e+00, 7.0738189697265625e+01,
       3.1935073435306549e-02, 3146751, -1 ]
   - [ 3.6223672485351562e+02, 8.4902984619140625e+02,
       9.8413515090942383e+00, 2.1387191772460938e+02,
       2.0410554483532906e-02, 6029825, -1 ]
   - [ 3.6260754394531250e+02, 3.2075207519531250e+02,
       3.9819047451019287e+00, 2.8004687500000000e+02,
       2.0077994093298912e-02, 7471360, -1 ]
   - [ 3.6278738403320312e+02, 7.9042657470703125e+02,
       3.6397635936737061e+00, 1.0316650390625000e+01,
       1.4606746844947338e-02, 983296, -1 ]
   - [ 3.6660906982421875e+02, 2.6541882324218750e+02,
       2.0463321208953857e+00, 7.6140197753906250e+01,
       1.9525622949004173e-02, 9437695, -1 ]
   - [ 3.6697860717773438e+02, 8.2457592773437500e+02,
       2.7793130874633789e+00, 2.5813568115234375e+01,
       2.3394402116537094e-02, 14877439, -1 ]
   - [ 3.6697860717773438e+02, 8.2457592773437500e+02,
       2.7793130874633789e+00, 2.1031597900390625e+02,
       2.3394402116537094e-02, 14877439, -1 ]
   - [ 3.6708737182617188e+02, 7.8460705566406250e+02,
       8.1438322067260742e+00, 2.0211486816406250e+01,
       2.0187240093946457e-02, 9044225, -1 ]
   - [ 3.6720666503906250e+02, 2.6877499389648438e+02,
       3.7293498516082764e+00, 7.4080383300781250e+01,
       2.9231248423457146e-02, 2687232, -1 ]
   - [ 3.6729681396484375e+02, 8.1678674316406250e+02,
       4.8829131126403809e+00, 3.0820104980468750e+02,
       2.4013461545109749e-02, 5505536, -1 ]
   - [ 3.6748583984375000e+02, 8.3345166015625000e+02,
       2.7149951457977295e+00, 1.9808651733398438e+02,
       1.4275470748543739e-02, 13173503, -1 ]
   - [ 3.7149444580078125e+02, 3.2208465576171875e+02,
       3.9929447174072266e+00, 2.7916247558593750e+02,
       1.9767550751566887e-02, 7667968, -1 ]
   - [ 3.7176959228515625e+02, 2.6383084106445312e+02,
       3.0570487976074219e+00, 8.0039550781250000e+01,
       1.8592925742268562e-02, 5047295, -1 ]
