%YAML:1.0
---
grayKeypoints:
   - [ 1.9430406570434570e+01, 3.6058135986328125e+02,
       2.3056828975677490e+00, 3.5734429931640625e+02,
       1.4642760157585144e-02, 1377023, -1 ]
   - [ 1.3469903564453125e+02, 4.0372799682617188e+02,
       2.3563668727874756e+00, 2.8741101074218750e+02,
       1.3403056189417839e-02, 2949887, -1 ]
   - [ 1.3469903564453125e+02, 4.0372799682617188e+02,
       2.3563668727874756e+00, 3.2483422851562500e+02,
       1.3403056189417839e-02, 2949887, -1 ]
   - [ 1.4106756591796875e+02, 3.9311898803710938e+02,
       1.4801526069641113e+01, 2.9466131591796875e+02,
       2.9900213703513145e-02, 2162946, -1 ]
   - [ 1.4108111572265625e+02, 4.0157562255859375e+02,
       1.8520367145538330e+00, 2.7082473754882812e+02,
       1.4084379188716412e-02, 2228735, -1 ]
   - [ 1.4259950256347656e+02, 4.0555926513671875e+02,
       3.7793128490447998e+00, 2.8386788940429688e+02,
       1.5682596713304520e-02, 3670272, -1 ]
   - [ 1.4691177368164062e+02, 4.0820489501953125e+02,
       2.3197772502899170e+00, 2.5888214111328125e+02,
       1.3980118557810783e-02, 1770239, -1 ]
   - [ 1.4800143432617188e+02, 3.7622473144531250e+02,
       2.0290818214416504e+00, 6.1668212890625000e+01,
       1.7396209761500359e-02, 8847871, -1 ]
   - [ 1.5196638488769531e+02, 3.8684457397460938e+02,
       2.2885921001434326e+00, 2.3394984436035156e+02,
       2.6556402444839478e-02, 852735, -1 ]
   - [ 1.5307456970214844e+02, 4.0623535156250000e+02,
       3.5443382263183594e+00, 2.5590718078613281e+02,
       1.8875228241086006e-02, 15729663, -1 ]
   - [ 1.5307456970214844e+02, 4.0623535156250000e+02,
       3.5443382263183594e+00, 3.0162243652343750e+02,
       1.8875228241086006e-02, 15729663, -1 ]
   - [ 1.5383480834960938e+02, 1.3703460693359375e+02,
       2.1533424854278564e+00, 8.9521820068359375e+01,
       1.8655365332961082e-02, 13107711, -1 ]
   - [ 1.5383480834960938e+02, 1.3703460693359375e+02,
       2.1533424854278564e+00, 3.2602102661132812e+02,
       1.8655365332961082e-02, 13107711, -1 ]
   - [ 1.5540708923339844e+02, 3.8496997070312500e+02,
       2.1895558834075928e+00, 2.4429650878906250e+02,
       2.1704694256186485e-02, 14352895, -1 ]
   - [ 1.5737648010253906e+02, 3.9207519531250000e+02,
       2.6813540458679199e+00, 9.2330535888671875e+01,
       2.6597671210765839e-02, 12255999, -1 ]
   - [ 1.5765719604492188e+02, 3.9760049438476562e+02,
       4.9023222923278809e+00, 8.9604370117187500e+01,
       1.9043253734707832e-02, 5767680, -1 ]
   - [ 1.5827586364746094e+02, 3.8887261962890625e+02,
       9.1997680664062500e+00, 7.5668457031250000e+01,
       3.6300703883171082e-02, 1180161, -1 ]
   - [ 1.6133607482910156e+02, 4.0344885253906250e+02,
       1.2798248291015625e+01, 2.8771783447265625e+02,
       2.1295865997672081e-02, 8323841, -1 ]
   - [ 1.6317094421386719e+02, 4.1360455322265625e+02,
       2.1070294380187988e+00, 2.9281762695312500e+02,
       2.4257872253656387e-02, 11534847, -1 ]
   - [ 1.6331599426269531e+02, 3.8205596923828125e+02,
       3.1181340217590332e+00, 2.7193319702148438e+02,
       1.7842149361968040e-02, 6489087, -1 ]
   - [ 1.6474409484863281e+02, 4.2359585571289062e+02,
       1.5754635810852051e+01, 2.9292434692382812e+02,
       2.3192074149847031e-02, 6684930, -1 ]
   - [ 1.6692510986328125e+02, 3.8530014038085938e+02,
       2.3080537319183350e+00, 2.6184368896484375e+02,
       2.3243306204676628e-02, 1442559, -1 ]
   - [ 1.6900498962402344e+02, 3.7559521484375000e+02,
       9.6489372253417969e+00, 8.5937133789062500e+01,
       2.0656503736972809e-02, 4653569, -1 ]
   - [ 1.7098524475097656e+02, 4.1808026123046875e+02,
       2.2349052429199219e+00, 2.7762063598632812e+02,
       1.3704814948141575e-02, 15794687, -1 ]
   - [ 1.7151446533203125e+02, 3.8140563964843750e+02,
       2.5296828746795654e+00, 3.0171575927734375e+02,
       1.6646172851324081e-02, 8061695, -1 ]
   - [ 1.7469761657714844e+02, 3.6562393188476562e+02,
       6.2240810394287109e+00, 8.8904388427734375e+01,
       1.7515983432531357e-02, 6357760, -1 ]
   - [ 1.8417471313476562e+02, 4.2539862060546875e+02,
       2.0356595516204834e+00, 2.9044754028320312e+02,
       1.7164880409836769e-02, 9044479, -1 ]
   - [ 1.8849259948730469e+02, 4.5233383178710938e+02,
       8.4248332977294922e+00, 2.8365689086914062e+02,
       2.1216614171862602e-02, 11534593, -1 ]
   - [ 1.9016616821289062e+02, 4.4099227905273438e+02,
       5.9792189598083496e+00, 2.7927804565429688e+02,
       2.1109199151396751e-02, 3408640, -1 ]
   - [ 1.9101863098144531e+02, 4.0299377441406250e+02,
       4.2878517150878906e+01, 3.0584283447265625e+02,
       2.5340408086776733e-02, 12255747, -1 ]
   - [ 1.9487083435058594e+02, 4.3680953979492188e+02,
       2.3381617069244385e+00, 2.7323919677734375e+02,
       1.4937492087483406e-02, 2360063, -1 ]
   - [ 1.9693200683593750e+02, 3.2371243286132812e+02,
       3.3918225765228271e+00, 4.8845825195312500e+01,
       1.6964253038167953e-02, 12583935, -1 ]
   - [ 1.9726667785644531e+02, 4.5506982421875000e+02,
       3.3534781932830811e+00, 2.7668157958984375e+02,
       2.6130564510822296e-02, 11731967, -1 ]
   - [ 1.9950944519042969e+02, 4.3158834838867188e+02,
       9.0277290344238281e+00, 2.7659808349609375e+02,
       1.4839287847280502e-02, 16515329, -1 ]
   - [ 2.0144091796875000e+02, 3.7102929687500000e+02,
       8.8503999710083008e+00, 1.0421598815917969e+02,
       1.5207086689770222e-02, 15073537, -1 ]
   - [ 2.0520648193359375e+02, 3.2460607910156250e+02,
       3.4681649208068848e+00, 2.8667562866210938e+02,
       1.7904855310916901e-02, 14156799, -1 ]
   - [ 2.0580267333984375e+02, 3.2475671386718750e+02,
       4.1339750289916992e+00, 2.8630279541015625e+02,
       1.7796766012907028e-02, 10158336, -1 ]
   - [ 2.0888359069824219e+02, 3.2398739624023438e+02,
       1.3483156204223633e+01, 8.0892211914062500e+01,
       2.1920589730143547e-02, 12124929, -1 ]
   - [ 2.0958374023437500e+02, 1.8230395507812500e+02,
       1.8703947067260742e+00, 2.8450192260742188e+02,
       4.4514548033475876e-02, 2949631, -1 ]
   - [ 2.0958374023437500e+02, 1.8230395507812500e+02,
       1.8703947067260742e+00, 3.5519323730468750e+02,
       4.4514548033475876e-02, 2949631, -1 ]
   - [ 2.1226608276367188e+02, 4.5634027099609375e+02,
       3.4655766487121582e+00, 2.7003863525390625e+02,
       1.3990685343742371e-02, 14091263, -1 ]
   - [ 2.1346420288085938e+02, 3.1558966064453125e+02,
       2.0373735427856445e+00, 9.0694732666015625e+01,
       1.6527850180864334e-02, 9110015, -1 ]
   - [ 2.1351121520996094e+02, 3.7992858886718750e+02,
       2.3659176826477051e+00, 1.4351365661621094e+02,
       1.7382774502038956e-02, 3212031, -1 ]
   - [ 2.1544958496093750e+02, 4.6815530395507812e+02,
       8.2089633941650391e+00, 3.3067211914062500e+02,
       3.4100197255611420e-02, 9634049, -1 ]
   - [ 2.1678097534179688e+02, 3.7739999389648438e+02,
       3.1918616294860840e+00, 1.3621914672851562e+02,
       2.3695971816778183e-02, 8193023, -1 ]
   - [ 2.1678097534179688e+02, 3.7739999389648438e+02,
       3.1918616294860840e+00, 2.8405712890625000e+02,
       2.3695971816778183e-02, 8193023, -1 ]
   - [ 2.2023931884765625e+02, 3.2690164184570312e+02,
       5.1679558753967285e+00, 2.7028158569335938e+02,
       2.1827721968293190e-02, 9634304, -1 ]
   - [ 2.2024264526367188e+02, 3.7459799194335938e+02,
       2.2634601593017578e+00, 2.8596398925781250e+02,
       1.4054656028747559e-02, 767, -1 ]
   - [ 2.2074707031250000e+02, 4.7160797119140625e+02,
       3.9004242420196533e+00, 3.3068399047851562e+02,
       3.2160423696041107e-02, 5964032, -1 ]
   - [ 2.2117044067382812e+02, 3.7804306030273438e+02,
       2.7555968761444092e+00, 2.8063558959960938e+02,
       1.4507872983813286e-02, 14222079, -1 ]
   - [ 2.2133088684082031e+02, 4.7162753295898438e+02,
       3.1744594573974609e+00, 3.3048526000976562e+02,
       3.2483153045177460e-02, 7799807, -1 ]
