%YAML:1.0
---
grayKeypoints:
   - [ 4.3084419250488281e+01, 7.3589215087890625e+02,
       3.0802791118621826e+00, 7.6938720703125000e+01,
       1.4959114603698254e-02, 5571583, -1 ]
   - [ 4.3084419250488281e+01, 7.3589215087890625e+02,
       3.0802791118621826e+00, 2.1961108398437500e+02,
       1.4959114603698254e-02, 5571583, -1 ]
   - [ 7.6123512268066406e+01, 8.5064770507812500e+02,
       2.7673840522766113e+00, 2.7018658447265625e+02,
       1.5049114823341370e-02, 14549759, -1 ]
   - [ 7.6642425537109375e+01, 3.2963220214843750e+02,
       1.8608936071395874e+00, 1.5055786132812500e+02,
       1.4510498382151127e-02, 2556415, -1 ]
   - [ 8.2936416625976562e+01, 5.5329400634765625e+02,
       1.9150110483169556e+00, 3.2801882934570312e+02,
       1.3606009073555470e-02, 4653567, -1 ]
   - [ 8.5846328735351562e+01, 5.4318139648437500e+02,
       2.0644764900207520e+00, 1.6572396850585938e+02,
       1.3605662621557713e-02, 10093055, -1 ]
   - [ 1.1204440307617188e+02, 1.0494661712646484e+02,
       2.7181174755096436e+00, 1.5684777832031250e+02,
       2.3598298430442810e-02, 13239039, -1 ]
   - [ 1.1204440307617188e+02, 1.0494661712646484e+02,
       2.7181174755096436e+00, 2.6726943969726562e+02,
       2.3598298430442810e-02, 13239039, -1 ]
   - [ 1.1546189880371094e+02, 5.9150860595703125e+02,
       1.9435338973999023e+00, 1.2901976013183594e+02,
       1.9627768546342850e-02, 5702143, -1 ]
   - [ 1.5455502319335938e+02, 1.3589552879333496e+01,
       2.8699138164520264e+00, 1.4870542907714844e+02,
       3.4001272171735764e-02, 459775, -1 ]
   - [ 1.5455502319335938e+02, 1.3589552879333496e+01,
       2.8699138164520264e+00, 3.2386288452148438e+02,
       3.4001272171735764e-02, 459775, -1 ]
   - [ 1.6346173095703125e+02, 8.2872406005859375e+02,
       3.1100037097930908e+00, 1.5260543823242188e+02,
       1.8530609086155891e-02, 6292479, -1 ]
   - [ 1.6346173095703125e+02, 8.2872406005859375e+02,
       3.1100037097930908e+00, 3.3841442871093750e+02,
       1.8530609086155891e-02, 6292479, -1 ]
   - [ 1.6954248046875000e+02, 4.3745593261718750e+02,
       2.7536153793334961e+00, 3.5251190185546875e+01,
       2.1049425005912781e-02, 14222079, -1 ]
   - [ 1.6954248046875000e+02, 4.3745593261718750e+02,
       2.7536153793334961e+00, 2.4105970764160156e+02,
       2.1049425005912781e-02, 14222079, -1 ]
   - [ 1.8475761413574219e+02, 1.0564871215820312e+02,
       6.4785013198852539e+00, 1.4942578125000000e+02,
       2.6514442637562752e-02, 9241344, -1 ]
   - [ 1.8475761413574219e+02, 1.0564871215820312e+02,
       6.4785013198852539e+00, 2.5001953125000000e+02,
       2.6514442637562752e-02, 9241344, -1 ]
   - [ 1.8475761413574219e+02, 1.0564871215820312e+02,
       6.4785013198852539e+00, 3.5128283691406250e+02,
       2.6514442637562752e-02, 9241344, -1 ]
   - [ 1.8490451049804688e+02, 9.0464454650878906e+01,
       5.6283283233642578e+00, 8.8751220703125000e+00,
       2.8519453480839729e-02, 15794688, -1 ]
   - [ 1.8490451049804688e+02, 9.0464454650878906e+01,
       5.6283283233642578e+00, 1.4215090942382812e+02,
       2.8519453480839729e-02, 15794688, -1 ]
   - [ 1.8837509155273438e+02, 6.5694435119628906e+01,
       7.3346667289733887e+00, 4.3362365722656250e+01,
       1.6855124384164810e-02, 1507585, -1 ]
   - [ 1.8982762145996094e+02, 1.0069364929199219e+02,
       4.3333029747009277e+00, 1.3394911193847656e+02,
       1.5959868207573891e-02, 13566208, -1 ]
   - [ 1.9140744018554688e+02, 8.5665557861328125e+01,
       5.2406358718872070e+00, 2.7740417480468750e+02,
       2.0688377320766449e-02, 10617344, -1 ]
   - [ 1.9232923889160156e+02, 7.6045921325683594e+01,
       8.3050899505615234e+00, 4.5746948242187500e+01,
       3.1116472557187080e-02, 10486017, -1 ]
   - [ 1.9781617736816406e+02, 5.6364219665527344e+01,
       6.5999193191528320e+00, 4.3260467529296875e+01,
       1.3549753464758396e-02, 10552064, -1 ]
   - [ 1.9978463745117188e+02, 1.0097360992431641e+02,
       5.9370121955871582e+00, 1.4661297607421875e+02,
       1.4026850461959839e-02, 2949888, -1 ]
   - [ 1.9978463745117188e+02, 1.0097360992431641e+02,
       5.9370121955871582e+00, 2.1933038330078125e+02,
       1.4026850461959839e-02, 2949888, -1 ]
   - [ 2.0388635253906250e+02, 7.4412284851074219e+01,
       5.1371207237243652e+00, 2.6585299682617188e+02,
       2.2021837532520294e-02, 9175552, -1 ]
   - [ 2.0518637084960938e+02, 6.3410991668701172e+01,
       9.6207904815673828e+00, 4.3681457519531250e+01,
       2.9191678389906883e-02, 4391425, -1 ]
   - [ 2.0696191406250000e+02, 1.1779565429687500e+02,
       1.6243333816528320e+01, 2.0090589904785156e+02,
       1.5975572168827057e-02, 8847618, -1 ]
   - [ 2.1051135253906250e+02, 8.2541870117187500e+01,
       5.3078784942626953e+00, 2.5174188232421875e+02,
       1.5352558344602585e-02, 11534848, -1 ]
   - [ 2.1198249816894531e+02, 9.5786041259765625e+01,
       1.9641004562377930e+01, 2.4284158325195312e+02,
       2.0524052903056145e-02, 5898754, -1 ]
   - [ 2.1500773620605469e+02, 7.6390792846679688e+01,
       5.2316708564758301e+00, 2.6945794677734375e+02,
       1.4971045777201653e-02, 10486272, -1 ]
   - [ 2.1684489440917969e+02, 6.8482037353515625e+02,
       2.1431186199188232e+00, 1.5892752075195312e+02,
       3.8522325456142426e-02, 12780031, -1 ]
   - [ 2.1684489440917969e+02, 6.8482037353515625e+02,
       2.1431186199188232e+00, 2.5576257324218750e+02,
       3.8522325456142426e-02, 12780031, -1 ]
   - [ 2.1899226379394531e+02, 6.3012310028076172e+01,
       5.1487503051757812e+00, 2.8442709350585938e+02,
       1.8585732206702232e-02, 9306624, -1 ]
   - [ 2.2556919860839844e+02, 7.2904914855957031e+01,
       5.0148286819458008e+00, 2.6433865356445312e+02,
       1.4475042000412941e-02, 7406080, -1 ]
   - [ 2.2970401000976562e+02, 3.6097610473632812e+01,
       8.5989542007446289e+00, 7.3601348876953125e+01,
       1.7112221568822861e-02, 12976385, -1 ]
   - [ 2.2979139709472656e+02, 6.7017532348632812e+01,
       5.5047821998596191e+00, 2.7351113891601562e+02,
       1.7898680642247200e-02, 14156288, -1 ]
   - [ 2.3077992248535156e+02, 1.3622073364257812e+02,
       1.3825897216796875e+01, 3.0113183593750000e+02,
       1.6750646755099297e-02, 13959937, -1 ]
   - [ 2.3117366027832031e+02, 4.5028770446777344e+01,
       5.1598248481750488e+00, 7.6077423095703125e+01,
       1.5931248664855957e-02, 9503232, -1 ]
   - [ 2.3121501159667969e+02, 8.0706092834472656e+01,
       6.0624346733093262e+00, 2.5400323486328125e+02,
       1.3373523950576782e-02, 4457216, -1 ]
   - [ 2.4450178527832031e+02, 1.2387998199462891e+02,
       8.5810823440551758e+00, 2.9621240234375000e+02,
       2.5222560390830040e-02, 12845313, -1 ]
   - [ 2.4651429748535156e+02, 5.5936645507812500e+01,
       6.0167975425720215e+00, 2.7647653198242188e+02,
       2.3561190813779831e-02, 3867392, -1 ]
   - [ 2.4989596557617188e+02, 6.4653068542480469e+01,
       5.7512621879577637e+00, 2.6996008300781250e+02,
       2.7469445019960403e-02, 656128, -1 ]
   - [ 2.5097140502929688e+02, 4.2322002410888672e+01,
       1.3111848831176758e+01, 7.7159973144531250e+01,
       2.6058800518512726e-02, 10093313, -1 ]
   - [ 2.5252163696289062e+02, 6.3853790283203125e+02,
       2.7823512554168701e+00, 4.9653167724609375e+01,
       1.4518011361360550e-02, 14942975, -1 ]
   - [ 2.5252163696289062e+02, 6.3853790283203125e+02,
       2.7823512554168701e+00, 2.1412754821777344e+02,
       1.4518011361360550e-02, 14942975, -1 ]
   - [ 2.5794015502929688e+02, 6.2024700164794922e+01,
       5.4520697593688965e+00, 2.8087228393554688e+02,
       1.7717083916068077e-02, 13500928, -1 ]
   - [ 2.5862994384765625e+02, 1.3524673461914062e+02,
       6.1033363342285156e+00, 1.9225888061523438e+02,
       3.1634666025638580e-02, 4915968, -1 ]
   - [ 2.6024926757812500e+02, 3.5963394165039062e+01,
       6.3538556098937988e+00, 8.1182586669921875e+01,
       2.0548813045024872e-02, 7865088, -1 ]
