%YAML:1.0
---
grayKeypoints:
   - [ 1.7479200363159180e+01, 4.3170056152343750e+02,
       8.1630229949951172e+00, 1.3348226928710938e+02,
       2.6932997629046440e-02, 9240833, -1 ]
   - [ 1.7479200363159180e+01, 4.3170056152343750e+02,
       8.1630229949951172e+00, 3.3232962036132812e+02,
       2.6932997629046440e-02, 9240833, -1 ]
   - [ 2.2243013381958008e+01, 4.1899432373046875e+02,
       8.2186832427978516e+00, 3.3012194824218750e+02,
       1.8985649570822716e-02, 9765121, -1 ]
   - [ 5.2654411315917969e+01, 1.8408380126953125e+02,
       2.3242070674896240e+00, 3.9159057617187500e+01,
       1.3389417901635170e-02, 1966847, -1 ]
   - [ 5.2654411315917969e+01, 1.8408380126953125e+02,
       2.3242070674896240e+00, 2.2041844177246094e+02,
       1.3389417901635170e-02, 1966847, -1 ]
   - [ 2.3966702270507812e+02, 2.9856832885742188e+02,
       4.1419706344604492e+00, 4.0588928222656250e+01,
       3.4039098769426346e-02, 10289408, -1 ]
   - [ 2.4051733398437500e+02, 2.9302688598632812e+02,
       1.9598101377487183e+00, 4.0993347167968750e+01,
       1.3383025303483009e-02, 6291967, -1 ]
   - [ 2.4406768798828125e+02, 2.9326632690429688e+02,
       2.4021222591400146e+00, 3.5967468261718750e+01,
       2.7157315984368324e-02, 4326143, -1 ]
   - [ 2.4406768798828125e+02, 2.9326632690429688e+02,
       2.4021222591400146e+00, 2.2146043395996094e+02,
       2.7157315984368324e-02, 4326143, -1 ]
   - [ 2.4588851928710938e+02, 2.9830126953125000e+02,
       3.7836148738861084e+00, 2.0770141601562500e+02,
       2.0299609750509262e-02, 3735808, -1 ]
   - [ 2.5015150451660156e+02, 2.8644860839843750e+02,
       3.3090217113494873e+00, 4.6681579589843750e+01,
       2.0933775231242180e-02, 10748927, -1 ]
   - [ 2.5724276733398438e+02, 2.7492141723632812e+02,
       3.0020315647125244e+00, 5.0628479003906250e+01,
       1.4484504237771034e-02, 3736575, -1 ]
   - [ 2.5932760620117188e+02, 2.7803216552734375e+02,
       2.6974828243255615e+00, 5.0375396728515625e+01,
       2.9623029753565788e-02, 12714751, -1 ]
   - [ 2.6248965454101562e+02, 2.7156710815429688e+02,
       2.4405534267425537e+00, 5.2922088623046875e+01,
       1.5606433153152466e-02, 5440255, -1 ]
   - [ 2.6429873657226562e+02, 3.0798193359375000e+02,
       4.2136702537536621e+00, 2.8193014526367188e+02,
       1.3503368943929672e-02, 11534592, -1 ]
   - [ 2.6601129150390625e+02, 2.6884655761718750e+02,
       2.7873749732971191e+00, 5.8335968017578125e+01,
       1.5515483915805817e-02, 15074047, -1 ]
   - [ 2.7158901977539062e+02, 3.1499908447265625e+02,
       5.3296189308166504e+00, 2.7896987915039062e+02,
       1.4044206589460373e-02, 11862528, -1 ]
   - [ 2.7287451171875000e+02, 3.0906021118164062e+02,
       4.4697070121765137e+00, 2.7805740356445312e+02,
       1.6270469874143600e-02, 15794432, -1 ]
   - [ 2.7560287475585938e+02, 2.6205395507812500e+02,
       3.9778485298156738e+00, 6.0229400634765625e+01,
       1.5856012701988220e-02, 7405824, -1 ]
   - [ 2.8225518798828125e+02, 2.5919683837890625e+02,
       2.4206211566925049e+00, 6.4383392333984375e+01,
       1.3389306142926216e-02, 4850431, -1 ]
   - [ 2.8974142456054688e+02, 3.1512496948242188e+02,
       4.7550530433654785e+00, 2.7143365478515625e+02,
       2.0263759419322014e-02, 3604992, -1 ]
   - [ 2.9005627441406250e+02, 2.5973937988281250e+02,
       3.0338826179504395e+00, 6.6313232421875000e+01,
       3.0824635177850723e-02, 4523007, -1 ]
   - [ 2.9288638305664062e+02, 4.2831103515625000e+02,
       8.4799909591674805e+00, 8.2573211669921875e+01,
       1.5308302827179432e-02, 11993345, -1 ]
   - [ 2.9288638305664062e+02, 4.2831103515625000e+02,
       8.4799909591674805e+00, 3.0144116210937500e+02,
       1.5308302827179432e-02, 11993345, -1 ]
   - [ 2.9288638305664062e+02, 4.2831103515625000e+02,
       8.4799909591674805e+00, 3.2588677978515625e+02,
       1.5308302827179432e-02, 11993345, -1 ]
   - [ 2.9320541381835938e+02, 2.5451286315917969e+02,
       2.5252187252044678e+00, 6.6719390869140625e+01,
       1.9244149327278137e-02, 7930623, -1 ]
   - [ 2.9601040649414062e+02, 2.5713168334960938e+02,
       3.2952625751495361e+00, 6.8738952636718750e+01,
       2.9657240957021713e-02, 10486783, -1 ]
   - [ 2.9901712036132812e+02, 2.5245971679687500e+02,
       2.6218502521514893e+00, 7.3423217773437500e+01,
       1.7598560079932213e-02, 10683135, -1 ]
   - [ 3.1326425170898438e+02, 3.1138970947265625e+02,
       2.1685023307800293e+00, 2.6980178833007812e+02,
       1.6663892194628716e-02, 13631999, -1 ]
   - [ 3.1803729248046875e+02, 2.4798287963867188e+02,
       2.7127950191497803e+00, 7.9785644531250000e+01,
       1.6725715249776840e-02, 13107967, -1 ]
   - [ 3.2688330078125000e+02, 2.4709468078613281e+02,
       1.8812912702560425e+00, 8.4389373779296875e+01,
       1.8700368702411652e-02, 3342847, -1 ]
   - [ 3.2963519287109375e+02, 4.2337576293945312e+02,
       2.2831737995147705e+00, 9.0762145996093750e+01,
       1.9926123321056366e-02, 656127, -1 ]
   - [ 3.3273785400390625e+02, 2.4578840637207031e+02,
       3.0142433643341064e+00, 8.1006622314453125e+01,
       1.5936087816953659e-02, 3998719, -1 ]
   - [ 3.3821844482421875e+02, 4.0927944946289062e+02,
       4.7641520500183105e+00, 8.3730194091796875e+01,
       1.7082618549466133e-02, 3736064, -1 ]
   - [ 3.5094985961914062e+02, 4.3078131103515625e+02,
       2.3257818222045898e+00, 2.2987376403808594e+02,
       1.3706549070775509e-02, 1966847, -1 ]
   - [ 3.5485690307617188e+02, 4.2557794189453125e+02,
       3.1707324981689453e+00, 9.0066253662109375e+01,
       1.5657402575016022e-02, 7668735, -1 ]
   - [ 3.6383743286132812e+02, 2.4400474548339844e+02,
       3.7169387340545654e+00, 9.0305938720703125e+01,
       1.7020499333739281e-02, 2490624, -1 ]
   - [ 3.6406066894531250e+02, 2.4431340026855469e+02,
       3.1827375888824463e+00, 9.0076507568359375e+01,
       1.7091844230890274e-02, 7996415, -1 ]
   - [ 3.9835214233398438e+02, 4.2608050537109375e+02,
       2.0717017650604248e+00, 9.1827728271484375e+01,
       1.6580311581492424e-02, 10355199, -1 ]
   - [ 4.0035076904296875e+02, 3.0434707641601562e+02,
       5.7078390121459961e+00, 2.5845129394531250e+02,
       2.5226503610610962e-02, 66304, -1 ]
   - [ 4.1032730102539062e+02, 3.0179254150390625e+02,
       5.0971512794494629e+00, 2.5931973266601562e+02,
       2.4711782112717628e-02, 8585728, -1 ]
   - [ 4.2280276489257812e+02, 8.5450701904296875e+02,
       4.2488679885864258e+00, 1.3294006347656250e+01,
       1.6327243298292160e-02, 12124416, -1 ]
   - [ 4.2433575439453125e+02, 2.4289614868164062e+02,
       2.3987691879272461e+01, 1.0114062500000000e+02,
       3.2976489514112473e-02, 3670786, -1 ]
   - [ 4.2557962036132812e+02, 3.7689913940429688e+02,
       7.5356666564941406e+01, 2.5228202819824219e+02,
       3.0332088470458984e-02, 2884100, -1 ]
   - [ 4.2742218017578125e+02, 2.5693249511718750e+02,
       2.2080676555633545e+00, 8.8744262695312500e+01,
       1.8954951316118240e-02, 14942719, -1 ]
   - [ 4.2812313842773438e+02, 4.2909222412109375e+02,
       2.0053570270538330e+00, 9.4459869384765625e+01,
       1.6045711934566498e-02, 7995903, -1 ]
   - [ 4.2917318725585938e+02, 8.5413745117187500e+02,
       5.0461163520812988e+00, 1.7771484375000000e+01,
       2.6829317212104797e-02, 7864832, -1 ]
   - [ 4.2945141601562500e+02, 4.3338244628906250e+02,
       1.6705026626586914e+01, 9.1871215820312500e+01,
       3.7451736629009247e-02, 10879234, -1 ]
   - [ 4.2989340209960938e+02, 8.3682739257812500e+02,
       9.7629508972167969e+00, 3.0163208007812500e+01,
       1.7553273588418961e-02, 5505537, -1 ]
   - [ 4.3114056396484375e+02, 2.6084301757812500e+02,
       4.0921993255615234e+00, 9.1346740722656250e+01,
       2.8594840317964554e-02, 9437440, -1 ]
   - [ 4.3423657226562500e+02, 2.7615402221679688e+02,
       2.8547010421752930e+01, 1.0109442138671875e+02,
       5.2363160997629166e-02, 16253698, -1 ]
