%YAML:1.0
---
grayKeypoints:
   - [ 2.9455615234375000e+02, 6.9897576904296875e+02,
       2.2287523746490479e+00, 2.5524882507324219e+02,
       2.3905498906970024e-02, 15598079, -1 ]
   - [ 2.9866412353515625e+02, 6.9813476562500000e+02,
       2.0905044078826904e+00, 2.5955535888671875e+02,
       2.6236223056912422e-02, 11010559, -1 ]
   - [ 3.3803933715820312e+02, 5.5309649658203125e+02,
       2.2388980388641357e+00, 2.6518356323242188e+02,
       1.5179677866399288e-02, 15925759, -1 ]
   - [ 3.8283782958984375e+02, 2.7458636474609375e+02,
       2.2822222709655762e+00, 9.9174163818359375e+01,
       2.4023838341236115e-02, 590591, -1 ]
   - [ 3.8283782958984375e+02, 2.7458636474609375e+02,
       2.2822222709655762e+00, 2.8437515258789062e+02,
       2.4023838341236115e-02, 590591, -1 ]
   - [ 3.9786047363281250e+02, 4.2636920166015625e+02,
       9.8340148925781250e+00, 3.0221224975585938e+02,
       1.4987133443355560e-02, 6029825, -1 ]
   - [ 4.0496597290039062e+02, 4.1224041748046875e+02,
       1.2852418899536133e+01, 3.0473419189453125e+02,
       3.2133493572473526e-02, 8651521, -1 ]
   - [ 4.1060705566406250e+02, 4.2381707763671875e+02,
       4.5486721992492676e+00, 2.8721264648437500e+02,
       1.4227403327822685e-02, 393728, -1 ]
   - [ 4.2043948364257812e+02, 4.0971252441406250e+02,
       7.9489016532897949e+00, 7.6715820312500000e+01,
       3.7851132452487946e-02, 7340289, -1 ]
   - [ 4.2115115356445312e+02, 4.0371417236328125e+02,
       2.1976528167724609e+00, 2.7093280029296875e+02,
       1.7238475382328033e-02, 14615039, -1 ]
   - [ 4.2173138427734375e+02, 4.1669287109375000e+02,
       4.2460041046142578e+00, 8.2558746337890625e+01,
       1.8924459815025330e-02, 12124416, -1 ]
   - [ 4.2273001098632812e+02, 4.0657135009765625e+02,
       1.9088385105133057e+00, 2.7163284301757812e+02,
       1.4329063706099987e-02, 4391423, -1 ]
   - [ 4.2401712036132812e+02, 3.9116113281250000e+02,
       3.2934739589691162e+00, 8.3065826416015625e+01,
       1.6202053055167198e-02, 10421247, -1 ]
   - [ 4.2731170654296875e+02, 3.9805758666992188e+02,
       8.7858362197875977e+00, 8.6355468750000000e+01,
       2.3483363911509514e-02, 14549249, -1 ]
   - [ 4.2748135375976562e+02, 4.0280499267578125e+02,
       2.0346546173095703e+00, 2.9225881958007812e+02,
       1.4148631133139133e-02, 9044479, -1 ]
   - [ 4.3169848632812500e+02, 4.3155496215820312e+02,
       2.0221550464630127e+00, 2.7173217773437500e+02,
       2.3404063656926155e-02, 8585727, -1 ]
   - [ 4.3425506591796875e+02, 3.8774990844726562e+02,
       8.0585575103759766e+00, 8.8448883056640625e+01,
       1.9163519144058228e-02, 8323329, -1 ]
   - [ 4.3555621337890625e+02, 4.4470172119140625e+02,
       2.0530181884765625e+01, 2.9429962158203125e+02,
       2.7230434119701385e-02, 9110018, -1 ]
   - [ 4.4691104125976562e+02, 4.1478890991210938e+02,
       3.3064033508300781e+01, 2.9837457275390625e+02,
       3.0639955773949623e-02, 10158339, -1 ]
   - [ 4.5823715209960938e+02, 3.8940728759765625e+02,
       1.0999897956848145e+01, 1.0395083618164062e+02,
       1.4461766928434372e-02, 14090753, -1 ]
   - [ 4.5887152099609375e+02, 3.5174963378906250e+02,
       4.0240759849548340e+00, 4.5984863281250000e+01,
       1.3543835841119289e-02, 8192256, -1 ]
   - [ 4.5887152099609375e+02, 3.5174963378906250e+02,
       4.0240759849548340e+00, 2.8219885253906250e+02,
       1.3543835841119289e-02, 8192256, -1 ]
   - [ 4.6084823608398438e+02, 4.6040774536132812e+02,
       8.2449007034301758e+00, 3.0018054199218750e+02,
       2.5418153032660484e-02, 9961729, -1 ]
   - [ 4.6306906127929688e+02, 4.0768487548828125e+02,
       3.1007857322692871e+00, 8.1823638916015625e+01,
       1.8086535856127739e-02, 6095871, -1 ]
   - [ 4.6919931030273438e+02, 4.5001153564453125e+02,
       5.4855003356933594e+00, 2.7172229003906250e+02,
       2.1319970488548279e-02, 13894144, -1 ]
   - [ 4.7161080932617188e+02, 3.5039556884765625e+02,
       1.3420367240905762e+01, 8.8391448974609375e+01,
       2.0307548344135284e-02, 11797249, -1 ]
   - [ 4.7834912109375000e+02, 4.3200567626953125e+02,
       3.9552970886230469e+01, 2.6979782104492188e+02,
       3.0880752950906754e-02, 6423043, -1 ]
   - [ 4.8059390258789062e+02, 3.4101754760742188e+02,
       1.9326934814453125e+00, 8.9784881591796875e+01,
       1.5065260231494904e-02, 5308927, -1 ]
   - [ 4.8061752319335938e+02, 4.0646200561523438e+02,
       2.3881485462188721e+00, 2.3065884399414062e+02,
       1.3959328643977642e-02, 3932927, -1 ]
   - [ 4.8634994506835938e+02, 4.1233984375000000e+02,
       7.3705153465270996e+00, 9.9606231689453125e+01,
       2.2484198212623596e-02, 1835265, -1 ]
   - [ 4.8955325317382812e+02, 4.4611868286132812e+02,
       1.9516782760620117e+00, 2.7613568115234375e+02,
       1.5978561714291573e-02, 6029823, -1 ]
   - [ 4.9089840698242188e+02, 4.4471655273437500e+02,
       4.2034640312194824e+00, 2.6756637573242188e+02,
       1.4971741475164890e-02, 11403520, -1 ]
   - [ 4.9149014282226562e+02, 3.9349435424804688e+02,
       2.7092742919921875e+00, 2.6521182250976562e+02,
       1.8924344331026077e-02, 13042431, -1 ]
   - [ 4.9301864624023438e+02, 4.5524533081054688e+02,
       3.0054118633270264e+00, 9.8413177490234375e+01,
       2.0425941795110703e-02, 3802111, -1 ]
   - [ 4.9301864624023438e+02, 4.5524533081054688e+02,
       3.0054118633270264e+00, 2.5964770507812500e+02,
       2.0425941795110703e-02, 3802111, -1 ]
   - [ 4.9498510742187500e+02, 5.1090197753906250e+02,
       2.3889517784118652e+00, 5.9790771484375000e+01,
       1.5054487623274326e-02, 3932927, -1 ]
   - [ 4.9791232299804688e+02, 4.0301062011718750e+02,
       6.0726323127746582e+00, 1.3594717407226562e+02,
       3.2573610544204712e-02, 4588288, -1 ]
   - [ 5.0076730346679688e+02, 3.7621160888671875e+02,
       1.6183908462524414e+01, 2.4892922973632812e+02,
       1.4677654951810837e-02, 8585474, -1 ]
   - [ 5.0432418823242188e+02, 4.5281329345703125e+02,
       3.2633132934570312e+00, 2.6085900878906250e+02,
       4.8268225044012070e-02, 9765887, -1 ]
   - [ 5.0432418823242188e+02, 4.5281329345703125e+02,
       3.2633132934570312e+00, 3.1581848144531250e+02,
       4.8268225044012070e-02, 9765887, -1 ]
   - [ 5.0534747314453125e+02, 4.2067663574218750e+02,
       5.3838458061218262e+00, 9.1106231689453125e+01,
       2.6101225987076759e-02, 12583424, -1 ]
   - [ 5.0640213012695312e+02, 3.5191790771484375e+02,
       3.0145893096923828e+00, 3.4918762207031250e+01,
       3.5703774541616440e-02, 4064255, -1 ]
   - [ 5.0640213012695312e+02, 3.5191790771484375e+02,
       3.0145893096923828e+00, 8.6463348388671875e+01,
       3.5703774541616440e-02, 4064255, -1 ]
   - [ 5.0640213012695312e+02, 3.5191790771484375e+02,
       3.0145893096923828e+00, 2.8174133300781250e+02,
       3.5703774541616440e-02, 4064255, -1 ]
   - [ 5.0760626220703125e+02, 5.2818139648437500e+02,
       4.5684638023376465e+00, 3.1119927978515625e+02,
       2.8630491346120834e-02, 655872, -1 ]
   - [ 5.0829522705078125e+02, 5.3866351318359375e+02,
       8.5091218948364258e+00, 3.0936871337890625e+02,
       2.5832727551460266e-02, 12255489, -1 ]
   - [ 5.0841613769531250e+02, 3.9725534057617188e+02,
       7.9274330139160156e+00, 8.3920227050781250e+01,
       4.3032914400100708e-02, 7143681, -1 ]
   - [ 5.0841613769531250e+02, 3.9725534057617188e+02,
       7.9274330139160156e+00, 2.5652819824218750e+02,
       4.3032914400100708e-02, 7143681, -1 ]
   - [ 5.0946063232421875e+02, 4.1803381347656250e+02,
       1.9233664274215698e+00, 9.5043853759765625e+01,
       1.6522547230124474e-02, 4981247, -1 ]
   - [ 5.0954904174804688e+02, 3.4129013061523438e+02,
       2.2977948188781738e+00, 9.7597839355468750e+01,
       1.3598129153251648e-02, 1114879, -1 ]
   - [ 5.1057351684570312e+02, 4.4706884765625000e+02,
       2.6886048316955566e+00, 2.6173266601562500e+02,
       2.0947135984897614e-02, 12452607, -1 ]
