%YAML:1.0
---
grayKeypoints:
   - [ 1.1257938385009766e+02, 5.8018701171875000e+02,
       4.0902371406555176e+00, 1.8554200744628906e+02,
       1.3702757656574249e-02, 9371904, -1 ]
   - [ 1.5000256347656250e+02, 1.6127571105957031e+02,
       1.8802626132965088e+00, 2.7531671142578125e+02,
       3.1322699040174484e-02, 3342847, -1 ]
   - [ 1.9206765747070312e+02, 7.7953056335449219e+01,
       2.4306728839874268e+00, 1.2794351196289062e+02,
       3.7543594837188721e-02, 5178111, -1 ]
   - [ 1.9206765747070312e+02, 7.7953056335449219e+01,
       2.4306728839874268e+00, 3.1945986938476562e+02,
       3.7543594837188721e-02, 5178111, -1 ]
   - [ 1.9703196716308594e+02, 4.7068331909179688e+02,
       2.8979506492614746e+00, 5.9552062988281250e+01,
       1.8096644431352615e-02, 1180671, -1 ]
   - [ 1.9703196716308594e+02, 4.7068331909179688e+02,
       2.8979506492614746e+00, 1.0119689941406250e+02,
       1.8096644431352615e-02, 1180671, -1 ]
   - [ 1.9703196716308594e+02, 4.7068331909179688e+02,
       2.8979506492614746e+00, 1.9747026062011719e+02,
       1.8096644431352615e-02, 1180671, -1 ]
   - [ 2.0952954101562500e+02, 1.3301473999023438e+02,
       6.2864265441894531e+00, 1.4269445800781250e+02,
       2.5914628058671951e-02, 7078656, -1 ]
   - [ 2.0952954101562500e+02, 1.3301473999023438e+02,
       6.2864265441894531e+00, 2.4245997619628906e+02,
       2.5914628058671951e-02, 7078656, -1 ]
   - [ 2.1173579406738281e+02, 1.4662216186523438e+02,
       3.3373417854309082e+00, 1.2936605834960938e+02,
       1.5007011592388153e-02, 11404287, -1 ]
   - [ 2.1387236022949219e+02, 9.7851058959960938e+01,
       3.0225996971130371e+00, 6.7717712402343750e+01,
       1.7533715814352036e-02, 4260863, -1 ]
   - [ 2.1456544494628906e+02, 1.2782898712158203e+02,
       4.7433075904846191e+00, 1.3303433227539062e+02,
       1.6422370448708534e-02, 3408384, -1 ]
   - [ 2.1535801696777344e+02, 1.1293547058105469e+02,
       5.1033587455749512e+00, 2.7362738037109375e+02,
       2.0359247922897339e-02, 8716800, -1 ]
   - [ 2.1633201599121094e+02, 1.0361757659912109e+02,
       7.8602304458618164e+00, 4.3183013916015625e+01,
       3.1166642904281616e-02, 6488321, -1 ]
   - [ 2.2157604980468750e+02, 1.2740578460693359e+02,
       6.6082229614257812e+00, 1.4372219848632812e+02,
       1.4498304575681686e-02, 10683136, -1 ]
   - [ 2.2157604980468750e+02, 1.2740578460693359e+02,
       6.6082229614257812e+00, 2.1972097778320312e+02,
       1.4498304575681686e-02, 10683136, -1 ]
   - [ 2.2195561218261719e+02, 8.4194564819335938e+01,
       5.9699501991271973e+00, 4.4775207519531250e+01,
       1.4869259670376778e-02, 3343104, -1 ]
   - [ 2.2839213562011719e+02, 9.1053703308105469e+01,
       8.6295614242553711e+00, 4.3741699218750000e+01,
       2.9920743778347969e-02, 13238529, -1 ]
   - [ 2.3054762268066406e+02, 1.4382351684570312e+02,
       1.5913344383239746e+01, 1.9792385864257812e+02,
       1.5922613441944122e-02, 7405826, -1 ]
   - [ 2.3393617248535156e+02, 1.0836225891113281e+02,
       5.0548768043518066e+00, 2.5171470642089844e+02,
       1.6929892823100090e-02, 7995904, -1 ]
   - [ 2.3469398498535156e+02, 1.2194943237304688e+02,
       1.8903055191040039e+01, 2.4112231445312500e+02,
       2.0814418792724609e-02, 3146242, -1 ]
   - [ 2.3668843078613281e+02, 8.9055313110351562e+01,
       2.0984070301055908e+00, 1.3105278015136719e+02,
       1.9106153398752213e-02, 11272703, -1 ]
   - [ 2.3830194091796875e+02, 7.9443969726562500e+01,
       6.7519507408142090e+00, 5.6481292724609375e+01,
       2.0935872569680214e-02, 12256000, -1 ]
   - [ 2.3831555175781250e+02, 1.0260704803466797e+02,
       4.7294793128967285e+00, 2.6828607177734375e+02,
       1.7333604395389557e-02, 3211776, -1 ]
   - [ 2.4191226196289062e+02, 7.4186706542968750e+01,
       2.2273216247558594e+00, 8.4338806152343750e+01,
       1.7104141414165497e-02, 15598079, -1 ]
   - [ 2.4320619201660156e+02, 7.1295372009277344e+01,
       2.3949444293975830e+00, 8.6360626220703125e+01,
       1.3361825607717037e-02, 4129535, -1 ]
   - [ 2.4320619201660156e+02, 7.1295372009277344e+01,
       2.3949444293975830e+00, 3.5949362182617188e+02,
       1.3361825607717037e-02, 4129535, -1 ]
   - [ 2.4678204345703125e+02, 9.8221817016601562e+01,
       4.9698557853698730e+00, 2.6423107910156250e+02,
       1.6893969848752022e-02, 6750720, -1 ]
   - [ 2.4860623168945312e+02, 1.4388816833496094e+02,
       6.4221963882446289e+00, 1.0788146972656250e+02,
       2.8191197663545609e-02, 8585984, -1 ]
   - [ 2.4860623168945312e+02, 1.4388816833496094e+02,
       6.4221963882446289e+00, 3.2599841308593750e+02,
       2.8191197663545609e-02, 8585984, -1 ]
   - [ 2.4879664611816406e+02, 7.9487205505371094e+01,
       1.6724981307983398e+01, 6.4298187255859375e+01,
       2.9442280530929565e-02, 11010306, -1 ]
   - [ 2.4879664611816406e+02, 7.9487205505371094e+01,
       1.6724981307983398e+01, 2.4757153320312500e+02,
       2.9442280530929565e-02, 11010306, -1 ]
   - [ 2.5067027282714844e+02, 6.5602462768554688e+01,
       6.0433335304260254e+00, 7.4181854248046875e+01,
       1.5820082277059555e-02, 4195072, -1 ]
   - [ 2.5225434875488281e+02, 1.0628177642822266e+02,
       5.8569054603576660e+00, 2.5179318237304688e+02,
       1.5786968171596527e-02, 1966848, -1 ]
   - [ 2.5315377807617188e+02, 1.6401264953613281e+02,
       1.3801019668579102e+01, 3.0103125000000000e+02,
       1.8094711005687714e-02, 13828865, -1 ]
   - [ 2.6306762695312500e+02, 6.2819141387939453e+01,
       4.7253003120422363e+00, 7.0742370605468750e+01,
       1.7528947442770004e-02, 3146240, -1 ]
   - [ 2.6339141845703125e+02, 1.4847702026367188e+02,
       3.4527981281280518e+00, 1.0729360961914062e+02,
       1.6056150197982788e-02, 13829119, -1 ]
   - [ 2.6343984985351562e+02, 5.9416152954101562e+01,
       8.5843591690063477e+00, 7.0149658203125000e+01,
       1.6753669828176498e-02, 12910849, -1 ]
   - [ 2.6634393310546875e+02, 9.9351455688476562e+01,
       7.6462821960449219e+00, 2.6419714355468750e+02,
       1.5502369031310081e-02, 4522241, -1 ]
   - [ 2.6702008056640625e+02, 8.2316101074218750e+01,
       4.7676997184753418e+00, 1.2625505065917969e+02,
       2.5985032320022583e-02, 3801600, -1 ]
   - [ 2.6702008056640625e+02, 8.2316101074218750e+01,
       4.7676997184753418e+00, 2.7660516357421875e+02,
       2.5985032320022583e-02, 3801600, -1 ]
   - [ 2.6711715698242188e+02, 1.5226307678222656e+02,
       7.4983782768249512e+00, 2.9686071777343750e+02,
       2.5094680488109589e-02, 3080449, -1 ]
   - [ 2.7036572265625000e+02, 8.9764129638671875e+01,
       5.4243364334106445e+00, 2.7121655273437500e+02,
       2.7891028672456741e-02, 13107712, -1 ]
   - [ 2.7215472412109375e+02, 6.9256446838378906e+01,
       1.2948733329772949e+01, 7.1504791259765625e+01,
       2.4888789281249046e-02, 9175809, -1 ]
   - [ 2.7740093994140625e+02, 6.9104408264160156e+01,
       2.8512659072875977e+00, 1.3121655273437500e+02,
       1.4633852988481522e-02, 1023, -1 ]
   - [ 2.7818786621093750e+02, 8.7218704223632812e+01,
       4.9758424758911133e+00, 2.8016329956054688e+02,
       1.8699027597904205e-02, 6881792, -1 ]
   - [ 2.7898056030273438e+02, 6.9372367858886719e+01,
       1.9246828079223633e+01, 7.0671600341796875e+01,
       2.4917013943195343e-02, 4456962, -1 ]
   - [ 2.7898056030273438e+02, 6.9372367858886719e+01,
       1.9246828079223633e+01, 2.4350143432617188e+02,
       2.4917013943195343e-02, 4456962, -1 ]
   - [ 2.7946520996093750e+02, 7.6448318481445312e+01,
       6.5355830192565918e+00, 2.7674594116210938e+02,
       1.6340283676981926e-02, 9896704, -1 ]
   - [ 2.7979882812500000e+02, 1.6252468872070312e+02,
       7.2372736930847168e+00, 2.0197816467285156e+02,
       3.0567789450287819e-02, 524545, -1 ]
   - [ 2.8064553833007812e+02, 1.6308412170410156e+02,
       6.0608611106872559e+00, 1.9472357177734375e+02,
       3.0718414112925529e-02, 4391680, -1 ]
   - [ 2.8253588867187500e+02, 7.0989112854003906e+01,
