%YAML:1.0
---
grayKeypoints:
   - [ 4.4350074768066406e+01, 5.7167401123046875e+02,
       2.3352825641632080e+00, 9.6443206787109375e+01,
       2.6047859340906143e-02, 2294527, -1 ]
   - [ 4.4350074768066406e+01, 5.7167401123046875e+02,
       2.3352825641632080e+00, 2.7947467041015625e+02,
       2.6047859340906143e-02, 2294527, -1 ]
   - [ 5.5450828552246094e+01, 5.7305895996093750e+02,
       2.0039877891540527e+00, 1.0717742919921875e+02,
       3.4756042063236237e-02, 7930367, -1 ]
   - [ 5.5450828552246094e+01, 5.7305895996093750e+02,
       2.0039877891540527e+00, 2.7581225585937500e+02,
       3.4756042063236237e-02, 7930367, -1 ]
   - [ 9.6795127868652344e+01, 1.7722531127929688e+02,
       1.9959118366241455e+00, 1.6665733337402344e+02,
       3.0585074797272682e-02, 7668223, -1 ]
   - [ 1.9786694335937500e+02, 3.7247103881835938e+02,
       1.9574871063232422e+00, 5.5607849121093750e+01,
       1.9328841939568520e-02, 6226431, -1 ]
   - [ 1.9786694335937500e+02, 3.7247103881835938e+02,
       1.9574871063232422e+00, 2.7901104736328125e+02,
       1.9328841939568520e-02, 6226431, -1 ]
   - [ 1.9991410827636719e+02, 3.6711804199218750e+02,
       1.3872222900390625e+01, 2.9449508666992188e+02,
       2.9253648594021797e-02, 14156545, -1 ]
   - [ 2.0008743286132812e+02, 3.7843899536132812e+02,
       3.3969008922576904e+00, 2.9131491088867188e+02,
       1.5990156680345535e-02, 12649471, -1 ]
   - [ 2.0707720947265625e+02, 3.4998788452148438e+02,
       2.3271691799163818e+00, 6.2615997314453125e+01,
       1.5946576371788979e-02, 2032383, -1 ]
   - [ 2.0982017517089844e+02, 3.7900170898437500e+02,
       3.3467967510223389e+00, 2.6201123046875000e+02,
       1.7239203676581383e-02, 11600895, -1 ]
   - [ 2.0982017517089844e+02, 3.7900170898437500e+02,
       3.3467967510223389e+00, 2.9575332641601562e+02,
       1.7239203676581383e-02, 11600895, -1 ]
   - [ 2.1041564941406250e+02, 3.5636367797851562e+02,
       2.4204158782958984e+00, 2.3896125793457031e+02,
       1.4954645186662674e-02, 4850431, -1 ]
   - [ 2.1464096069335938e+02, 3.7055416870117188e+02,
       4.9970788955688477e+00, 8.8072937011718750e+01,
       1.7137661576271057e-02, 7143936, -1 ]
   - [ 2.1496276855468750e+02, 3.6488528442382812e+02,
       2.6238057613372803e+00, 9.0309692382812500e+01,
       2.3617794737219810e-02, 10683135, -1 ]
   - [ 2.1521258544921875e+02, 3.6183963012695312e+02,
       8.5562896728515625e+00, 7.9093261718750000e+01,
       3.6697227507829666e-02, 12648705, -1 ]
   - [ 2.1852427673339844e+02, 3.8872824096679688e+02,
       2.1648235321044922e+00, 2.9623193359375000e+02,
       1.3808843679726124e-02, 13500927, -1 ]
   - [ 2.1949543762207031e+02, 3.8576705932617188e+02,
       1.8254698514938354e+00, 2.9849472045898438e+02,
       2.0873071625828743e-02, 1180159, -1 ]
   - [ 2.2068161010742188e+02, 3.8195166015625000e+02,
       5.9908204078674316e+00, 2.8809625244140625e+02,
       1.4138181693851948e-02, 3605248, -1 ]
   - [ 2.2117636108398438e+02, 3.6385650634765625e+02,
       3.3412780761718750e+00, 6.8359100341796875e+01,
       1.9610375165939331e-02, 11469823, -1 ]
   - [ 2.2133546447753906e+02, 3.5494238281250000e+02,
       3.0170452594757080e+00, 2.7076541137695312e+02,
       1.7123021185398102e-02, 4129791, -1 ]
   - [ 2.2170391845703125e+02, 3.9355609130859375e+02,
       1.0127954483032227e+01, 2.9087448120117188e+02,
       2.2714009508490562e-02, 8126977, -1 ]
   - [ 2.2443121337890625e+02, 3.5783209228515625e+02,
       1.8332108259201050e+00, 2.6949145507812500e+02,
       2.2962791845202446e-02, 1507839, -1 ]
   - [ 2.2491282653808594e+02, 3.6520901489257812e+02,
       1.9449551105499268e+00, 6.0147308349609375e+01,
       1.5955578535795212e-02, 5767679, -1 ]
   - [ 2.2514271545410156e+02, 3.6197467041015625e+02,
       2.5069482326507568e+00, 5.6994812011718750e+01,
       2.5601716712117195e-02, 7406335, -1 ]
   - [ 2.2617649841308594e+02, 3.9684579467773438e+02,
       2.0531730651855469e+00, 3.5881085205078125e+02,
       1.5168840065598488e-02, 9699839, -1 ]
   - [ 2.2818652343750000e+02, 3.5409994506835938e+02,
       2.2762882709503174e+00, 3.0818350219726562e+02,
       1.6495985910296440e-02, 459519, -1 ]
   - [ 2.2952468872070312e+02, 3.4483746337890625e+02,
       3.2861773967742920e+00, 8.6478759765625000e+01,
       2.1324908360838890e-02, 10290175, -1 ]
   - [ 2.2965570068359375e+02, 3.3964178466796875e+02,
       4.4330501556396484e+00, 8.7744140625000000e+01,
       1.7032977193593979e-02, 15204608, -1 ]
   - [ 2.3184524536132812e+02, 3.9758370971679688e+02,
       6.2130789756774902e+00, 3.5362356567382812e+02,
       1.3901613652706146e-02, 6226688, -1 ]
   - [ 2.3914648437500000e+02, 4.0870816040039062e+02,
       1.8514698743820190e+00, 2.7438775634765625e+02,
       1.4933167956769466e-02, 2228735, -1 ]
   - [ 2.4128927612304688e+02, 4.1298327636718750e+02,
       5.7974286079406738e+00, 2.7792294311523438e+02,
       2.0618854090571404e-02, 1180416, -1 ]
   - [ 2.4194627380371094e+02, 3.3898611450195312e+02,
       3.1169891357421875e+00, 3.1904000854492188e+02,
       1.4278603717684746e-02, 6423551, -1 ]
   - [ 2.4254173278808594e+02, 3.7466824340820312e+02,
       4.1728603363037109e+01, 3.1224725341796875e+02,
       2.4297723546624184e-02, 10289667, -1 ]
   - [ 2.4567219543457031e+02, 2.9773382568359375e+02,
       3.1880443096160889e+00, 3.2101104736328125e+01,
       1.6248904168605804e-02, 8061951, -1 ]
   - [ 2.4914669799804688e+02, 4.0370727539062500e+02,
       8.5492582321166992e+00, 2.7548413085937500e+02,
       1.4440076425671577e-02, 12583169, -1 ]
   - [ 2.5086883544921875e+02, 4.2956036376953125e+02,
       2.0948507785797119e+00, 2.7104013061523438e+02,
       1.7228743061423302e-02, 11141631, -1 ]
   - [ 2.5197729492187500e+02, 3.4413848876953125e+02,
       7.3406443595886230e+00, 1.0228427124023438e+02,
       1.5070055611431599e-02, 1573121, -1 ]
   - [ 2.5373171997070312e+02, 2.9066506958007812e+02,
       3.8133361339569092e+00, 8.0010589599609375e+01,
       1.3439286500215530e-02, 4325632, -1 ]
   - [ 2.5511476135253906e+02, 4.1208786010742188e+02,
       2.1319262981414795e+00, 2.7049133300781250e+02,
       1.6964724287390709e-02, 12386815, -1 ]
   - [ 2.5668182373046875e+02, 2.9796008300781250e+02,
       1.3415092468261719e+01, 8.5425842285156250e+01,
       2.2655900567770004e-02, 11731713, -1 ]
   - [ 2.5920983886718750e+02, 4.4036077880859375e+02,
       9.4382810592651367e+00, 3.3065069580078125e+02,
       2.6393996551632881e-02, 3015169, -1 ]
   - [ 2.5958190917968750e+02, 4.1191830444335938e+02,
       1.9166471958160400e+00, 2.7766082763671875e+02,
       1.5042019076645374e-02, 4719103, -1 ]
   - [ 2.6155538940429688e+02, 4.3363244628906250e+02,
       1.8290046453475952e+00, 3.4270553588867188e+02,
       2.4490542709827423e-02, 1311231, -1 ]
   - [ 2.6319778442382812e+02, 4.3807791137695312e+02,
       1.8920860290527344e+00, 3.3235937500000000e+02,
       2.5170808658003807e-02, 3801599, -1 ]
   - [ 2.6393527221679688e+02, 3.0826211547851562e+02,
       6.2898340225219727e+00, 2.6768362426757812e+02,
       1.4699589461088181e-02, 7078656, -1 ]
   - [ 2.6445480346679688e+02, 3.5267486572265625e+02,
       2.4281742572784424e+00, 1.4435356140136719e+02,
       1.5599484555423260e-02, 5112575, -1 ]
   - [ 2.6480102539062500e+02, 4.0773501586914062e+02,
       5.2523365020751953e+00, 2.6983444213867188e+02,
       1.4331221580505371e-02, 10748416, -1 ]
   - [ 2.6740161132812500e+02, 3.5019696044921875e+02,
       2.4594740867614746e+00, 2.8092877197265625e+02,
       2.3745091632008553e-02, 6030079, -1 ]
   - [ 2.6812200927734375e+02, 4.1405554199218750e+02,
       5.4401702880859375e+00, 2.6653250122070312e+02,
       1.9419331103563309e-02, 13304320, -1 ]
   - [ 2.6920013427734375e+02, 2.9529925537109375e+02,
       3.1489944458007812e+00, 9.8695739746093750e+01,
       1.5501947142183781e-02, 7209983, -1 ]
