%YAML:1.0
---
grayKeypoints:
   - [ 9.2534713745117188e+01, 5.7345776367187500e+02,
       1.8435777425765991e+00, 9.9790649414062500e+01,
       1.6842732205986977e-02, 1901055, -1 ]
   - [ 1.2797537994384766e+02, 1.9682666015625000e+02,
       2.3128089904785156e+00, 3.1799761962890625e+02,
       2.0940808579325676e-02, 1573631, -1 ]
   - [ 2.1318473815917969e+02, 3.8026058959960938e+02,
       1.9466987848281860e+00, 3.0999160766601562e+02,
       1.3452693819999695e-02, 5833215, -1 ]
   - [ 2.1453880310058594e+02, 3.8602856445312500e+02,
       3.1290345191955566e+00, 2.9490066528320312e+02,
       1.4520273543894291e-02, 6751231, -1 ]
   - [ 2.1568475341796875e+02, 3.7622314453125000e+02,
       1.3162719726562500e+01, 2.9560614013671875e+02,
       2.9339158907532692e-02, 10355457, -1 ]
   - [ 2.2325143432617188e+02, 3.8621472167968750e+02,
       3.5993659496307373e+00, 2.8183847045898438e+02,
       1.3861574232578278e-02, 131328, -1 ]
   - [ 2.2417410278320312e+02, 3.6182037353515625e+02,
       6.6923708915710449e+00, 6.1225555419921875e+01,
       2.1915486082434654e-02, 11600640, -1 ]
   - [ 2.2885482788085938e+02, 3.7811746215820312e+02,
       5.1168818473815918e+00, 8.6077026367187500e+01,
       1.5237866900861263e-02, 8913408, -1 ]
   - [ 2.2952014160156250e+02, 3.6597540283203125e+02,
       2.1522371768951416e+00, 2.4413458251953125e+02,
       1.7587298527359962e-02, 13107711, -1 ]
   - [ 2.2977603149414062e+02, 3.6958013916015625e+02,
       7.7367668151855469e+00, 7.4882385253906250e+01,
       3.6909069865942001e-02, 5374209, -1 ]
   - [ 2.3011372375488281e+02, 3.9831237792968750e+02,
       9.9611234664916992e+00, 2.8996905517578125e+02,
       1.9430836662650108e-02, 6947329, -1 ]
   - [ 2.3295722961425781e+02, 3.9271163940429688e+02,
       2.0547659397125244e+00, 2.9375595092773438e+02,
       1.4571654610335827e-02, 9765375, -1 ]
   - [ 2.4581030273437500e+02, 4.1612594604492188e+02,
       2.2277827262878418e+00, 2.7075888061523438e+02,
       1.6685999929904938e-02, 15598079, -1 ]
   - [ 2.4876905822753906e+02, 4.1734445190429688e+02,
       5.3596549034118652e+00, 2.7254418945312500e+02,
       1.9101485610008240e-02, 12255744, -1 ]
   - [ 2.4937638854980469e+02, 4.2751687622070312e+02,
       6.7925310134887695e+00, 2.8731640625000000e+02,
       1.9717456772923470e-02, 12649216, -1 ]
   - [ 2.5058877563476562e+02, 3.7955364990234375e+02,
       3.9651714324951172e+01, 3.1880151367187500e+02,
       2.4056797847151756e-02, 6554115, -1 ]
   - [ 2.5360234069824219e+02, 4.0296487426757812e+02,
       1.5967042922973633e+01, 3.1965722656250000e+02,
       1.5959287062287331e-02, 7602434, -1 ]
   - [ 2.5415837097167969e+02, 4.3347525024414062e+02,
       2.4809727668762207e+00, 2.7769281005859375e+02,
       1.3512497767806053e-02, 6685439, -1 ]
   - [ 2.5699789428710938e+02, 4.3021627807617188e+02,
       3.3231809139251709e+00, 2.7810250854492188e+02,
       1.9514312967658043e-02, 11076607, -1 ]
   - [ 2.5969992065429688e+02, 3.5022982788085938e+02,
       7.1115989685058594e+00, 1.0020190429687500e+02,
       1.4430249109864235e-02, 15991552, -1 ]
   - [ 2.6117190551757812e+02, 3.0428997802734375e+02,
       1.2468035697937012e+01, 8.4006530761718750e+01,
       2.2344827651977539e-02, 6423297, -1 ]
   - [ 2.6154895019531250e+02, 4.4113409423828125e+02,
       8.2759571075439453e+00, 3.2564266967773438e+02,
       2.2609509527683258e-02, 10223873, -1 ]
   - [ 2.6181546020507812e+02, 4.1848413085937500e+02,
       8.1491956710815430e+00, 2.7098712158203125e+02,
       2.2402873262763023e-02, 9109761, -1 ]
   - [ 2.6510586547851562e+02, 3.6841540527343750e+02,
       3.3402097225189209e+00, 1.9094384765625000e+02,
       1.4080607332289219e-02, 11469823, -1 ]
   - [ 2.6576217651367188e+02, 3.1402703857421875e+02,
       6.1079506874084473e+00, 2.6179168701171875e+02,
       1.4252061024308205e-02, 4981504, -1 ]
   - [ 2.6646945190429688e+02, 4.4200338745117188e+02,
       2.4309356212615967e+00, 3.2991021728515625e+02,
       2.4108434095978737e-02, 5178111, -1 ]
   - [ 2.6748028564453125e+02, 3.7246597290039062e+02,
       3.1318960189819336e+00, 1.5002264404296875e+02,
       1.3398371636867523e-02, 6816767, -1 ]
   - [ 2.6789892578125000e+02, 4.2742996215820312e+02,
       2.6530113220214844e+00, 9.3140686035156250e+01,
       1.4706824906170368e-02, 11535103, -1 ]
   - [ 2.6965197753906250e+02, 4.1171606445312500e+02,
       4.8218688964843750e+00, 2.6654663085937500e+02,
       1.3600132428109646e-02, 4588032, -1 ]
   - [ 2.7441503906250000e+02, 3.1655511474609375e+02,
       9.3408498764038086e+00, 2.5985092163085938e+02,
       1.3907785527408123e-02, 2294273, -1 ]
   - [ 2.7989224243164062e+02, 4.1957107543945312e+02,
       1.9179052114486694e+00, 9.9707672119140625e+01,
       1.4206938445568085e-02, 4784639, -1 ]
   - [ 2.7995956420898438e+02, 3.5685162353515625e+02,
       6.9262375831604004e+00, 8.0618041992187500e+01,
       1.8327496945858002e-02, 14091008, -1 ]
   - [ 2.7995956420898438e+02, 3.5685162353515625e+02,
       6.9262375831604004e+00, 1.3931318664550781e+02,
       1.8327496945858002e-02, 14091008, -1 ]
   - [ 2.8132901000976562e+02, 1.6606713867187500e+02,
       2.0087597370147705e+00, 1.4068173217773438e+02,
       2.9171029105782509e-02, 8126975, -1 ]
   - [ 2.8132901000976562e+02, 1.6606713867187500e+02,
       2.0087597370147705e+00, 3.2380249023437500e+02,
       2.9171029105782509e-02, 8126975, -1 ]
   - [ 2.8172241210937500e+02, 4.5554818725585938e+02,
       3.4330170154571533e+00, 3.1978210449218750e+02,
       3.0514139682054520e-02, 13435903, -1 ]
   - [ 2.8267282104492188e+02, 3.0668472290039062e+02,
       3.1904611587524414e+00, 1.0488549804687500e+02,
       1.8942745402455330e-02, 8127487, -1 ]
   - [ 2.8382690429687500e+02, 3.0320022583007812e+02,
       2.7321989536285400e+00, 1.0079388427734375e+02,
       1.8951194360852242e-02, 13632255, -1 ]
   - [ 2.8416571044921875e+02, 4.7987286376953125e+02,
       2.3294712066650391e+01, 3.0981759643554688e+02,
       2.2339195013046265e-02, 1508098, -1 ]
   - [ 2.8429434204101562e+02, 4.2548150634765625e+02,
       1.8885773420333862e+00, 9.8259765625000000e+01,
       2.2868275642395020e-02, 3670527, -1 ]
   - [ 2.8759527587890625e+02, 3.7693426513671875e+02,
       2.4288308620452881e+00, 1.0650366210937500e+02,
       1.4864504337310791e-02, 5112575, -1 ]
   - [ 2.8877719116210938e+02, 3.7410147094726562e+02,
       8.1037635803222656e+00, 1.0266726684570312e+02,
       1.8787173554301262e-02, 8716545, -1 ]
   - [ 2.8889038085937500e+02, 4.2349932861328125e+02,
       4.6421928405761719e+00, 9.2162994384765625e+01,
       3.4851066768169403e-02, 1835520, -1 ]
   - [ 2.9109786987304688e+02, 3.5553695678710938e+02,
       4.5907721519470215e+00, 8.8912475585937500e+01,
       2.4161683395504951e-02, 1049088, -1 ]
   - [ 2.9130209350585938e+02, 4.1496044921875000e+02,
       3.3077208995819092e+00, 2.6205340576171875e+02,
       1.6837265342473984e-02, 10748927, -1 ]
   - [ 2.9301675415039062e+02, 3.8035150146484375e+02,
       2.2227003574371338e+00, 8.6545776367187500e+01,
       1.3476341962814331e-02, 15401471, -1 ]
   - [ 2.9321633911132812e+02, 3.6317178344726562e+02,
       6.6110358238220215e+00, 9.0027648925781250e+01,
       2.9057893902063370e-02, 10683136, -1 ]
   - [ 2.9665557861328125e+02, 3.8318182373046875e+02,
       6.1487264633178711e+00, 9.6030456542968750e+01,
       2.3263243958353996e-02, 5440256, -1 ]
   - [ 2.9866598510742188e+02, 4.2588217163085938e+02,
       4.2895021438598633e+00, 9.9047058105468750e+01,
       1.7715888097882271e-02, 12845312, -1 ]
   - [ 2.9895388793945312e+02, 3.5745410156250000e+02,
       2.5958991050720215e+00, 9.3842224121093750e+01,
       1.4539218507707119e-02, 9962239, -1 ]
   - [ 2.9895388793945312e+02, 3.5745410156250000e+02,
       2.5958991050720215e+00, 1.2696264648437500e+02,
       1.4539218507707119e-02, 9962239, -1 ]
