%YAML:1.0
---
grayKeypoints:
   - [ 6.5149192810058594e+01, 2.8823403930664062e+02,
       2.0409295558929443e+00, 2.7935943603515625e+01,
       3.7493363022804260e-02, 9241087, -1 ]
   - [ 6.7439590454101562e+01, 6.0101104736328125e+02,
       2.6040406227111816e+00, 9.9740844726562500e+01,
       1.7695957794785500e-02, 10158847, -1 ]
   - [ 1.1796321868896484e+02, 4.3552294921875000e+02,
       2.4034554958343506e+00, 1.1839491271972656e+02,
       3.5008504986763000e-02, 4391679, -1 ]
   - [ 1.3592930603027344e+02, 3.1917526245117188e+02,
       2.0994973182678223e+00, 1.5826599121093750e+01,
       4.3952926993370056e-02, 11272703, -1 ]
   - [ 1.3592930603027344e+02, 3.1917526245117188e+02,
       2.0994973182678223e+00, 1.0849317932128906e+02,
       4.3952926993370056e-02, 11272703, -1 ]
   - [ 2.2497592163085938e+02, 4.5771533203125000e+02,
       5.9985537528991699e+00, 3.1096771240234375e+01,
       1.8388435244560242e-02, 3670784, -1 ]
   - [ 2.2742094421386719e+02, 4.7077655029296875e+02,
       2.6956357955932617e+00, 3.3153054809570312e+02,
       2.5909928604960442e-02, 12649215, -1 ]
   - [ 2.2915788269042969e+02, 4.6570080566406250e+02,
       5.9444723129272461e+00, 2.8290557861328125e+01,
       4.5740701258182526e-02, 3015424, -1 ]
   - [ 2.3062841796875000e+02, 4.4613003540039062e+02,
       5.2766356468200684e+00, 3.0251037597656250e+01,
       1.6813971102237701e-02, 11076096, -1 ]
   - [ 2.3369126892089844e+02, 4.5648797607421875e+02,
       2.5422713756561279e+00, 1.7845153808593750e+01,
       2.7691077440977097e-02, 8454911, -1 ]
   - [ 2.3369126892089844e+02, 4.5648797607421875e+02,
       2.5422713756561279e+00, 2.0875143432617188e+02,
       2.7691077440977097e-02, 8454911, -1 ]
   - [ 2.3611059570312500e+02, 4.6450906372070312e+02,
       4.4429330825805664e+00, 1.8369691467285156e+02,
       2.2438572719693184e-02, 15401216, -1 ]
   - [ 2.3685069274902344e+02, 4.5749832153320312e+02,
       2.5588781833648682e+00, 2.0996990966796875e+02,
       1.3780305162072182e-02, 8913663, -1 ]
   - [ 2.4184454345703125e+02, 6.3302319335937500e+02,
       1.8413597345352173e+00, 3.5470016479492188e+02,
       2.3888815194368362e-02, 1835519, -1 ]
   - [ 2.4909451293945312e+02, 4.2842407226562500e+02,
       3.7776558399200439e+00, 3.3112304687500000e+01,
       3.0594823881983757e-02, 3670272, -1 ]
   - [ 2.4920146179199219e+02, 6.4885772705078125e+02,
       2.1120357513427734e+00, 2.9859597778320312e+02,
       1.3668833300471306e-02, 11731455, -1 ]
   - [ 2.5335388183593750e+02, 4.6993313598632812e+02,
       1.2642936706542969e+01, 2.7142004394531250e+02,
       1.7859986051917076e-02, 7471873, -1 ]
   - [ 2.5686480712890625e+02, 6.4585412597656250e+02,
       5.4472370147705078e+00, 2.7815762329101562e+02,
       2.5229802355170250e-02, 13435392, -1 ]
   - [ 2.6013629150390625e+02, 4.7908276367187500e+02,
       4.7320766448974609e+00, 2.6705468750000000e+02,
       1.5007005073130131e-02, 3211776, -1 ]
   - [ 2.7512591552734375e+02, 4.7844354248046875e+02,
       7.9877586364746094e+00, 2.6070556640625000e+02,
       1.5259253792464733e-02, 7667969, -1 ]
   - [ 2.7649078369140625e+02, 4.7507553100585938e+02,
       3.2555015087127686e+00, 2.6101882934570312e+02,
       1.6038194298744202e-02, 9569279, -1 ]
   - [ 2.8028329467773438e+02, 4.6768746948242188e+02,
       7.9401621818542480e+00, 2.6090148925781250e+02,
       2.1441457793116570e-02, 7209217, -1 ]
   - [ 2.8387792968750000e+02, 3.9198205566406250e+02,
       4.1735849380493164e+00, 5.2097045898437500e+01,
       3.6201529204845428e-02, 10879232, -1 ]
   - [ 2.8531118774414062e+02, 6.4518450927734375e+02,
       3.2024083137512207e+00, 8.6808593750000000e+01,
       1.6213979572057724e-02, 8389631, -1 ]
   - [ 2.8533157348632812e+02, 4.7267111206054688e+02,
       2.7528126239776611e+00, 2.5609011840820312e+02,
       1.6639657318592072e-02, 14156543, -1 ]
   - [ 2.8542025756835938e+02, 6.4097814941406250e+02,
       3.0082836151123047e+00, 8.4946472167968750e+01,
       1.5530045144259930e-02, 3867647, -1 ]
   - [ 2.8904443359375000e+02, 6.4959851074218750e+02,
       9.4157419204711914e+00, 2.8995150756835938e+02,
       1.9135264679789543e-02, 2884097, -1 ]
   - [ 2.9060803222656250e+02, 4.7405957031250000e+02,
       6.8448190689086914e+00, 2.5942904663085938e+02,
       1.8981553614139557e-02, 13239040, -1 ]
   - [ 2.9117791748046875e+02, 3.8676678466796875e+02,
       4.3703088760375977e+00, 5.5503601074218750e+01,
       3.6319881677627563e-02, 14156032, -1 ]
   - [ 2.9161840820312500e+02, 4.8096875000000000e+02,
       1.7112665176391602e+01, 2.6017010498046875e+02,
       1.5790648758411407e-02, 12648706, -1 ]
   - [ 2.9260104370117188e+02, 3.2655224609375000e+02,
       2.3313546180725098e+00, 1.1763276672363281e+02,
       1.7569048330187798e-02, 2163455, -1 ]
   - [ 2.9260104370117188e+02, 3.2655224609375000e+02,
       2.3313546180725098e+00, 2.4695434570312500e+02,
       1.7569048330187798e-02, 2163455, -1 ]
   - [ 2.9260104370117188e+02, 3.2655224609375000e+02,
       2.3313546180725098e+00, 3.5258496093750000e+02,
       1.7569048330187798e-02, 2163455, -1 ]
   - [ 2.9909774780273438e+02, 8.3583972167968750e+02,
       2.0487961769104004e+00, 3.2147674560546875e+01,
       2.0324530079960823e-02, 9503231, -1 ]
   - [ 2.9947531127929688e+02, 8.3136090087890625e+02,
       2.2693679332733154e+00, 9.3026672363281250e+01,
       1.4876034110784531e-02, 197375, -1 ]
   - [ 2.9947531127929688e+02, 8.3136090087890625e+02,
       2.2693679332733154e+00, 1.6752578735351562e+02,
       1.4876034110784531e-02, 197375, -1 ]
   - [ 3.0062365722656250e+02, 4.7077120971679688e+02,
       5.2168288230895996e+00, 2.5917590332031250e+02,
       1.8865855410695076e-02, 10289664, -1 ]
   - [ 3.0135827636718750e+02, 6.4558642578125000e+02,
       2.8362340927124023e+00, 2.8768359375000000e+02,
       1.4095017686486244e-02, 16319231, -1 ]
   - [ 3.1112011718750000e+02, 4.6851852416992188e+02,
       6.3048195838928223e+00, 2.5251679992675781e+02,
       1.9552847370505333e-02, 7275264, -1 ]
   - [ 3.2094793701171875e+02, 6.6218316650390625e+02,
       6.4844360351562500e+00, 2.7893798828125000e+02,
       1.6730295494198799e-02, 9306880, -1 ]
   - [ 3.2099496459960938e+02, 4.6503793334960938e+02,
       5.4701972007751465e+00, 2.5046609497070312e+02,
       2.0942183211445808e-02, 13697536, -1 ]
   - [ 3.2695468139648438e+02, 5.3943847656250000e+02,
       8.5804046630859375e+01, 7.0882293701171875e+01,
       2.9979096725583076e-02, 12255748, -1 ]
   - [ 3.2695468139648438e+02, 5.3943847656250000e+02,
       8.5804046630859375e+01, 2.6501644897460938e+02,
       2.9979096725583076e-02, 12255748, -1 ]
   - [ 3.2914230346679688e+02, 6.0726275634765625e+02,
       2.5402870178222656e+00, 4.9925048828125000e+01,
       1.4033194631338120e-02, 8389375, -1 ]
   - [ 3.2970440673828125e+02, 6.4608734130859375e+02,
       8.1108465194702148e+00, 2.7762374877929688e+02,
       1.3796940445899963e-02, 8782081, -1 ]
   - [ 3.3390423583984375e+02, 6.0929565429687500e+02,
       3.6889512538909912e+00, 9.2284271240234375e+01,
       1.9457921385765076e-02, 1900800, -1 ]
   - [ 3.4711376953125000e+02, 3.8060317993164062e+02,
       2.0309185981750488e+00, 6.6430175781250000e+01,
       1.3850358314812183e-02, 8913407, -1 ]
   - [ 3.5437069702148438e+02, 4.0990093994140625e+02,
       7.9433250427246094e+01, 2.5532327270507812e+02,
       6.1395287513732910e-02, 6685188, -1 ]
   - [ 3.5987298583984375e+02, 6.0117425537109375e+02,
       2.3315837383270264e+00, 7.9730529785156250e+01,
       1.4297017827630043e-02, 2163455, -1 ]
   - [ 3.7143002319335938e+02, 6.0085107421875000e+02,
       1.9514130353927612e+00, 6.9314697265625000e+01,
       1.8910251557826996e-02, 6029823, -1 ]
   - [ 3.7312884521484375e+02, 6.0849572753906250e+02,
       2.2884347438812256e+00, 3.8977508544921875e+01,
       1.5336755663156509e-02, 787199, -1 ]
