%YAML:1.0
---
grayKeypoints:
   - [ 3.0729248046875000e+01, 2.0517652511596680e+01,
       2.5377223491668701e+00, 1.3562796020507812e+02,
       1.5123440884053707e-02, 8323839, -1 ]
   - [ 3.0729248046875000e+01, 2.0517652511596680e+01,
       2.5377223491668701e+00, 3.5002706909179688e+02,
       1.5123440884053707e-02, 8323839, -1 ]
   - [ 9.4312004089355469e+01, 5.7563879394531250e+02,
       2.0784442424774170e+00, 6.8205383300781250e+01,
       1.3588652014732361e-02, 10551807, -1 ]
   - [ 1.6697906494140625e+02, 6.2217669677734375e+02,
       3.0703613758087158e+00, 1.0278256225585938e+02,
       1.7891060560941696e-02, 5374975, -1 ]
   - [ 1.6697906494140625e+02, 6.2217669677734375e+02,
       3.0703613758087158e+00, 2.7965286254882812e+02,
       1.7891060560941696e-02, 5374975, -1 ]
   - [ 1.8522668457031250e+02, 5.4707073974609375e+02,
       1.9131582975387573e+00, 8.3494445800781250e+01,
       1.7600907012820244e-02, 4588031, -1 ]
   - [ 1.8522668457031250e+02, 5.4707073974609375e+02,
       1.9131582975387573e+00, 2.8473275756835938e+02,
       1.7600907012820244e-02, 4588031, -1 ]
   - [ 2.2749655151367188e+02, 3.1760858154296875e+02,
       3.9530117511749268e+00, 4.6160614013671875e+01,
       1.4402369037270546e-02, 6947072, -1 ]
   - [ 2.2784814453125000e+02, 3.2466998291015625e+02,
       4.9839167594909668e+00, 4.4083984375000000e+01,
       3.0813857913017273e-02, 6947328, -1 ]
   - [ 2.2824798583984375e+02, 5.8223309326171875e+02,
       2.5679423809051514e+00, 7.9714782714843750e+01,
       1.8266664817929268e-02, 9175807, -1 ]
   - [ 2.2824798583984375e+02, 5.8223309326171875e+02,
       2.5679423809051514e+00, 2.5806240844726562e+02,
       1.8266664817929268e-02, 9175807, -1 ]
   - [ 2.3334167480468750e+02, 3.1822790527343750e+02,
       3.9865963459014893e+00, 4.4894165039062500e+01,
       2.1405180916190147e-02, 7536896, -1 ]
   - [ 2.3880595397949219e+02, 3.2322827148437500e+02,
       1.9796527862548828e+01, 3.7464782714843750e+01,
       1.4538211748003960e-02, 6488578, -1 ]
   - [ 2.3880595397949219e+02, 3.2322827148437500e+02,
       1.9796527862548828e+01, 2.9241442871093750e+02,
       1.4538211748003960e-02, 6488578, -1 ]
   - [ 2.4128970336914062e+02, 3.1115475463867188e+02,
       5.0431756973266602e+00, 4.9698303222656250e+01,
       1.8994756042957306e-02, 7864832, -1 ]
   - [ 2.5084255981445312e+02, 3.0272048950195312e+02,
       3.3093755245208740e+00, 5.5877258300781250e+01,
       2.4977453052997589e-02, 10814463, -1 ]
   - [ 2.5389640808105469e+02, 3.3592199707031250e+02,
       3.0875337123870850e+00, 2.8301507568359375e+02,
       1.4096912927925587e-02, 5768191, -1 ]
   - [ 2.6222460937500000e+02, 2.8911752319335938e+02,
       5.0182018280029297e+00, 5.9604797363281250e+01,
       1.4655947685241699e-02, 7471616, -1 ]
   - [ 2.6496368408203125e+02, 3.3663119506835938e+02,
       5.1486439704895020e+00, 2.7992321777343750e+02,
       1.5522172674536705e-02, 9306624, -1 ]
   - [ 2.6773675537109375e+02, 2.8728131103515625e+02,
       3.9416000843048096e+00, 5.9744293212890625e+01,
       1.4561869204044342e-02, 6750464, -1 ]
   - [ 2.6953219604492188e+02, 3.4167355346679688e+02,
       2.9914305210113525e+00, 2.7606399536132812e+02,
       1.4663982205092907e-02, 3474431, -1 ]
   - [ 2.7648559570312500e+02, 3.3766000366210938e+02,
       4.7068095207214355e+00, 2.7889810180664062e+02,
       1.9479122012853622e-02, 2818560, -1 ]
   - [ 2.8240719604492188e+02, 4.6651571655273438e+02,
       8.8397340774536133e+00, 8.1639434814453125e+01,
       1.5129729174077511e-02, 15008001, -1 ]
   - [ 2.8240719604492188e+02, 4.6651571655273438e+02,
       8.8397340774536133e+00, 3.0555355834960938e+02,
       1.5129729174077511e-02, 15008001, -1 ]
   - [ 2.8449612426757812e+02, 2.7942031860351562e+02,
       3.3910434246063232e+00, 6.9627685546875000e+01,
       1.4478874392807484e-02, 12518399, -1 ]
   - [ 2.8544903564453125e+02, 2.8398229980468750e+02,
       3.6549687385559082e+00, 6.7098968505859375e+01,
       2.7835469692945480e-02, 1245440, -1 ]
   - [ 2.9324295043945312e+02, 2.8109243774414062e+02,
       3.9631562232971191e+00, 7.1437561035156250e+01,
       2.8577616438269615e-02, 7143680, -1 ]
   - [ 3.0409207153320312e+02, 2.7450979614257812e+02,
       2.5142590999603271e+00, 7.8977416992187500e+01,
       1.5629721805453300e-02, 7602943, -1 ]
   - [ 3.0621560668945312e+02, 3.4383337402343750e+02,
       3.6139450073242188e+00, 2.7020489501953125e+02,
       2.0911199972033501e-02, 459008, -1 ]
   - [ 3.0914880371093750e+02, 2.7355578613281250e+02,
       2.5545253753662109e+00, 8.0354949951171875e+01,
       1.9675496965646744e-02, 8782591, -1 ]
   - [ 3.1035772705078125e+02, 3.4305493164062500e+02,
       2.0363743305206299e+00, 2.7066119384765625e+02,
       2.0646728575229645e-02, 9110015, -1 ]
   - [ 3.1898138427734375e+02, 4.6200949096679688e+02,
       3.2597930431365967e+00, 8.5838378906250000e+01,
       1.6522482037544250e-02, 9700351, -1 ]
   - [ 3.2189578247070312e+02, 4.6513888549804688e+02,
       2.4403045177459717e+00, 8.6719024658203125e+01,
       1.5043137595057487e-02, 5440255, -1 ]
   - [ 3.2193502807617188e+02, 3.4302297973632812e+02,
       2.2033967971801758e+00, 2.6960113525390625e+02,
       1.7362263053655624e-02, 14811647, -1 ]
   - [ 3.2407098388671875e+02, 2.6988256835937500e+02,
       4.6915688514709473e+00, 8.0898956298828125e+01,
       1.7020139843225479e-02, 2621952, -1 ]
   - [ 3.3184963989257812e+02, 2.7107116699218750e+02,
       1.9473447799682617e+00, 8.5028015136718750e+01,
       1.6705943271517754e-02, 5833215, -1 ]
   - [ 3.3208651733398438e+02, 4.4981930541992188e+02,
       6.5822691917419434e+00, 8.3490539550781250e+01,
       1.5461819246411324e-02, 10355456, -1 ]
   - [ 3.3817398071289062e+02, 2.7005688476562500e+02,
       3.1614532470703125e+00, 8.7821533203125000e+01,
       1.6952287405729294e-02, 7472127, -1 ]
   - [ 3.4662023925781250e+02, 3.4183978271484375e+02,
       1.8316541910171509e+00, 2.6668350219726562e+02,
       1.9748605787754059e-02, 1442303, -1 ]
   - [ 3.5786059570312500e+02, 3.0960101318359375e+02,
       5.9981933593750000e+01, 1.0089733886718750e+02,
       5.4887622594833374e-02, 3080452, -1 ]
   - [ 3.5786059570312500e+02, 3.0960101318359375e+02,
       5.9981933593750000e+01, 2.6443719482421875e+02,
       5.4887622594833374e-02, 3080452, -1 ]
   - [ 3.6350866699218750e+02, 4.1767495727539062e+02,
       3.0624878406524658e+00, 2.9315017700195312e+02,
       1.8424656242132187e-02, 5178367, -1 ]
   - [ 3.8104312133789062e+02, 3.3838104248046875e+02,
       1.7966440916061401e+00, 2.6000598144531250e+02,
       1.8981263041496277e-02, 511, -1 ]
   - [ 3.9792715454101562e+02, 6.2157324218750000e+02,
       2.4399387836456299e+00, 7.2121398925781250e+01,
       2.0757177844643593e-02, 5440255, -1 ]
   - [ 3.9792715454101562e+02, 6.2157324218750000e+02,
       2.4399387836456299e+00, 2.5194454956054688e+02,
       2.0757177844643593e-02, 5440255, -1 ]
   - [ 4.1511032104492188e+02, 3.3255490112304688e+02,
       3.4081685543060303e+00, 2.5984326171875000e+02,
       2.2411214187741280e-02, 12911615, -1 ]
   - [ 4.2453939819335938e+02, 2.8932125854492188e+02,
       7.5714530944824219e+00, 9.9812561035156250e+01,
       3.2135393470525742e-02, 3801345, -1 ]
   - [ 4.2992129516601562e+02, 4.7874984741210938e+02,
       1.8060165405273438e+01, 9.7692169189453125e+01,
       3.6483347415924072e-02, 16515330, -1 ]
   - [ 4.3349340820312500e+02, 4.7524627685546875e+02,
       2.1858329772949219e+00, 9.5222137451171875e+01,
       1.5637705102562904e-02, 14221823, -1 ]
   - [ 4.3810140991210938e+02, 8.4092883300781250e+02,
       3.7507874965667725e+00, 2.0439312744140625e+02,
       1.3558196835219860e-02, 3145984, -1 ]
   - [ 4.3810140991210938e+02, 8.4092883300781250e+02,
       3.7507874965667725e+00, 2.2587814331054688e+02,
       1.3558196835219860e-02, 3145984, -1 ]
   - [ 4.3829205322265625e+02, 3.2702355957031250e+02,
