%YAML:1.0
---
grayKeypoints:
   - [ 6.8771448135375977e+00, 2.4551383972167969e+02,
       6.5120863914489746e+00, 9.7684692382812500e+01,
       2.8661327436566353e-02, 9634560, -1 ]
   - [ 6.8771448135375977e+00, 2.4551383972167969e+02,
       6.5120863914489746e+00, 3.3378707885742188e+02,
       2.8661327436566353e-02, 9634560, -1 ]
   - [ 1.0689172744750977e+01, 2.3332861328125000e+02,
       7.3059144020080566e+00, 3.2916143798828125e+02,
       2.0991174504160881e-02, 1245441, -1 ]
   - [ 1.3307240295410156e+02, 5.9456365966796875e+02,
       1.9584792852401733e+00, 3.4148837280273438e+02,
       1.4215265400707722e-02, 6291967, -1 ]
   - [ 2.4782221984863281e+02, 1.6659779357910156e+02,
       3.4349243640899658e+00, 4.0966522216796875e+01,
       1.9330982118844986e-02, 13501439, -1 ]
   - [ 2.4910272216796875e+02, 1.7328031921386719e+02,
       4.0045046806335449e+00, 1.9579110717773438e+02,
       1.9353454932570457e-02, 7864576, -1 ]
   - [ 2.5594705200195312e+02, 1.5951345825195312e+02,
       5.3145380020141602e+00, 4.9789581298828125e+01,
       1.6421955078840256e-02, 11600384, -1 ]
   - [ 2.7054507446289062e+02, 1.4717570495605469e+02,
       3.2519905567169189e+00, 5.4546447753906250e+01,
       1.7198249697685242e-02, 9503743, -1 ]
   - [ 2.9616760253906250e+02, 1.9005355834960938e+02,
       6.2864356040954590e+00, 2.7078033447265625e+02,
       1.4372824691236019e-02, 7078656, -1 ]
   - [ 2.9872174072265625e+02, 1.3221545410156250e+02,
       3.1618096828460693e+00, 6.9726623535156250e+01,
       2.9205407947301865e-02, 7472127, -1 ]
   - [ 3.0089004516601562e+02, 1.8851817321777344e+02,
       3.5748105049133301e+00, 2.7095758056640625e+02,
       1.3758191838860512e-02, 16385023, -1 ]
   - [ 3.0125604248046875e+02, 1.2519753265380859e+02,
       5.3175582885742188e+00, 6.9868896484375000e+01,
       1.6024500131607056e-02, 11665920, -1 ]
   - [ 3.0628710937500000e+02, 1.2962359619140625e+02,
       4.1732420921325684e+00, 7.0731323242187500e+01,
       2.5018122047185898e-02, 10879232, -1 ]
   - [ 3.0665676879882812e+02, 1.8943569946289062e+02,
       4.5881156921386719e+00, 2.7511688232421875e+02,
       1.6575310379266739e-02, 983552, -1 ]
   - [ 3.1199853515625000e+02, 1.8397859191894531e+02,
       5.1581912040710449e+00, 2.7412301635742188e+02,
       1.9039034843444824e-02, 9437696, -1 ]
   - [ 3.2456585693359375e+02, 1.1991156005859375e+02,
       5.0823249816894531e+00, 8.0761749267578125e+01,
       1.6284732148051262e-02, 8389120, -1 ]
   - [ 3.3478247070312500e+02, 3.0343026733398438e+02,
       2.4646258354187012e+00, 9.0199401855468750e+01,
       1.6664803028106689e-02, 6161151, -1 ]
   - [ 3.3511395263671875e+02, 2.9975637817382812e+02,
       2.8605415821075439e+00, 8.6965301513671875e+01,
       1.4909904450178146e-02, 263167, -1 ]
   - [ 3.3711422729492188e+02, 1.9022288513183594e+02,
       5.5258350372314453e+00, 2.7026077270507812e+02,
       1.8813364207744598e-02, 14418432, -1 ]
   - [ 3.4460128784179688e+02, 1.1875785827636719e+02,
       3.7086064815521240e+00, 9.0140655517578125e+01,
       1.6713326796889305e-02, 2294016, -1 ]
   - [ 3.4470822143554688e+02, 2.8849877929687500e+02,
       9.1953105926513672e+00, 1.0111224365234375e+02,
       1.4401338063180447e-02, 1114625, -1 ]
   - [ 3.4490985107421875e+02, 2.8972579956054688e+02,
       3.0232748985290527e+00, 1.0787117004394531e+02,
       1.5240881592035294e-02, 4260863, -1 ]
   - [ 3.4889416503906250e+02, 1.1949623107910156e+02,
       2.2594428062438965e+00, 8.7269439697265625e+01,
       1.5038450248539448e-02, 16581119, -1 ]
   - [ 3.7267108154296875e+02, 1.8929821777343750e+02,
       6.1062569618225098e+00, 2.7001062011718750e+02,
       2.1409222856163979e-02, 4981504, -1 ]
   - [ 3.7804739379882812e+02, 1.8697438049316406e+02,
       2.5975511074066162e+00, 2.6904434204101562e+02,
       1.8734164535999298e-02, 9962239, -1 ]
   - [ 3.8092120361328125e+02, 1.1882198333740234e+02,
       5.4683723449707031e+00, 9.8912078857421875e+01,
       1.6822105273604393e-02, 13697536, -1 ]
   - [ 3.8631503295898438e+02, 1.8731927490234375e+02,
       4.6637411117553711e+00, 2.6196014404296875e+02,
       2.0959189161658287e-02, 2163200, -1 ]
   - [ 3.8893933105468750e+02, 2.5781668090820312e+02,
       6.8337760925292969e+01, 2.6660021972656250e+02,
       3.8102596998214722e-02, 12517636, -1 ]
   - [ 3.9082327270507812e+02, 1.8080461120605469e+02,
       4.8903942108154297e+00, 2.6506201171875000e+02,
       2.3864867165684700e-02, 5636608, -1 ]
   - [ 3.9654602050781250e+02, 1.2800984191894531e+02,
       5.3835563659667969e+00, 1.0140628051757812e+02,
       2.5343902409076691e-02, 12583424, -1 ]
   - [ 4.0561953735351562e+02, 2.7911471557617188e+02,
       3.4586013793945312e+01, 1.0437347412109375e+02,
       3.9803408086299896e-02, 13435139, -1 ]
   - [ 4.0808419799804688e+02, 8.4815087890625000e+02,
       8.0758638381958008e+00, 4.9776611328125000e+01,
       1.6054023057222366e-02, 8454401, -1 ]
   - [ 4.1630291748046875e+02, 8.4317645263671875e+02,
       5.2242693901062012e+00, 9.9896545410156250e+00,
       2.2448979318141937e-02, 10355200, -1 ]
   - [ 4.1630291748046875e+02, 8.4317645263671875e+02,
       5.2242693901062012e+00, 4.7893554687500000e+01,
       2.2448979318141937e-02, 10355200, -1 ]
   - [ 4.2427236938476562e+02, 1.3019442749023438e+02,
       4.4951739311218262e+00, 1.1024635314941406e+02,
       2.6710240170359612e-02, 16253184, -1 ]
   - [ 4.2730044555664062e+02, 8.3963580322265625e+02,
       6.1436100006103516e+00, 6.0532714843750000e+01,
       1.9819110631942749e-02, 5374720, -1 ]
   - [ 4.2730355834960938e+02, 8.4763659667968750e+02,
       6.0460491180419922e+00, 5.3469360351562500e+01,
       2.1616542711853981e-02, 4260608, -1 ]
   - [ 4.3329626464843750e+02, 7.5834753417968750e+02,
       6.3018660545349121e+00, 3.1960852050781250e+02,
       1.8393166363239288e-02, 7209728, -1 ]
   - [ 4.3511926269531250e+02, 1.4007696533203125e+02,
       5.5479903221130371e+00, 1.0240780639648438e+02,
       3.2475054264068604e-02, 14746112, -1 ]
   - [ 4.3573056030273438e+02, 8.2103448486328125e+02,
       7.3202319145202637e+00, 6.1270385742187500e+01,
       2.6091657578945160e-02, 1376513, -1 ]
   - [ 4.3593661499023438e+02, 7.4909783935546875e+02,
       5.4549489021301270e+00, 3.3377944946289062e+02,
       2.0538710057735443e-02, 13500928, -1 ]
   - [ 4.3867474365234375e+02, 3.2047442626953125e+02,
       1.6598718643188477e+01, 9.7199829101562500e+01,
       3.5762641578912735e-02, 10420482, -1 ]
   - [ 4.3944781494140625e+02, 1.1049259948730469e+02,
       4.0525630950927734e+01, 1.0976133728027344e+02,
       3.3276285976171494e-02, 8126979, -1 ]
   - [ 4.3995321655273438e+02, 7.6644348144531250e+02,
       8.7081441879272461e+00, 3.1237448120117188e+02,
       2.1716196089982986e-02, 13893889, -1 ]
   - [ 4.4265994262695312e+02, 7.3929144287109375e+02,
       4.8299064636230469e+00, 1.3601138305664062e+02,
       1.4188651926815510e-02, 4719104, -1 ]
   - [ 4.4266354370117188e+02, 1.4117503356933594e+02,
       4.3242654800415039e+00, 1.0611123657226562e+02,
       2.9003936797380447e-02, 13435136, -1 ]
   - [ 4.4325494384765625e+02, 7.5221441650390625e+02,
       1.3005415916442871e+01, 1.1216459655761719e+02,
       3.3012393862009048e-02, 9503489, -1 ]
   - [ 4.4325494384765625e+02, 7.5221441650390625e+02,
       1.3005415916442871e+01, 3.1920211791992188e+02,
       3.3012393862009048e-02, 9503489, -1 ]
   - [ 4.4745895385742188e+02, 8.0877984619140625e+02,
       5.6838297843933105e+00, 6.9633789062500000e+01,
       1.7480857670307159e-02, 16515584, -1 ]
   - [ 4.4820886230468750e+02, 8.4781744384765625e+02,
       5.2407202720642090e+00, 2.2292715454101562e+02,
       1.7157156020402908e-02, 10617344, -1 ]
   - [ 4.4873138427734375e+02, 8.0033874511718750e+02,
       5.6035161018371582e+00, 3.1631713867187500e+01,
       2.2487634792923927e-02, 15467008, -1 ]
