%YAML:1.0
---
grayKeypoints:
   - [ 1.2001382827758789e+01, 8.2612231445312500e+02,
       3.9773049354553223e+00, 5.7680358886718750e+01,
       2.3146513849496841e-02, 7340288, -1 ]
   - [ 1.7213533401489258e+01, 2.9205743408203125e+02,
       2.0134661197662354e+00, 2.9744970703125000e+02,
       1.9986957311630249e-02, 8258047, -1 ]
   - [ 3.0129646301269531e+01, 8.2103063964843750e+02,
       1.8352918624877930e+00, 8.1059112548828125e+01,
       1.4294039458036423e-02, 1573375, -1 ]
   - [ 3.7363552093505859e+01, 8.1730590820312500e+02,
       2.9504210948944092e+00, 9.0486145019531250e+01,
       2.5714632123708725e-02, 2491391, -1 ]
   - [ 4.9690685272216797e+01, 8.2140759277343750e+02,
       2.6178474426269531e+00, 1.0009228515625000e+02,
       1.8113581463694572e-02, 10552063, -1 ]
   - [ 5.8904041290283203e+01, 1.2418473815917969e+02,
       2.1255862712860107e+00, 2.9626315307617188e+02,
       1.6116226091980934e-02, 12190207, -1 ]
   - [ 8.1418731689453125e+01, 8.3643621826171875e+02,
       2.6590628623962402e+00, 1.4068353271484375e+02,
       1.8510019406676292e-02, 11666175, -1 ]
   - [ 3.5236618041992188e+02, 4.5174505615234375e+02,
       8.1119823455810547e+00, 3.1476290893554688e+02,
       1.4491180889308453e-02, 8782081, -1 ]
   - [ 3.6157269287109375e+02, 4.4379052734375000e+02,
       1.0249478340148926e+01, 3.0352362060546875e+02,
       3.2459575682878494e-02, 8978945, -1 ]
   - [ 3.7380291748046875e+02, 4.4276190185546875e+02,
       6.5266776084899902e+00, 7.9282775878906250e+01,
       3.7880696356296539e-02, 9765632, -1 ]
   - [ 3.7780847167968750e+02, 4.6202810668945312e+02,
       2.6141421794891357e+00, 2.9055160522460938e+02,
       1.5537370927631855e-02, 10420991, -1 ]
   - [ 3.7861123657226562e+02, 4.3097897338867188e+02,
       3.0095603466033936e+00, 8.7751434326171875e+01,
       1.7339793965220451e-02, 3933183, -1 ]
   - [ 3.8015643310546875e+02, 4.3759658813476562e+02,
       1.8195766210556030e+00, 3.0320275878906250e+02,
       1.4631921425461769e-02, 918015, -1 ]
   - [ 3.8037310791015625e+02, 2.6778079223632812e+02,
       1.9776544570922852e+00, 1.7866325378417969e+02,
       2.7194501832127571e-02, 6947327, -1 ]
   - [ 3.8050717163085938e+02, 4.3350030517578125e+02,
       7.4254913330078125e+00, 8.9303039550781250e+01,
       2.2849475964903831e-02, 2425089, -1 ]
   - [ 3.8318258666992188e+02, 4.5587319946289062e+02,
       2.1258044242858887e+00, 2.7702255249023438e+02,
       1.7297439277172089e-02, 12190207, -1 ]
   - [ 3.8477603149414062e+02, 4.7288732910156250e+02,
       1.7230392456054688e+01, 2.9999645996093750e+02,
       2.6902167126536369e-02, 13172994, -1 ]
   - [ 3.8785348510742188e+02, 4.2535278320312500e+02,
       6.5917673110961914e+00, 9.5914947509765625e+01,
       1.8446657806634903e-02, 10486528, -1 ]
   - [ 3.9097857666015625e+02, 4.6759347534179688e+02,
       2.1630370616912842e+00, 3.3233346557617188e+02,
       1.7060834914445877e-02, 13435391, -1 ]
   - [ 3.9418005371093750e+02, 4.6802905273437500e+02,
       2.0545806884765625e+00, 3.3258239746093750e+02,
       1.7035417258739471e-02, 9699839, -1 ]
   - [ 3.9548269653320312e+02, 4.4888565063476562e+02,
       2.6707105636596680e+01, 2.9954257202148438e+02,
       3.0590731650590897e-02, 11404034, -1 ]
   - [ 3.9565039062500000e+02, 4.7708300781250000e+02,
       2.5743045806884766e+00, 1.7279815673828125e+01,
       1.6784863546490669e-02, 9306879, -1 ]
   - [ 3.9565039062500000e+02, 4.7708300781250000e+02,
       2.5743045806884766e+00, 3.3123849487304688e+02,
       1.6784863546490669e-02, 9306879, -1 ]
   - [ 4.0264508056640625e+02, 4.1802539062500000e+02,
       2.6136610507965088e+00, 1.9148271179199219e+02,
       1.3925950042903423e-02, 10420991, -1 ]
   - [ 4.0264508056640625e+02, 4.1802539062500000e+02,
       2.6136610507965088e+00, 3.4905044555664062e+02,
       1.3925950042903423e-02, 10420991, -1 ]
   - [ 4.0316961669921875e+02, 4.8576632690429688e+02,
       6.4031624794006348e+00, 3.0136294555664062e+02,
       2.5681087747216225e-02, 8389376, -1 ]
   - [ 4.0480871582031250e+02, 4.2881152343750000e+02,
       8.3345098495483398e+00, 1.0919859313964844e+02,
       1.4396154321730137e-02, 10748161, -1 ]
   - [ 4.0773327636718750e+02, 4.4431875610351562e+02,
       2.2677330970764160e+00, 8.2490905761718750e+01,
       1.7417667433619499e-02, 131839, -1 ]
   - [ 4.0773327636718750e+02, 4.4431875610351562e+02,
       2.2677330970764160e+00, 1.9101321411132812e+02,
       1.7417667433619499e-02, 131839, -1 ]
   - [ 4.0872842407226562e+02, 4.0061251831054688e+02,
       2.8409645557403564e+00, 2.6338531494140625e+01,
       1.3497042469680309e-02, 16450303, -1 ]
   - [ 4.1053024291992188e+02, 4.8760775756835938e+02,
       2.3440892696380615e+00, 2.7863098144531250e+02,
       2.2250084206461906e-02, 2556671, -1 ]
   - [ 4.1081481933593750e+02, 4.7825936889648438e+02,
       4.0446739196777344e+00, 2.7902987670898438e+02,
       2.0437115803360939e-02, 8585472, -1 ]
   - [ 4.1612631225585938e+02, 4.8849813842773438e+02,
       3.0393207073211670e+00, 2.6902108764648438e+02,
       1.6504408791661263e-02, 4654079, -1 ]
   - [ 4.1791088867187500e+02, 4.3500811767578125e+02,
       4.4339613914489746e+00, 1.3126921081542969e+02,
       1.9619118422269821e-02, 15204608, -1 ]
   - [ 4.1791088867187500e+02, 4.3500811767578125e+02,
       4.4339613914489746e+00, 2.9163244628906250e+02,
       1.9619118422269821e-02, 15204608, -1 ]
   - [ 4.1849185180664062e+02, 4.6422018432617188e+02,
       3.0810302734375000e+01, 2.8630960083007812e+02,
       3.1189789995551109e-02, 5046531, -1 ]
   - [ 4.1899752807617188e+02, 4.0081381225585938e+02,
       1.0465041160583496e+01, 9.2230804443359375e+01,
       2.0743638277053833e-02, 10486273, -1 ]
   - [ 4.2599099731445312e+02, 4.4909179687500000e+02,
       5.3117175102233887e+00, 1.0321685791015625e+02,
       2.3311428725719452e-02, 11600384, -1 ]
   - [ 4.2634365844726562e+02, 4.5118508911132812e+02,
       2.0737454891204834e+00, 9.9603210449218750e+01,
       2.5301586836576462e-02, 10420735, -1 ]
   - [ 4.2691024780273438e+02, 3.9971063232421875e+02,
       1.8265720605850220e+00, 9.9413360595703125e+01,
       1.6807394102215767e-02, 1245695, -1 ]
   - [ 4.2737838745117188e+02, 5.3071142578125000e+02,
       3.1675958633422852e+00, 6.6420532226562500e+01,
       3.7447731941938400e-02, 7603199, -1 ]
   - [ 4.2737838745117188e+02, 5.3071142578125000e+02,
       3.1675958633422852e+00, 3.3484777832031250e+02,
       3.7447731941938400e-02, 7603199, -1 ]
   - [ 4.2768347167968750e+02, 4.7473281860351562e+02,
       4.0367946624755859e+00, 2.7014328002929688e+02,
       1.3959365896880627e-02, 8454400, -1 ]
   - [ 4.2790969848632812e+02, 4.0325650024414062e+02,
       3.3281133174896240e+00, 2.6966046142578125e+02,
       2.0836563780903816e-02, 11207679, -1 ]
   - [ 4.2932949829101562e+02, 4.7944860839843750e+02,
       3.4123020172119141e+00, 2.6873547363281250e+02,
       1.5619958750903606e-02, 12977151, -1 ]
   - [ 4.2974066162109375e+02, 5.4075579833984375e+02,
       3.0665032863616943e+00, 3.1901141357421875e+02,
       2.4459641426801682e-02, 5243903, -1 ]
   - [ 4.3157171630859375e+02, 4.3482940673828125e+02,
       1.9658441543579102e+00, 2.7611502075195312e+02,
       1.7191588878631592e-02, 6554111, -1 ]
   - [ 4.3374624633789062e+02, 4.8947314453125000e+02,
       4.9723505973815918e+00, 2.6765225219726562e+02,
       1.9228164106607437e-02, 6816256, -1 ]
   - [ 4.3386563110351562e+02, 5.4438385009765625e+02,
       2.1635231971740723e+00, 3.1275808715820312e+02,
       2.7042392641305923e-02, 13500927, -1 ]
   - [ 4.3475241088867188e+02, 4.5070886230468750e+02,
       4.9083189964294434e+00, 9.2449310302734375e+01,
       1.9700944423675537e-02, 5898752, -1 ]
   - [ 4.3495223999023438e+02, 4.3719915771484375e+02,
       2.6340725421905518e+00, 9.0857421875000000e+01,
       2.5815399363636971e-02, 11010815, -1 ]
