%YAML:1.0
---
grayKeypoints:
   - [ 6.0380105972290039e+00, 7.3153924560546875e+02,
       2.7804918289184570e+00, 2.6023840332031250e+02,
       2.1988155320286751e-02, 14877439, -1 ]
   - [ 6.8951573371887207e+00, 7.3523321533203125e+02,
       2.5608518123626709e+00, 2.6162084960937500e+02,
       1.4748909510672092e-02, 8979199, -1 ]
   - [ 1.4589555358886719e+02, 2.6011373901367188e+02,
       2.5724303722381592e+00, 1.1721832275390625e+02,
       2.6081819087266922e-02, 9306879, -1 ]
   - [ 1.4800204467773438e+02, 4.3218096923828125e+02,
       1.0376107215881348e+01, 3.0523236083984375e+02,
       1.3990705832839012e-02, 9896449, -1 ]
   - [ 1.5683323669433594e+02, 4.1772003173828125e+02,
       1.4815803527832031e+01, 3.0149978637695312e+02,
       3.2871048897504807e-02, 2228482, -1 ]
   - [ 1.6933796691894531e+02, 4.1186141967773438e+02,
       2.3802475929260254e+00, 2.4038951110839844e+02,
       1.6431830823421478e-02, 3670783, -1 ]
   - [ 1.7355552673339844e+02, 4.3198388671875000e+02,
       3.9945933818817139e+00, 2.7743988037109375e+02,
       1.5203332528471947e-02, 7667968, -1 ]
   - [ 1.7544903564453125e+02, 4.1516033935546875e+02,
       9.4634237289428711e+00, 7.6195220947265625e+01,
       3.8009531795978546e-02, 3211777, -1 ]
   - [ 1.7961030578613281e+02, 4.0869677734375000e+02,
       2.1665120124816895e+00, 2.9486190795898438e+02,
       1.5388546511530876e-02, 13566463, -1 ]
   - [ 1.8383924865722656e+02, 4.0782208251953125e+02,
       2.2600715160369873e+00, 3.0004046630859375e+02,
       1.5132245607674122e-02, 16646655, -1 ]
   - [ 1.8545939636230469e+02, 4.0239837646484375e+02,
       1.0190835952758789e+01, 9.1032806396484375e+01,
       2.3267040029168129e-02, 8585729, -1 ]
   - [ 1.8634823608398438e+02, 1.7498167419433594e+02,
       3.8181018829345703e+00, 3.2531481933593750e+02,
       1.9802402704954147e-02, 4391168, -1 ]
   - [ 1.9004473876953125e+02, 4.5320266723632812e+02,
       1.8532806396484375e+01, 3.0007058715820312e+02,
       2.7442207559943199e-02, 1704450, -1 ]
   - [ 1.9164422607421875e+02, 3.8993096923828125e+02,
       1.0695886611938477e+01, 9.2501831054687500e+01,
       1.6028642654418945e-02, 12059137, -1 ]
   - [ 1.9558499145507812e+02, 3.9409857177734375e+02,
       4.2143530845642090e+00, 9.5384765625000000e+01,
       1.3394731096923351e-02, 11534592, -1 ]
   - [ 1.9604150390625000e+02, 3.9490911865234375e+02,
       2.6306071281433105e+00, 9.7937377929687500e+01,
       1.3768563978374004e-02, 10879743, -1 ]
   - [ 2.0131016540527344e+02, 2.2746752929687500e+02,
       2.9910116195678711e+00, 4.3204223632812500e+01,
       1.3413645327091217e-02, 3474431, -1 ]
   - [ 2.0131016540527344e+02, 2.2746752929687500e+02,
       2.9910116195678711e+00, 2.7181585693359375e+02,
       1.3413645327091217e-02, 3474431, -1 ]
   - [ 2.0244613647460938e+02, 4.5079214477539062e+02,
       2.6923899650573730e+00, 3.2505731201171875e+02,
       1.4395172707736492e-02, 12583679, -1 ]
   - [ 2.1451799011230469e+02, 4.7575973510742188e+02,
       7.6479029655456543e+00, 3.0715518188476562e+02,
       2.4625552818179131e-02, 4522241, -1 ]
   - [ 2.1768489074707031e+02, 3.9659948730468750e+02,
       1.1946399688720703e+01, 1.0992790222167969e+02,
       1.6436658799648285e-02, 3343105, -1 ]
   - [ 2.2307101440429688e+02, 4.1708132934570312e+02,
       3.5126106739044189e+00, 8.7716583251953125e+01,
       1.4622962102293968e-02, 15074303, -1 ]
   - [ 2.2356269836425781e+02, 4.5971112060546875e+02,
       4.2282915115356445e+00, 2.7947229003906250e+02,
       1.4457133598625660e-02, 11796736, -1 ]
   - [ 2.2364062500000000e+02, 4.6520861816406250e+02,
       5.0472450256347656e+00, 2.7822442626953125e+02,
       2.0344197750091553e-02, 7864832, -1 ]
   - [ 2.3355339050292969e+02, 3.5657043457031250e+02,
       6.2033286094665527e+00, 1.0096548461914062e+02,
       1.7697630450129509e-02, 6095616, -1 ]
   - [ 2.3355339050292969e+02, 3.5657043457031250e+02,
       6.2033286094665527e+00, 2.9964224243164062e+02,
       1.7697630450129509e-02, 6095616, -1 ]
   - [ 2.3613105773925781e+02, 4.4503915405273438e+02,
       4.0881633758544922e+01, 2.7228948974609375e+02,
       3.1891182065010071e-02, 8782339, -1 ]
   - [ 2.3715661621093750e+02, 4.6211077880859375e+02,
       2.2900102138519287e+00, 2.7096691894531250e+02,
       1.4091514982283115e-02, 852735, -1 ]
   - [ 2.3758169555664062e+02, 4.7589959716796875e+02,
       1.9540299177169800e+00, 9.5755554199218750e+01,
       1.7086850479245186e-02, 6095359, -1 ]
   - [ 2.3778260803222656e+02, 4.0483288574218750e+02,
       5.5023808479309082e+00, 1.2796136474609375e+02,
       2.1505171433091164e-02, 14156288, -1 ]
   - [ 2.3778260803222656e+02, 4.0483288574218750e+02,
       5.5023808479309082e+00, 2.8866259765625000e+02,
       2.1505171433091164e-02, 14156288, -1 ]
   - [ 2.4036517333984375e+02, 3.4845391845703125e+02,
       2.3897342681884766e+00, 9.4891632080078125e+01,
       1.3547593727707863e-02, 3932927, -1 ]
   - [ 2.4681150817871094e+02, 5.4546368408203125e+02,
       4.5857334136962891e+00, 3.2646835327148438e+02,
       2.3229544982314110e-02, 983552, -1 ]
   - [ 2.4742964172363281e+02, 9.4909915924072266e+00,
       1.8262342214584351e+00, 1.0258392333984375e+02,
       1.4989041723310947e-02, 1180159, -1 ]
   - [ 2.4742964172363281e+02, 9.4909915924072266e+00,
       1.8262342214584351e+00, 2.6191906738281250e+02,
       1.4989041723310947e-02, 1180159, -1 ]
   - [ 2.4860392761230469e+02, 3.6666531372070312e+02,
       5.5746717453002930e+00, 2.6812918090820312e+02,
       1.4629996381700039e-02, 15073792, -1 ]
   - [ 2.4865328979492188e+02, 4.2353704833984375e+02,
       7.5599884986877441e+00, 1.0327038574218750e+02,
       2.4413207545876503e-02, 3670273, -1 ]
   - [ 2.4917424011230469e+02, 5.3915032958984375e+02,
       4.4982733726501465e+00, 3.3162100219726562e+02,
       3.7967592477798462e-02, 16253184, -1 ]
   - [ 2.4919364929199219e+02, 3.5966827392578125e+02,
       4.8917884826660156e+00, 2.6867962646484375e+02,
       2.2255701944231987e-02, 5636608, -1 ]
   - [ 2.4937629699707031e+02, 4.2638348388671875e+02,
       3.4316139221191406e+00, 1.0075042724609375e+02,
       2.1033363416790962e-02, 13435903, -1 ]
   - [ 2.4979899597167969e+02, 4.5998925781250000e+02,
       5.8833522796630859e+00, 2.6725027465820312e+02,
       1.5414517372846603e-02, 2294528, -1 ]
   - [ 2.5195281982421875e+02, 5.5320349121093750e+02,
       5.6058964729309082e+00, 3.1859127807617188e+02,
       2.7534145861864090e-02, 15467008, -1 ]
   - [ 2.5467076110839844e+02, 4.0741091918945312e+02,
       3.4896123409271240e+00, 8.8789245605468750e+01,
       3.0032204464077950e-02, 14615551, -1 ]
   - [ 2.5602163696289062e+02, 4.0366156005859375e+02,
       2.8555953502655029e+00, 2.7251040649414062e+02,
       1.7236430197954178e-02, 132095, -1 ]
   - [ 2.5846536254882812e+02, 3.7009146118164062e+02,
       8.0158967971801758e+00, 2.6378625488281250e+02,
       1.4013261534273624e-02, 7930113, -1 ]
   - [ 2.5983020019531250e+02, 4.8058157348632812e+02,
       7.0648155212402344e+00, 2.6888092041015625e+02,
       2.5108056142926216e-02, 15532800, -1 ]
   - [ 2.6023699951171875e+02, 3.5706613159179688e+02,
       2.5972073078155518e+00, 1.0395108032226562e+02,
       2.6705127209424973e-02, 9962239, -1 ]
   - [ 2.6151657104492188e+02, 4.2564236450195312e+02,
       7.1558227539062500e+00, 9.1694396972656250e+01,
       2.3087872192263603e-02, 16450304, -1 ]
   - [ 2.6320758056640625e+02, 4.1446466064453125e+02,
       6.6623244285583496e+00, 9.4135559082031250e+01,
       3.1301576644182205e-02, 11272960, -1 ]
   - [ 2.6320758056640625e+02, 4.1446466064453125e+02,
       6.6623244285583496e+00, 1.3271485900878906e+02,
       3.1301576644182205e-02, 11272960, -1 ]
   - [ 2.6428070068359375e+02, 5.6316497802734375e+02,
       3.7775685787200928e+00, 3.0983776855468750e+02,
       2.7497269213199615e-02, 3670272, -1 ]
