%YAML:1.0
---
grayKeypoints:
   - [ 1.1375085449218750e+02, 9.5876171875000000e+02,
       6.2171149253845215e+00, 2.5513302612304688e+02,
       2.2861864417791367e-02, 6292224, -1 ]
   - [ 1.2619616699218750e+02, 7.5905914306640625e+02,
       4.8281826972961426e+00, 1.5747204589843750e+02,
       1.3925902545452118e-02, 4653568, -1 ]
   - [ 1.9607756042480469e+02, 8.0041259765625000e+02,
       9.0069608688354492e+00, 3.2033154296875000e+02,
       3.1428568065166473e-02, 16384257, -1 ]
   - [ 2.1048228454589844e+02, 8.1353442382812500e+02,
       5.6194558143615723e+00, 3.0950677490234375e+02,
       1.8379703164100647e-02, 15663616, -1 ]
   - [ 2.1397563171386719e+02, 1.3004886474609375e+03,
       6.6915602684020996e+00, 3.4945712280273438e+02,
       2.6346318423748016e-02, 11600640, -1 ]
   - [ 2.2692298889160156e+02, 8.4059509277343750e+02,
       1.2898236274719238e+01, 3.0064111328125000e+02,
       2.0965304225683212e-02, 8913665, -1 ]
   - [ 2.3082684326171875e+02, 7.9559436035156250e+02,
       5.2752368927001953e+01, 5.9659576416015625e+01,
       3.3725675195455551e-02, 10486531, -1 ]
   - [ 2.3082684326171875e+02, 7.9559436035156250e+02,
       5.2752368927001953e+01, 3.0812542724609375e+02,
       3.3725675195455551e-02, 10486531, -1 ]
   - [ 2.4337870788574219e+02, 1.3012095947265625e+03,
       4.2621837615966797e+01, 3.1128631591796875e+02,
       2.4544624611735344e-02, 11796995, -1 ]
   - [ 2.4340893554687500e+02, 7.6854705810546875e+02,
       2.3913005828857422e+01, 6.5803497314453125e+01,
       2.2736450657248497e-02, 3408642, -1 ]
   - [ 2.5925061035156250e+02, 8.5645672607421875e+02,
       8.0916996002197266e+00, 3.0144024658203125e+02,
       2.4432614445686340e-02, 8585473, -1 ]
   - [ 2.7427444458007812e+02, 8.6681353759765625e+02,
       1.0345326423645020e+01, 2.9940780639648438e+02,
       1.8975039944052696e-02, 9699841, -1 ]
   - [ 2.7435162353515625e+02, 1.2056304931640625e+03,
       3.1498701095581055e+01, 6.2006469726562500e+01,
       1.9188595935702324e-02, 6619395, -1 ]
   - [ 2.7435162353515625e+02, 1.2056304931640625e+03,
       3.1498701095581055e+01, 2.5115408325195312e+02,
       1.9188595935702324e-02, 6619395, -1 ]
   - [ 2.8127886962890625e+02, 7.5490191650390625e+02,
       2.0785814285278320e+01, 7.2335601806640625e+01,
       2.3359283804893494e-02, 10027522, -1 ]
   - [ 2.8549926757812500e+02, 1.2879484863281250e+03,
       6.2518844604492188e+00, 1.5748223876953125e+02,
       1.3711911626160145e-02, 6685440, -1 ]
   - [ 2.8928512573242188e+02, 8.5958666992187500e+02,
       1.1452520370483398e+01, 2.9620593261718750e+02,
       2.5143040344119072e-02, 328449, -1 ]
   - [ 2.9610336303710938e+02, 8.7783728027343750e+02,
       1.2722564697265625e+01, 2.9689025878906250e+02,
       2.0774120464920998e-02, 7930625, -1 ]
   - [ 2.9655682373046875e+02, 8.7999731445312500e+02,
       1.4981421470642090e+01, 2.9754376220703125e+02,
       2.0412331447005272e-02, 3014914, -1 ]
   - [ 3.1213259887695312e+02, 8.7032525634765625e+02,
       1.0240730285644531e+01, 2.9488458251953125e+02,
       3.4746214747428894e-02, 8913409, -1 ]
   - [ 3.1284692382812500e+02, 8.8239117431640625e+02,
       8.0211896896362305e+00, 2.9211376953125000e+02,
       2.3119337856769562e-02, 7995649, -1 ]
   - [ 3.1432135009765625e+02, 7.4253558349609375e+02,
       1.2094361305236816e+01, 7.9902099609375000e+01,
       2.1070621907711029e-02, 4260609, -1 ]
   - [ 3.3327630615234375e+02, 1.2767926025390625e+03,
       5.6242206573486328e+01, 7.8542236328125000e+01,
       3.4446816891431808e-02, 15139587, -1 ]
   - [ 3.3421844482421875e+02, 1.1958651123046875e+03,
       4.9395809173583984e+01, 7.1451446533203125e+01,
       1.5562308952212334e-02, 5767939, -1 ]
   - [ 3.5082431030273438e+02, 8.8409594726562500e+02,
       1.1083727836608887e+01, 2.8811895751953125e+02,
       3.4678973257541656e-02, 14680577, -1 ]
   - [ 3.5356796264648438e+02, 1.3581204833984375e+03,
       5.5104053497314453e+01, 8.0810760498046875e+01,
       2.8873039409518242e-02, 13697795, -1 ]
   - [ 3.5356796264648438e+02, 1.3581204833984375e+03,
       5.5104053497314453e+01, 2.5622943115234375e+02,
       2.8873039409518242e-02, 13697795, -1 ]
   - [ 3.8678857421875000e+02, 9.0711248779296875e+02,
       9.7764768600463867e+00, 2.8370654296875000e+02,
       2.1045671775937080e-02, 5571073, -1 ]
   - [ 3.9573068237304688e+02, 8.9680902099609375e+02,
       1.1459864616394043e+01, 2.7973458862304688e+02,
       2.8987506404519081e-02, 328449, -1 ]
   - [ 4.2944549560546875e+02, 1.3134462890625000e+03,
       9.3989868164062500e+00, 1.8517167663574219e+02,
       1.4862241223454475e-02, 2753025, -1 ]
   - [ 4.3036087036132812e+02, 9.0342712402343750e+02,
       1.0274480819702148e+01, 2.7815606689453125e+02,
       2.7486365288496017e-02, 9175553, -1 ]
   - [ 4.4631072998046875e+02, 1.4154935302734375e+03,
       7.3544593811035156e+01, 2.6584393310546875e+02,
       2.0827254280447960e-02, 1114628, -1 ]
   - [ 4.5965936279296875e+02, 8.1974169921875000e+02,
       1.4894091796875000e+02, 2.7366613769531250e+02,
       6.3687644898891449e-02, 2032133, -1 ]
   - [ 4.8203640747070312e+02, 9.1983135986328125e+02,
       8.7057752609252930e+00, 2.7277557373046875e+02,
       1.7277510836720467e-02, 13893889, -1 ]
   - [ 5.6876153564453125e+02, 9.1841192626953125e+02,
       8.7697401046752930e+00, 2.6948937988281250e+02,
       1.6753936186432838e-02, 14418177, -1 ]
   - [ 5.7732275390625000e+02, 7.5535058593750000e+02,
       1.9442411422729492e+01, 9.6345336914062500e+01,
       1.6129700466990471e-02, 5177858, -1 ]
   - [ 5.7856329345703125e+02, 9.0622473144531250e+02,
       1.3214591026306152e+01, 2.6775912475585938e+02,
       2.6113398373126984e-02, 10683137, -1 ]
   - [ 5.9928601074218750e+02, 9.0398406982421875e+02,
       1.3670531272888184e+01, 2.6016473388671875e+02,
       2.8360685333609581e-02, 13107969, -1 ]
   - [ 6.1461718750000000e+02, 8.1128662109375000e+02,
       3.8154213428497314e+00, 1.5471240234375000e+02,
       1.6667908057570457e-02, 4391168, -1 ]
   - [ 6.1902874755859375e+02, 8.0978686523437500e+02,
       3.1225116252899170e+00, 1.5388021850585938e+02,
       1.5253227204084396e-02, 6554623, -1 ]
   - [ 6.2412005615234375e+02, 8.9959075927734375e+02,
       1.2679205894470215e+01, 2.5938452148437500e+02,
       2.4591995403170586e-02, 7668481, -1 ]
   - [ 6.4705737304687500e+02, 8.0804895019531250e+02,
       5.3780117034912109e+00, 1.5893786621093750e+02,
       2.4425955489277840e-02, 12452352, -1 ]
   - [ 6.5069677734375000e+02, 8.2189495849609375e+02,
       5.8163847923278809e+00, 1.5250738525390625e+02,
       1.9891142845153809e-02, 1442560, -1 ]
   - [ 6.5430541992187500e+02, 8.0587963867187500e+02,
       5.3366036415100098e+00, 1.5940145874023438e+02,
       1.9298698753118515e-02, 11928064, -1 ]
   - [ 6.5864434814453125e+02, 8.9171539306640625e+02,
       1.3936347961425781e+01, 2.5652996826171875e+02,
       2.7571046724915504e-02, 14484225, -1 ]
   - [ 6.6418212890625000e+02, 8.2183410644531250e+02,
       8.4068241119384766e+00, 1.5835571289062500e+02,
       1.6211263835430145e-02, 11403521, -1 ]
   - [ 6.6803729248046875e+02, 8.1635980224609375e+02,
       5.1188769340515137e+00, 3.5489779663085938e+02,
       1.4936818741261959e-02, 8913408, -1 ]
   - [ 6.7196759033203125e+02, 8.0776013183593750e+02,
       1.8456195592880249e+00, 1.5420936584472656e+02,
       1.4818663708865643e-02, 1966591, -1 ]
   - [ 6.7306854248046875e+02, 9.0177044677734375e+02,
       1.0871001243591309e+01, 2.5611773681640625e+02,
       1.7426526173949242e-02, 13238785, -1 ]
   - [ 6.7516778564453125e+02, 8.1616247558593750e+02,
       5.4737005233764648e+00, 3.5378955078125000e+02,
       2.0130030810832977e-02, 13763072, -1 ]
   - [ 6.7572723388671875e+02, 1.2460738525390625e+03,
       1.0845574188232422e+02, 9.7875488281250000e+01,
       3.5101931542158127e-02, 12518148, -1 ]
