%YAML:1.0
---
grayKeypoints:
   - [ 1.5405963134765625e+02, 2.5547152709960938e+02,
       1.9550037384033203e+00, 1.9746156311035156e+02,
       3.3691439777612686e-02, 6160895, -1 ]
   - [ 1.5405963134765625e+02, 2.5547152709960938e+02,
       1.9550037384033203e+00, 3.3992831420898438e+02,
       3.3691439777612686e-02, 6160895, -1 ]
   - [ 1.9071296691894531e+02, 6.4796331787109375e+02,
       2.5398120880126953e+00, 2.6180645751953125e+02,
       2.3356923833489418e-02, 8323839, -1 ]
   - [ 2.0329272460937500e+02, 6.4645501708984375e+02,
       2.0315859317779541e+00, 9.3503662109375000e+01,
       3.0536312609910965e-02, 8913407, -1 ]
   - [ 2.0329272460937500e+02, 6.4645501708984375e+02,
       2.0315859317779541e+00, 1.9380540466308594e+02,
       3.0536312609910965e-02, 8913407, -1 ]
   - [ 2.0329272460937500e+02, 6.4645501708984375e+02,
       2.0315859317779541e+00, 2.5798297119140625e+02,
       3.0536312609910965e-02, 8913407, -1 ]
   - [ 2.6363638305664062e+02, 1.7472183227539062e+02,
       2.2259614467620850e+00, 2.8789697265625000e+02,
       1.7558092251420021e-02, 15532543, -1 ]
   - [ 3.2152191162109375e+02, 3.6822460937500000e+02,
       8.9220905303955078e+00, 3.0149545288085938e+02,
       1.4478970319032669e-02, 15663361, -1 ]
   - [ 3.2600332641601562e+02, 3.5198638916015625e+02,
       1.3481071472167969e+01, 3.0127828979492188e+02,
       3.1869385391473770e-02, 12124929, -1 ]
   - [ 3.2785650634765625e+02, 3.6338131713867188e+02,
       1.8884588479995728e+00, 3.2285263061523438e+02,
       1.4784950762987137e-02, 3604991, -1 ]
   - [ 3.2918710327148438e+02, 3.3813052368164062e+02,
       2.1286983489990234e+00, 5.5254272460937500e+01,
       1.6987707465887070e-02, 12321279, -1 ]
   - [ 3.3490118408203125e+02, 3.4397647094726562e+02,
       2.4316086769104004e+00, 2.3207923889160156e+02,
       1.4280202798545361e-02, 5178111, -1 ]
   - [ 3.3509942626953125e+02, 3.4776632690429688e+02,
       2.1163036823272705e+00, 2.1787362670898438e+02,
       2.2954760119318962e-02, 11862527, -1 ]
   - [ 3.4032632446289062e+02, 3.6504135131835938e+02,
       3.4070813655853271e+00, 2.5743072509765625e+02,
       1.7917832359671593e-02, 12911615, -1 ]
   - [ 3.4032632446289062e+02, 3.6504135131835938e+02,
       3.4070813655853271e+00, 2.9830154418945312e+02,
       1.7917832359671593e-02, 12911615, -1 ]
   - [ 3.4334091186523438e+02, 3.5735211181640625e+02,
       4.2830300331115723e+00, 8.7853820800781250e+01,
       1.8211862072348595e-02, 12714240, -1 ]
   - [ 3.4455197143554688e+02, 3.4331149291992188e+02,
       2.7820565700531006e+00, 2.6453106689453125e+02,
       1.6315691173076630e-02, 14942975, -1 ]
   - [ 3.4702206420898438e+02, 3.2892098999023438e+02,
       5.5883464813232422e+00, 8.2390228271484375e+01,
       1.4490468427538872e-02, 15270400, -1 ]
   - [ 3.4718786621093750e+02, 3.4643392944335938e+02,
       2.0181791782379150e+00, 2.6720361328125000e+02,
       2.2578522562980652e-02, 8454655, -1 ]
   - [ 3.4869711303710938e+02, 3.5068038940429688e+02,
       4.1020174026489258e+00, 6.9773284912109375e+01,
       2.6497909799218178e-02, 9634048, -1 ]
   - [ 3.4957543945312500e+02, 3.7235195922851562e+02,
       1.9766334295272827e+00, 2.9579132080078125e+02,
       2.3577496409416199e-02, 6947327, -1 ]
   - [ 3.5071066284179688e+02, 3.3407858276367188e+02,
       3.2226235866546631e+00, 8.3902221679687500e+01,
       1.8300469964742661e-02, 8848383, -1 ]
   - [ 3.5244589233398438e+02, 3.7038916015625000e+02,
       1.9904187917709351e+00, 2.6889001464843750e+02,
       1.9842982292175293e-02, 7406079, -1 ]
   - [ 3.5252755737304688e+02, 3.4292553710937500e+02,
       2.1035511493682861e+00, 2.9940570068359375e+02,
       1.4558836817741394e-02, 11403775, -1 ]
   - [ 3.5294448852539062e+02, 3.6640841674804688e+02,
       2.1658251285552979e+00, 2.6561984252929688e+02,
       1.9343676045536995e-02, 13566463, -1 ]
   - [ 3.5319793701171875e+02, 3.3758569335937500e+02,
       9.5015172958374023e+00, 8.6600830078125000e+01,
       2.1713215857744217e-02, 3539457, -1 ]
   - [ 3.5366079711914062e+02, 3.8659225463867188e+02,
       2.0563898086547852e+01, 2.9762396240234375e+02,
       2.7714392170310020e-02, 9241090, -1 ]
   - [ 3.5952374267578125e+02, 3.2875958251953125e+02,
       5.3665232658386230e+00, 9.1390258789062500e+01,
       1.7773535102605820e-02, 12321280, -1 ]
   - [ 3.7596929931640625e+02, 1.7039451599121094e+02,
       2.5930840969085693e+00, 3.9327423095703125e+01,
       1.7099810764193535e-02, 9831167, -1 ]
   - [ 3.8047122192382812e+02, 4.0734878540039062e+02,
       9.4116582870483398e+00, 2.7915328979492188e+02,
       2.3406097665429115e-02, 2818561, -1 ]
   - [ 3.8265896606445312e+02, 3.9413024902343750e+02,
       2.1890671253204346e+00, 2.7164770507812500e+02,
       1.7638586461544037e-02, 14287359, -1 ]
   - [ 3.8345809936523438e+02, 3.3054907226562500e+02,
       1.1627712249755859e+01, 1.0934562683105469e+02,
       1.4941072091460228e-02, 1377025, -1 ]
   - [ 3.8382275390625000e+02, 3.9154660034179688e+02,
       1.9075405597686768e+00, 2.7139962768554688e+02,
       1.5405169688165188e-02, 4391423, -1 ]
   - [ 3.8417608642578125e+02, 4.1214678955078125e+02,
       2.1740930080413818e+00, 2.7746566772460938e+02,
       1.3528840616345406e-02, 13828607, -1 ]
   - [ 3.8432299804687500e+02, 2.8748303222656250e+02,
       3.4991567134857178e+00, 3.3597686767578125e+01,
       1.7441293224692345e-02, 14812159, -1 ]
   - [ 3.8488333129882812e+02, 3.9544488525390625e+02,
       5.1596179008483887e+00, 2.7824041748046875e+02,
       1.9526284188032150e-02, 9503232, -1 ]
   - [ 3.8817889404296875e+02, 4.0962533569335938e+02,
       3.2433342933654785e+00, 2.7680023193359375e+02,
       2.2751720622181892e-02, 9307135, -1 ]
   - [ 3.8892352294921875e+02, 4.2384365844726562e+02,
       1.4066290855407715e+01, 2.7153738403320312e+02,
       1.6793068498373032e-02, 15205121, -1 ]
   - [ 3.9019827270507812e+02, 3.9430050659179688e+02,
       1.8666836023330688e+00, 2.7441482543945312e+02,
       1.4007557183504105e-02, 2818559, -1 ]
   - [ 3.9087725830078125e+02, 4.1267211914062500e+02,
       1.9410488605499268e+00, 2.7031356811523438e+02,
       1.4323893934488297e-02, 5636607, -1 ]
   - [ 3.9241217041015625e+02, 3.9985818481445312e+02,
       1.9728307723999023e+00, 8.9439758300781250e+01,
       1.4133016578853130e-02, 6816255, -1 ]
   - [ 3.9263308715820312e+02, 2.8767700195312500e+02,
       3.1276929378509521e+00, 2.8458386230468750e+02,
       1.8737964332103729e-02, 6685695, -1 ]
   - [ 3.9284408569335938e+02, 3.7207727050781250e+02,
       4.2874244689941406e+01, 2.7978082275390625e+02,
       3.0504936352372169e-02, 12255747, -1 ]
   - [ 3.9654614257812500e+02, 3.4033090209960938e+02,
       2.2539081573486328e+00, 1.5333676147460938e+02,
       1.7422625795006752e-02, 16450047, -1 ]
   - [ 3.9665591430664062e+02, 2.8720458984375000e+02,
       1.3486371040344238e+01, 8.2382995605468750e+01,
       2.1128579974174500e-02, 12124929, -1 ]
   - [ 4.0002935791015625e+02, 2.8805599975585938e+02,
       3.5797092914581299e+00, 1.0461264038085938e+02,
       1.4902924187481403e-02, 16450559, -1 ]
   - [ 4.0002935791015625e+02, 2.8805599975585938e+02,
       3.5797092914581299e+00, 2.7320288085937500e+02,
       1.4902924187481403e-02, 16450559, -1 ]
   - [ 4.0032595825195312e+02, 3.3739746093750000e+02,
       5.1511898040771484e+00, 1.2967825317382812e+02,
       2.0663455128669739e-02, 9372160, -1 ]
   - [ 4.0032595825195312e+02, 3.3739746093750000e+02,
       5.1511898040771484e+00, 2.8870443725585938e+02,
       2.0663455128669739e-02, 9372160, -1 ]
   - [ 4.0385009765625000e+02, 4.6318243408203125e+02,
       2.0837650299072266e+00, 3.4563278198242188e+02,
       2.2974736988544464e-02, 10748415, -1 ]
   - [ 4.0449084472656250e+02, 3.9498428344726562e+02,
       2.0636000633239746e+00, 2.7593420410156250e+02,
       1.3673468492925167e-02, 10027519, -1 ]
