%YAML:1.0
---
grayKeypoints:
   - [ 7.5320568084716797e+00, 1.5551759338378906e+02,
       1.8551613092422485e+00, 2.3468109130859375e+02,
       1.3987283222377300e-02, 2359807, -1 ]
   - [ 7.5320568084716797e+00, 1.5551759338378906e+02,
       1.8551613092422485e+00, 3.2197949218750000e+02,
       1.3987283222377300e-02, 2359807, -1 ]
   - [ 2.4083103179931641e+01, 1.6703570556640625e+03,
       2.0916020870208740e+00, 1.0139508056640625e+02,
       1.4938951469957829e-02, 11010559, -1 ]
   - [ 2.4083103179931641e+01, 1.6703570556640625e+03,
       2.0916020870208740e+00, 2.8778918457031250e+02,
       1.4938951469957829e-02, 11010559, -1 ]
   - [ 6.1487091064453125e+01, 4.1194286346435547e+01,
       4.9012670516967773e+00, 1.2461178588867188e+02,
       1.6545314341783524e-02, 5767680, -1 ]
   - [ 6.8053871154785156e+01, 1.6984440917968750e+03,
       2.8600904941558838e+00, 7.2853973388671875e+01,
       1.6417786478996277e-02, 263167, -1 ]
   - [ 6.8053871154785156e+01, 1.6984440917968750e+03,
       2.8600904941558838e+00, 2.5406817626953125e+02,
       1.6417786478996277e-02, 263167, -1 ]
   - [ 1.8670329284667969e+02, 1.6896577148437500e+03,
       2.4487247467041016e+00, 2.6452807617187500e+02,
       1.5364223159849644e-02, 5702399, -1 ]
   - [ 3.3434088134765625e+02, 1.6220981445312500e+03,
       2.1448369026184082e+00, 1.0438488769531250e+02,
       1.4621311798691750e-02, 12845567, -1 ]
   - [ 3.3434088134765625e+02, 1.6220981445312500e+03,
       2.1448369026184082e+00, 1.6737272644042969e+02,
       1.4621311798691750e-02, 12845567, -1 ]
   - [ 3.3442630004882812e+02, 1.2445616455078125e+03,
       5.9603114128112793e+00, 2.7816839599609375e+02,
       1.7501741647720337e-02, 3212032, -1 ]
   - [ 3.7089071655273438e+02, 1.0944412841796875e+03,
       4.1338849067687988e+00, 9.6398986816406250e+01,
       1.7310444265604019e-02, 10158336, -1 ]
   - [ 4.0419396972656250e+02, 1.0207914428710938e+03,
       3.2284951210021973e+00, 7.9388641357421875e+01,
       1.3844494707882404e-02, 8979455, -1 ]
   - [ 4.5600851440429688e+02, 6.4964807128906250e+02,
       9.9663286209106445e+00, 4.2828765869140625e+01,
       3.0307272449135780e-02, 6947329, -1 ]
   - [ 4.5680691528320312e+02, 1.1646610107421875e+03,
       4.8212504386901855e+00, 7.6555450439453125e+01,
       1.8410762771964073e-02, 4588032, -1 ]
   - [ 4.5680691528320312e+02, 1.1646610107421875e+03,
       4.8212504386901855e+00, 2.5164038085937500e+02,
       1.8410762771964073e-02, 4588032, -1 ]
   - [ 4.6696701049804688e+02, 6.2392285156250000e+02,
       6.0014991760253906e+00, 4.8567016601562500e+01,
       1.3921037316322327e-02, 3736320, -1 ]
   - [ 4.6751095581054688e+02, 6.3580908203125000e+02,
       8.2675237655639648e+00, 4.5556671142578125e+01,
       2.0524986088275909e-02, 10158337, -1 ]
   - [ 4.7013287353515625e+02, 6.4928149414062500e+02,
       8.1720275878906250e+00, 2.0702310180664062e+02,
       1.7767889425158501e-02, 9306369, -1 ]
   - [ 4.7833245849609375e+02, 6.4681719970703125e+02,
       3.9849441528320312e+01, 3.7234832763671875e+01,
       1.4540782198309898e-02, 6947331, -1 ]
   - [ 4.7833245849609375e+02, 6.4681719970703125e+02,
       3.9849441528320312e+01, 2.9227996826171875e+02,
       1.4540782198309898e-02, 6947331, -1 ]
   - [ 4.8075952148437500e+02, 6.2377130126953125e+02,
       8.9889478683471680e+00, 4.8378051757812500e+01,
       1.8705898895859718e-02, 16187649, -1 ]
   - [ 5.0207162475585938e+02, 6.0569390869140625e+02,
       6.8326859474182129e+00, 5.3367218017578125e+01,
       2.4749606847763062e-02, 13107968, -1 ]
   - [ 5.2470916748046875e+02, 5.7860394287109375e+02,
       1.0052036285400391e+01, 5.9667480468750000e+01,
       1.4606001786887646e-02, 7602689, -1 ]
   - [ 5.2957434082031250e+02, 6.7319763183593750e+02,
       1.0762585639953613e+01, 2.7996212768554688e+02,
       1.5589455142617226e-02, 12517889, -1 ]
   - [ 5.4643780517578125e+02, 6.8401562500000000e+02,
       6.2747230529785156e+00, 2.7945254516601562e+02,
       1.5067662112414837e-02, 6947584, -1 ]
   - [ 5.4726776123046875e+02, 6.8344250488281250e+02,
       4.9447121620178223e+00, 2.7958590698242188e+02,
       1.5227358788251877e-02, 6423040, -1 ]
   - [ 5.5060156250000000e+02, 5.6605938720703125e+02,
       7.9428277015686035e+00, 6.6153137207031250e+01,
       1.4004667289555073e-02, 7274753, -1 ]
   - [ 5.5561077880859375e+02, 6.8393115234375000e+02,
       4.1975111961364746e+00, 2.7135504150390625e+02,
       1.7150158062577248e-02, 11272448, -1 ]
   - [ 5.6510717773437500e+02, 9.3362799072265625e+02,
       1.7446228027343750e+01, 8.1500885009765625e+01,
       1.5149773098528385e-02, 14024962, -1 ]
   - [ 5.6510717773437500e+02, 9.3362799072265625e+02,
       1.7446228027343750e+01, 3.0499002075195312e+02,
       1.5149773098528385e-02, 14024962, -1 ]
   - [ 5.9972039794921875e+02, 6.8805938720703125e+02,
       7.0217332839965820e+00, 2.7032369995117188e+02,
       1.7576863989233971e-02, 15074048, -1 ]
   - [ 6.0895220947265625e+02, 5.4968707275390625e+02,
       4.1235480308532715e+00, 7.9871978759765625e+01,
       1.6157319769263268e-02, 9961728, -1 ]
   - [ 6.1708129882812500e+02, 5.4760748291015625e+02,
       5.2830438613891602e+00, 8.0365783691406250e+01,
       1.8781807273626328e-02, 11207168, -1 ]
   - [ 6.4405462646484375e+02, 9.3072515869140625e+02,
       5.0743594169616699e+00, 8.6438018798828125e+01,
       1.4280621893703938e-02, 8258048, -1 ]
   - [ 6.5706951904296875e+02, 5.4290838623046875e+02,
       4.1886720657348633e+00, 8.2627929687500000e+01,
       1.4192786067724228e-02, 11141376, -1 ]
   - [ 6.6328546142578125e+02, 5.4176074218750000e+02,
       5.3205046653747559e+00, 8.1650329589843750e+01,
       1.4994995668530464e-02, 11731456, -1 ]
   - [ 6.6427813720703125e+02, 8.9956658935546875e+02,
       1.4110020637512207e+01, 8.4126098632812500e+01,
       1.5476644039154053e-02, 15401729, -1 ]
   - [ 6.7645434570312500e+02, 6.8407031250000000e+02,
       2.1951789855957031e+00, 2.6800546264648438e+02,
       1.3743060640990734e-02, 14549503, -1 ]
   - [ 6.7654339599609375e+02, 5.4027404785156250e+02,
       6.4096169471740723e+00, 8.7672760009765625e+01,
       1.7100436612963676e-02, 8454912, -1 ]
   - [ 7.1599810791015625e+02, 6.1949414062500000e+02,
       1.2003073883056641e+02, 9.8351043701171875e+01,
       5.4876118898391724e-02, 3145989, -1 ]
   - [ 7.1599810791015625e+02, 6.1949414062500000e+02,
       1.2003073883056641e+02, 2.6374676513671875e+02,
       5.4876118898391724e-02, 3145989, -1 ]
   - [ 7.2732843017578125e+02, 8.3547723388671875e+02,
       6.1111631393432617e+00, 2.9509896850585938e+02,
       1.8581418320536613e-02, 5047040, -1 ]
   - [ 7.4488031005859375e+02, 5.4000128173828125e+02,
       7.8882193565368652e+00, 9.8247680664062500e+01,
       1.8469149246811867e-02, 6750465, -1 ]
   - [ 7.4578186035156250e+02, 7.2239575195312500e+02,
       3.5237789154052734e+00, 9.1060791015625000e+01,
       1.6400132328271866e-02, 15336447, -1 ]
   - [ 7.6808404541015625e+02, 5.4949963378906250e+02,
       2.7562105655670166e+00, 1.0002307128906250e+02,
       2.6774942874908447e-02, 14287615, -1 ]
   - [ 7.9241473388671875e+02, 5.5457452392578125e+02,
       1.9846378564834595e+00, 1.0712297058105469e+02,
       1.5106255188584328e-02, 7209471, -1 ]
   - [ 7.9588702392578125e+02, 1.2434993896484375e+03,
       4.9768671989440918e+00, 7.5042175292968750e+01,
       1.9473340362310410e-02, 6881792, -1 ]
   - [ 8.4026788330078125e+02, 6.6285528564453125e+02,
       5.6360321044921875e+00, 2.5964077758789062e+02,
       2.2438345476984978e-02, 15860224, -1 ]
   - [ 8.4911950683593750e+02, 5.7892254638671875e+02,
       1.5140414237976074e+01, 9.9822570800781250e+01,
       3.2122552394866943e-02, 3801346, -1 ]
   - [ 8.6153509521484375e+02, 9.5775115966796875e+02,
       3.6119403839111328e+01, 9.7356018066406250e+01,
       3.6534518003463745e-02, 16515331, -1 ]
