%YAML:1.0
---
grayKeypoints:
   - [ 5.1967662811279297e+01, 3.5882980346679688e+02,
       6.1403784751892090e+00, 1.5932513427734375e+02,
       1.4602993614971638e-02, 5374720, -1 ]
   - [ 5.6232753753662109e+01, 3.6870043945312500e+02,
       5.7525401115417480e+00, 1.5039962768554688e+02,
       1.3887728564441204e-02, 656128, -1 ]
   - [ 5.9879699707031250e+01, 3.5420669555664062e+02,
       9.9228315353393555e+00, 1.5902020263671875e+02,
       3.5042181611061096e-02, 6685185, -1 ]
   - [ 5.9879699707031250e+01, 3.5420669555664062e+02,
       9.9228315353393555e+00, 3.3660662841796875e+02,
       3.5042181611061096e-02, 6685185, -1 ]
   - [ 7.3895622253417969e+01, 3.6037261962890625e+02,
       7.7306022644042969e+00, 3.4108233642578125e+02,
       1.7950508743524551e-02, 5308673, -1 ]
   - [ 9.3928619384765625e+01, 7.8840924072265625e+02,
       2.6808993816375732e+00, 1.1861174011230469e+02,
       3.6884754896163940e-02, 12255999, -1 ]
   - [ 1.9041833496093750e+02, 5.5014495849609375e+02,
       2.5674240589141846e+00, 2.7730923461914062e+02,
       1.6639750450849533e-02, 9110271, -1 ]
   - [ 1.9102343750000000e+02, 8.4019836425781250e+02,
       8.0323123931884766e+00, 2.4277038574218750e+00,
       2.7622658759355545e-02, 8061185, -1 ]
   - [ 1.9102343750000000e+02, 8.4019836425781250e+02,
       8.0323123931884766e+00, 2.0746034240722656e+02,
       2.7622658759355545e-02, 8061185, -1 ]
   - [ 1.9529661560058594e+02, 8.1925878906250000e+02,
       4.7843756675720215e+00, 2.4159088134765625e+01,
       1.6386253759264946e-02, 3998208, -1 ]
   - [ 2.0042169189453125e+02, 8.1665423583984375e+02,
       3.4627482891082764e+00, 1.3984899902343750e+02,
       2.0545961335301399e-02, 14091263, -1 ]
   - [ 2.0042169189453125e+02, 8.1665423583984375e+02,
       3.4627482891082764e+00, 3.5922680664062500e+02,
       2.0545961335301399e-02, 14091263, -1 ]
   - [ 2.0780192565917969e+02, 8.4643640136718750e+02,
       1.3112779617309570e+01, 2.2004400634765625e+02,
       1.4554839581251144e-02, 10093313, -1 ]
   - [ 2.1145231628417969e+02, 8.0219165039062500e+02,
       1.2387802124023438e+01, 1.9670042419433594e+02,
       2.3581760004162788e-02, 5964545, -1 ]
   - [ 2.1960450744628906e+02, 3.0012301635742188e+02,
       4.8419280052185059e+00, 5.0860412597656250e+01,
       3.0917374417185783e-02, 4915712, -1 ]
   - [ 2.2437574768066406e+02, 8.0687420654296875e+02,
       7.4436540603637695e+00, 1.9842346191406250e+02,
       1.7331153154373169e-02, 2556161, -1 ]
   - [ 2.2511209106445312e+02, 8.2735729980468750e+02,
       4.3157820701599121e+00, 2.7424188232421875e+02,
       1.5904238447546959e-02, 13304064, -1 ]
   - [ 2.2534553527832031e+02, 2.9441226196289062e+02,
       4.1019215583801270e+00, 5.0481842041015625e+01,
       1.5783527866005898e-02, 9634048, -1 ]
   - [ 2.2569744873046875e+02, 7.5967962646484375e+02,
       4.7201256752014160e+00, 1.9953640747070312e+02,
       1.4751514419913292e-02, 3015168, -1 ]
   - [ 2.2621235656738281e+02, 3.0097579956054688e+02,
       3.8549911975860596e+00, 2.0316134643554688e+02,
       1.6080167144536972e-02, 5112064, -1 ]
   - [ 2.2747236633300781e+02, 8.4390307617187500e+02,
       4.9205412864685059e+00, 3.0359024047851562e+02,
       1.4380880631506443e-02, 6029824, -1 ]
   - [ 2.3007563781738281e+02, 8.5058160400390625e+02,
       4.3437418937683105e+00, 3.0656127929687500e+00,
       2.0157290622591972e-02, 13762816, -1 ]
   - [ 2.3007563781738281e+02, 8.5058160400390625e+02,
       4.3437418937683105e+00, 2.9923239135742188e+02,
       2.0157290622591972e-02, 13762816, -1 ]
   - [ 2.3087829589843750e+02, 8.3416497802734375e+02,
       6.6693673133850098e+00, 7.8036926269531250e+01,
       1.7580002546310425e-02, 11338496, -1 ]
   - [ 2.3087829589843750e+02, 8.3416497802734375e+02,
       6.6693673133850098e+00, 2.8838458251953125e+02,
       1.7580002546310425e-02, 11338496, -1 ]
   - [ 2.3811853027343750e+02, 3.0752795410156250e+02,
       8.4011964797973633e+00, 2.9141976928710938e+02,
       1.5941653400659561e-02, 11337985, -1 ]
   - [ 2.3945001220703125e+02, 7.3836828613281250e+02,
       7.8628687858581543e+00, 1.9542387390136719e+02,
       1.4830084517598152e-02, 6553857, -1 ]
   - [ 2.3989726257324219e+02, 8.4925695800781250e+02,
       1.1005019187927246e+01, 1.2469482421875000e+01,
       1.3452226296067238e-02, 14156289, -1 ]
   - [ 2.4249246215820312e+02, 5.2467187500000000e+02,
       2.2119362354278564e+00, 1.1092597961425781e+02,
       1.6685955226421356e-02, 15073791, -1 ]
   - [ 2.4273852539062500e+02, 8.3437097167968750e+02,
       4.7291140556335449e+00, 2.9113482666015625e+02,
       1.5085342340171337e-02, 3211776, -1 ]
   - [ 2.4330584716796875e+02, 2.8216693115234375e+02,
       4.1350913047790527e+00, 5.6353912353515625e+01,
       2.1242188289761543e-02, 10158336, -1 ]
   - [ 2.4332452392578125e+02, 7.9211004638671875e+02,
       8.3426532745361328e+00, 1.9582586669921875e+02,
       2.4463357403874397e-02, 10813697, -1 ]
   - [ 2.4355191040039062e+02, 8.0015338134765625e+02,
       3.5330626964569092e+00, 6.0388519287109375e+01,
       1.7756421118974686e-02, 15533055, -1 ]
   - [ 2.4563507080078125e+02, 3.1328488159179688e+02,
       2.2716164588928223e+00, 2.8706494140625000e+02,
       1.4773030765354633e-02, 262911, -1 ]
   - [ 2.4566905212402344e+02, 3.1293984985351562e+02,
       3.0001730918884277e+00, 2.8738632202148438e+02,
       1.4626611024141312e-02, 3671039, -1 ]
   - [ 2.5138661193847656e+02, 7.8788500976562500e+02,
       2.4557783603668213e+00, 2.0024475097656250e+01,
       1.4340998604893684e-02, 5899007, -1 ]
   - [ 2.5231372070312500e+02, 8.3027905273437500e+02,
       8.2059984207153320e+00, 1.9129251098632812e+02,
       1.9948644563555717e-02, 9634049, -1 ]
   - [ 2.5420159912109375e+02, 2.7155615234375000e+02,
       3.0340430736541748e+00, 6.6459991455078125e+01,
       1.5671337023377419e-02, 4523007, -1 ]
   - [ 2.5457684326171875e+02, 8.1790887451171875e+02,
       6.1294775009155273e+00, 9.7637908935546875e+01,
       1.5557730570435524e-02, 5243648, -1 ]
   - [ 2.5491156005859375e+02, 3.1935952758789062e+02,
       3.9583077430725098e+00, 2.7975674438476562e+02,
       1.5964860096573830e-02, 7012608, -1 ]
   - [ 2.5717172241210938e+02, 8.1093133544921875e+02,
       5.2389307022094727e+00, 9.4537994384765625e+01,
       1.3728504069149494e-02, 10617344, -1 ]
   - [ 2.6090011596679688e+02, 7.8460638427734375e+02,
       3.0035572052001953e+00, 9.6840454101562500e+01,
       2.3042658343911171e-02, 3802111, -1 ]
   - [ 2.6205480957031250e+02, 7.8075793457031250e+02,
       3.3569431304931641e+00, 9.9788452148437500e+01,
       2.3838948458433151e-02, 11797503, -1 ]
   - [ 2.6587936401367188e+02, 8.2509069824218750e+02,
       2.2521171569824219e+00, 2.5190043640136719e+02,
       2.4976521730422974e-02, 16384511, -1 ]
   - [ 2.6792733764648438e+02, 8.1678247070312500e+02,
       8.0944166183471680e+00, 2.1902130126953125e+02,
       3.3479411154985428e-02, 8651009, -1 ]
   - [ 2.7466622924804688e+02, 7.7157604980468750e+02,
       2.5121142864227295e+00, 3.1054058837890625e+02,
       1.4223871752619743e-02, 7537407, -1 ]
   - [ 2.7639727783203125e+02, 2.6812612915039062e+02,
       4.0330519676208496e+00, 6.9728454589843750e+01,
       2.6828078553080559e-02, 8388864, -1 ]
   - [ 2.7655065917968750e+02, 8.0412066650390625e+02,
       5.3085341453552246e+00, 1.5852674865722656e+02,
       2.4732498452067375e-02, 11534848, -1 ]
   - [ 2.7976535034179688e+02, 7.1522229003906250e+02,
       7.4304614067077637e+00, 6.8007904052734375e+01,
       1.5477889217436314e-02, 2425089, -1 ]
   - [ 2.7996530151367188e+02, 7.9128863525390625e+02,
       4.4275051116943359e+01, 2.9002810668945312e+02,
       3.3340178430080414e-02, 14549507, -1 ]
   - [ 2.8042532348632812e+02, 7.0360540771484375e+02,
       3.1172080039978027e+00, 1.1368588256835938e+02,
       1.6180133447051048e-02, 6489087, -1 ]
