%YAML:1.0
---
grayKeypoints:
   - [ 7.3796127319335938e+01, 3.6916931152343750e+02,
       3.8454246520996094e+00, 1.5955761718750000e+02,
       1.4806737191975117e-02, 4915456, -1 ]
   - [ 7.5317115783691406e+01, 3.7597009277343750e+02,
       6.1592249870300293e+00, 1.5670169067382812e+02,
       1.6208473592996597e-02, 5571328, -1 ]
   - [ 7.6296325683593750e+01, 3.6003283691406250e+02,
       2.3205597400665283e+00, 1.8178402709960938e+02,
       1.8806656822562218e-02, 1835775, -1 ]
   - [ 7.7065452575683594e+01, 3.7603747558593750e+02,
       2.2164821624755859e+00, 1.5871960449218750e+02,
       1.4425370842218399e-02, 15204863, -1 ]
   - [ 7.9258125305175781e+01, 3.5793252563476562e+02,
       2.8577716350555420e+00, 3.1465707397460938e+02,
       2.3859055712819099e-02, 197631, -1 ]
   - [ 7.9860092163085938e+01, 3.8524636840820312e+02,
       5.0164871215820312e+00, 1.5054928588867188e+02,
       1.6165802255272865e-02, 7471616, -1 ]
   - [ 8.1889739990234375e+01, 3.6866192626953125e+02,
       9.5595245361328125e+00, 1.5851654052734375e+02,
       3.6202855408191681e-02, 3932673, -1 ]
   - [ 8.1889739990234375e+01, 3.6866192626953125e+02,
       9.5595245361328125e+00, 3.3668023681640625e+02,
       3.6202855408191681e-02, 3932673, -1 ]
   - [ 8.9201889038085938e+01, 3.8563507080078125e+02,
       8.2969751358032227e+00, 1.4455667114257812e+02,
       3.4446179866790771e-02, 10420481, -1 ]
   - [ 8.9201889038085938e+01, 3.8563507080078125e+02,
       8.2969751358032227e+00, 3.4420877075195312e+02,
       3.4446179866790771e-02, 10420481, -1 ]
   - [ 8.9914443969726562e+01, 3.6441024780273438e+02,
       4.8814692497253418e+00, 3.3626846313476562e+02,
       1.6224304214119911e-02, 5505536, -1 ]
   - [ 9.5815498352050781e+01, 3.7543408203125000e+02,
       7.3899621963500977e+00, 3.4074832153320312e+02,
       1.9140971824526787e-02, 2031873, -1 ]
   - [ 1.0683621215820312e+02, 4.6025146484375000e+01,
       1.9895896911621094e+00, 9.1814880371093750e+00,
       1.3572555966675282e-02, 7406079, -1 ]
   - [ 1.0683621215820312e+02, 4.6025146484375000e+01,
       1.9895896911621094e+00, 1.0231860351562500e+02,
       1.3572555966675282e-02, 7406079, -1 ]
   - [ 1.1274949645996094e+02, 8.0155706787109375e+02,
       2.1161046028137207e+00, 1.5778816223144531e+02,
       4.2116262018680573e-02, 11862527, -1 ]
   - [ 1.1274949645996094e+02, 8.0155706787109375e+02,
       2.1161046028137207e+00, 3.0491119384765625e+02,
       4.2116262018680573e-02, 11862527, -1 ]
   - [ 2.1989949035644531e+02, 8.3364245605468750e+02,
       1.8651167154312134e+00, 1.3642962646484375e+02,
       3.7122122943401337e-02, 2753023, -1 ]
   - [ 2.1989949035644531e+02, 8.3364245605468750e+02,
       1.8651167154312134e+00, 3.4694650268554688e+02,
       3.7122122943401337e-02, 2753023, -1 ]
   - [ 2.2190364074707031e+02, 8.3198309326171875e+02,
       1.8011429309844971e+00, 1.9239501953125000e+00,
       1.7552049830555916e-02, 197119, -1 ]
   - [ 2.2190364074707031e+02, 8.3198309326171875e+02,
       1.8011429309844971e+00, 1.3157345581054688e+02,
       1.7552049830555916e-02, 197119, -1 ]
   - [ 2.3044372558593750e+02, 8.5244116210937500e+02,
       7.4169373512268066e+00, 2.4959600830078125e+02,
       1.3950176537036896e-02, 2294017, -1 ]
   - [ 2.3141737365722656e+02, 8.1969024658203125e+02,
       4.8770709037780762e+00, 2.6701354980468750e+01,
       1.6570249572396278e-02, 5440000, -1 ]
   - [ 2.3689517211914062e+02, 8.1703778076171875e+02,
       3.7131245136260986e+00, 1.2661437988281250e+00,
       2.1079288795590401e-02, 2425088, -1 ]
   - [ 2.3689517211914062e+02, 8.1703778076171875e+02,
       3.7131245136260986e+00, 1.3562393188476562e+02,
       2.1079288795590401e-02, 2425088, -1 ]
   - [ 2.4337046813964844e+02, 3.0636145019531250e+02,
       3.9726626873016357e+00, 5.0122100830078125e+01,
       1.4275952242314816e-02, 7274752, -1 ]
   - [ 2.4412469482421875e+02, 3.1217715454101562e+02,
       4.0719161033630371e+00, 4.9497650146484375e+01,
       3.6453630775213242e-02, 9044224, -1 ]
   - [ 2.4872734069824219e+02, 8.0154040527343750e+02,
       1.3117978096008301e+01, 1.9458639526367188e+02,
       2.3123942315578461e-02, 10158849, -1 ]
   - [ 2.4882243347167969e+02, 3.0747518920898438e+02,
       2.9890818595886230e+00, 5.0589782714843750e+01,
       2.1811969578266144e-02, 3408895, -1 ]
   - [ 2.4992199707031250e+02, 3.1303762817382812e+02,
       3.7367196083068848e+00, 2.0991078186035156e+02,
       1.8962735310196877e-02, 2883840, -1 ]
   - [ 2.5563450622558594e+02, 3.0205432128906250e+02,
       3.4528546333312988e+00, 5.3364257812500000e+01,
       1.9633192569017410e-02, 13829119, -1 ]
   - [ 2.5597462463378906e+02, 3.0197296142578125e+02,
       3.7990162372589111e+00, 5.1328521728515625e+01,
       1.9496930763125420e-02, 4063488, -1 ]
   - [ 2.5780886840820312e+02, 3.1225173950195312e+02,
       2.0720937728881836e+01, 4.3663024902343750e+01,
       1.5349978581070900e-02, 9765378, -1 ]
   - [ 2.5780886840820312e+02, 3.1225173950195312e+02,
       2.0720937728881836e+01, 2.9957177734375000e+02,
       1.5349978581070900e-02, 9765378, -1 ]
   - [ 2.5951098632812500e+02, 3.0010842895507812e+02,
       4.3924365043640137e+00, 5.7154479980468750e+01,
       1.9708290696144104e-02, 14549248, -1 ]
   - [ 2.6179696655273438e+02, 8.0596868896484375e+02,
       7.0980606079101562e+00, 1.9547860717773438e+02,
       1.8818166106939316e-02, 15860480, -1 ]
   - [ 2.6225848388671875e+02, 7.5972875976562500e+02,
       4.6745944023132324e+00, 1.9750622558593750e+02,
       1.4273317530751228e-02, 2359808, -1 ]
   - [ 2.6467996215820312e+02, 3.1989114379882812e+02,
       9.6861419677734375e+00, 2.9089480590820312e+02,
       1.6594678163528442e-02, 4915713, -1 ]
   - [ 2.6502984619140625e+02, 8.2570916748046875e+02,
       4.2081871032714844e+00, 2.7503527832031250e+02,
       1.5812149271368980e-02, 11469056, -1 ]
   - [ 2.6679049682617188e+02, 2.9450326538085938e+02,
       3.1137025356292725e+00, 5.8858581542968750e+01,
       2.6804702356457710e-02, 6358015, -1 ]
   - [ 2.6702624511718750e+02, 8.4138165283203125e+02,
       5.1501107215881348e+00, 7.9875518798828125e+01,
       1.3928510248661041e-02, 9372160, -1 ]
   - [ 2.6702624511718750e+02, 8.4138165283203125e+02,
       5.1501107215881348e+00, 3.0665948486328125e+02,
       1.3928510248661041e-02, 9372160, -1 ]
   - [ 2.6746481323242188e+02, 8.4879925537109375e+02,
       6.2529597282409668e+00, 1.3072845458984375e+01,
       1.8565094098448753e-02, 6685440, -1 ]
   - [ 2.6746481323242188e+02, 8.4879925537109375e+02,
       6.2529597282409668e+00, 9.0217834472656250e+01,
       1.8565094098448753e-02, 6685440, -1 ]
   - [ 2.6746481323242188e+02, 8.4879925537109375e+02,
       6.2529597282409668e+00, 3.1663281250000000e+02,
       1.8565094098448753e-02, 6685440, -1 ]
   - [ 2.6998995971679688e+02, 8.3196612548828125e+02,
       6.2286286354064941e+00, 7.8201843261718750e+01,
       1.7419664189219475e-02, 6423296, -1 ]
   - [ 2.6998995971679688e+02, 8.3196612548828125e+02,
       6.2286286354064941e+00, 2.8884393310546875e+02,
       1.7419664189219475e-02, 6423296, -1 ]
   - [ 2.7199642944335938e+02, 7.4638806152343750e+02,
       2.5651948451995850e+00, 2.2942552185058594e+02,
       1.4220105484127998e-02, 9044735, -1 ]
   - [ 2.7503506469726562e+02, 7.3856359863281250e+02,
       7.8626670837402344e+00, 1.9553550720214844e+02,
       1.5585318207740784e-02, 6553857, -1 ]
   - [ 2.7590066528320312e+02, 2.8470455932617188e+02,
       3.8167960643768311e+00, 6.3228546142578125e+01,
       1.7205405980348587e-02, 4391168, -1 ]
   - [ 2.7641812133789062e+02, 3.3114477539062500e+02,
       4.5082588195800781e+00, 2.8038073730468750e+02,
       1.5984429046511650e-02, 16449792, -1 ]
   - [ 2.7898678588867188e+02, 3.2613229370117188e+02,
       4.2743968963623047e+00, 2.8202142333984375e+02,
       1.6602570191025734e-02, 12583168, -1 ]
   - [ 2.8063674926757812e+02, 8.3139447021484375e+02,
