%YAML:1.0
---
grayKeypoints:
   - [ 6.2578323364257812e+01, 6.5917858886718750e+02,
       2.2127475738525391e+00, 2.5620605468750000e+02,
       2.6881072670221329e-02, 15073791, -1 ]
   - [ 6.8511680603027344e+01, 6.5825537109375000e+02,
       2.2481715679168701e+00, 2.6119869995117188e+02,
       2.4875154718756676e-02, 16253439, -1 ]
   - [ 7.0043701171875000e+01, 6.6107061767578125e+02,
       2.5467603206634521e+00, 2.6438366699218750e+02,
       1.8727913498878479e-02, 8585983, -1 ]
   - [ 2.2186216735839844e+02, 3.6355386352539062e+02,
       9.5590133666992188e+00, 3.0769967651367188e+02,
       1.4778508804738522e-02, 3932673, -1 ]
   - [ 2.2355825805664062e+02, 3.3946359252929688e+02,
       2.2054855823516846e+00, 4.7123474121093750e+01,
       1.4344804920256138e-02, 14877183, -1 ]
   - [ 2.2576110839843750e+02, 3.6017135620117188e+02,
       1.9295581579208374e+00, 2.7841690063476562e+02,
       1.6218839213252068e-02, 5177855, -1 ]
   - [ 2.2576110839843750e+02, 3.6017135620117188e+02,
       1.9295581579208374e+00, 3.1881192016601562e+02,
       1.6218839213252068e-02, 5177855, -1 ]
   - [ 2.2961769104003906e+02, 3.5611331176757812e+02,
       1.8476641178131104e+00, 5.3204345703125000e+01,
       1.9255567342042923e-02, 2032127, -1 ]
   - [ 2.2961769104003906e+02, 3.5611331176757812e+02,
       1.8476641178131104e+00, 2.9430703735351562e+02,
       1.9255567342042923e-02, 2032127, -1 ]
   - [ 2.3235826110839844e+02, 3.3358898925781250e+02,
       2.0242979526519775e+00, 6.9600250244140625e+01,
       1.7414834350347519e-02, 8651263, -1 ]
   - [ 2.3895225524902344e+02, 3.4422833251953125e+02,
       1.9493131637573242e+00, 2.2228184509277344e+02,
       2.1107813343405724e-02, 5898751, -1 ]
   - [ 2.4181530761718750e+02, 3.4903039550781250e+02,
       2.7806010246276855e+00, 1.0684524536132812e+02,
       2.2863123565912247e-02, 14877439, -1 ]
   - [ 2.4190953063964844e+02, 3.4253469848632812e+02,
       2.2385234832763672e+00, 2.4136968994140625e+02,
       2.0737826824188232e-02, 15925759, -1 ]
   - [ 2.4578131103515625e+02, 3.6353274536132812e+02,
       3.5821063518524170e+00, 2.6264770507812500e+02,
       1.7799356952309608e-02, 16516095, -1 ]
   - [ 2.4578131103515625e+02, 3.6353274536132812e+02,
       3.5821063518524170e+00, 2.9705523681640625e+02,
       1.7799356952309608e-02, 16516095, -1 ]
   - [ 2.4734983825683594e+02, 3.4660171508789062e+02,
       9.6538801193237305e+00, 8.1220367431640625e+01,
       3.6743760108947754e-02, 4653569, -1 ]
   - [ 2.4835229492187500e+02, 3.5527651977539062e+02,
       4.7051439285278320e+00, 8.9978820800781250e+01,
       1.8971776589751244e-02, 2818560, -1 ]
   - [ 2.4970837402343750e+02, 3.3620806884765625e+02,
       1.8499206304550171e+00, 2.7080975341796875e+02,
       1.4010515995323658e-02, 2163199, -1 ]
   - [ 2.5157876586914062e+02, 3.4326846313476562e+02,
       2.1428215503692627e+00, 2.6931341552734375e+02,
       2.2046886384487152e-02, 12780031, -1 ]
   - [ 2.5303909301757812e+02, 3.7367810058593750e+02,
       1.9963127374649048e+00, 2.9707870483398438e+02,
       1.6845379024744034e-02, 7668223, -1 ]
   - [ 2.5404010009765625e+02, 3.4138955688476562e+02,
       2.0115349292755127e+00, 3.0089703369140625e+02,
       1.4005302451550961e-02, 8192511, -1 ]
   - [ 2.5493893432617188e+02, 3.7137554931640625e+02,
       2.4771270751953125e+00, 2.9479244995117188e+02,
       2.2619795054197311e-02, 6554367, -1 ]
   - [ 2.5500598144531250e+02, 3.3035974121093750e+02,
       3.3200478553771973e+00, 8.9858978271484375e+01,
       1.9442528486251831e-02, 11011071, -1 ]
   - [ 2.5738568115234375e+02, 3.3989874267578125e+02,
       2.2788884639739990e+00, 3.0068423461914062e+02,
       1.6634633764624596e-02, 525055, -1 ]
   - [ 2.5770217895507812e+02, 3.2551223754882812e+02,
       4.6471290588378906e+00, 9.0780548095703125e+01,
       1.4529672451317310e-02, 1901056, -1 ]
   - [ 2.5816912841796875e+02, 3.6952420043945312e+02,
       1.9320980310440063e+00, 2.6453695678710938e+02,
       2.4961840361356735e-02, 5308927, -1 ]
   - [ 2.5830862426757812e+02, 3.3433126831054688e+02,
       1.0292181968688965e+01, 9.0641723632812500e+01,
       2.2420097142457962e-02, 9306625, -1 ]
   - [ 2.6038192749023438e+02, 3.8596188354492188e+02,
       2.0372831344604492e+01, 2.9825299072265625e+02,
       2.6427656412124634e-02, 8520194, -1 ]
   - [ 2.6247155761718750e+02, 3.7559680175781250e+02,
       1.9660285711288452e+00, 2.8928887939453125e+02,
       1.5793891623616219e-02, 6554111, -1 ]
   - [ 2.6551083374023438e+02, 3.2259347534179688e+02,
       1.0200487136840820e+01, 9.2060302734375000e+01,
       1.6037888824939728e-02, 8651265, -1 ]
   - [ 2.7203353881835938e+02, 3.8539126586914062e+02,
       2.0234966278076172e+00, 3.3107202148437500e+02,
       1.5742834657430649e-02, 8651263, -1 ]
   - [ 2.7444094848632812e+02, 3.8403839111328125e+02,
       2.3062252998352051e+00, 3.3258395385742188e+02,
       2.3190610110759735e-02, 1377023, -1 ]
   - [ 2.7652001953125000e+02, 4.0780978393554688e+02,
       3.1442496776580811e+00, 3.3491082763671875e+02,
       1.3923211023211479e-02, 7078911, -1 ]
   - [ 2.7795178222656250e+02, 3.9817520141601562e+02,
       1.8758119344711304e+00, 3.5352722167968750e+01,
       1.3946728780865669e-02, 3146239, -1 ]
   - [ 2.7795178222656250e+02, 3.9817520141601562e+02,
       1.8758119344711304e+00, 3.4474765014648438e+02,
       1.3946728780865669e-02, 3146239, -1 ]
   - [ 2.7933486938476562e+02, 3.9467306518554688e+02,
       2.1188223361968994e+00, 3.3898385620117188e+02,
       1.5370802953839302e-02, 11928063, -1 ]
   - [ 2.8479272460937500e+02, 4.0876739501953125e+02,
       8.0777835845947266e+00, 3.2080813598632812e+02,
       2.2540867328643799e-02, 8454401, -1 ]
   - [ 2.8677828979492188e+02, 3.1113732910156250e+02,
       2.7661671638488770e+00, 1.9745680236816406e+02,
       1.5251803211867809e-02, 14549759, -1 ]
   - [ 2.8677828979492188e+02, 3.1113732910156250e+02,
       2.7661671638488770e+00, 3.4540692138671875e+02,
       1.5251803211867809e-02, 14549759, -1 ]
   - [ 2.9146444702148438e+02, 3.2833276367187500e+02,
       1.2434750556945801e+01, 1.1107568359375000e+02,
       1.4742190949618816e-02, 6292225, -1 ]
   - [ 2.9263394165039062e+02, 4.1489190673828125e+02,
       2.1016693115234375e+00, 2.8144329833984375e+02,
       1.3794727623462677e-02, 11338239, -1 ]
   - [ 2.9265734863281250e+02, 3.2565023803710938e+02,
       2.0230882167816162e+00, 3.1843896484375000e+02,
       1.3558011502027512e-02, 8585727, -1 ]
   - [ 2.9414807128906250e+02, 3.9405209350585938e+02,
       2.3350174427032471e+00, 2.7469934082031250e+02,
       1.6578081995248795e-02, 2294527, -1 ]
   - [ 2.9475192260742188e+02, 3.9797653198242188e+02,
       4.6167411804199219e+00, 2.7841931152343750e+02,
       2.1265458315610886e-02, 1442304, -1 ]
   - [ 2.9535208129882812e+02, 3.5023526000976562e+02,
       3.3580224514007568e+00, 7.0893676757812500e+01,
       2.2793607786297798e-02, 11863039, -1 ]
   - [ 2.9670562744140625e+02, 2.8591119384765625e+02,
       3.9388287067413330e+00, 5.6275848388671875e+01,
       1.6363296657800674e-02, 6684928, -1 ]
   - [ 2.9670562744140625e+02, 2.8591119384765625e+02,
       3.9388287067413330e+00, 2.8595312500000000e+02,
       1.6363296657800674e-02, 6684928, -1 ]
   - [ 2.9711352539062500e+02, 3.5447409057617188e+02,
       1.8717294931411743e+00, 6.7065795898437500e+01,
       1.9046554341912270e-02, 3015167, -1 ]
   - [ 2.9745001220703125e+02, 4.1277297973632812e+02,
       3.1246438026428223e+00, 2.7993524169921875e+02,
       2.2724037989974022e-02, 6620159, -1 ]
   - [ 2.9987011718750000e+02, 4.1605795288085938e+02,
       2.1238491535186768e+00, 2.7389483642578125e+02,
       1.5286600217223167e-02, 12124671, -1 ]
   - [ 3.0000827026367188e+02, 3.9459353637695312e+02,
       2.6364078521728516e+00, 2.7776681518554688e+02,
       1.3661039061844349e-02, 11076351, -1 ]
