%YAML:1.0
---
grayKeypoints:
   - [ 1.4018679809570312e+02, 8.9401879882812500e+02,
       3.5291717052459717e+00, 2.4226348876953125e+02,
       2.0509354770183563e-02, 15467519, -1 ]
   - [ 3.8001242065429688e+02, 8.8373144531250000e+02,
       7.5032439231872559e+00, 2.5362330627441406e+02,
       1.6994222998619080e-02, 3145985, -1 ]
   - [ 4.3403234863281250e+02, 6.9432232666015625e+02,
       3.9336609840393066e+00, 6.2570159912109375e+01,
       1.4824642799794674e-02, 6553856, -1 ]
   - [ 5.5498852539062500e+02, 1.2502567138671875e+03,
       1.0128314018249512e+01, 2.0719909667968750e+01,
       1.5093648806214333e-02, 8126977, -1 ]
   - [ 5.5498852539062500e+02, 1.2502567138671875e+03,
       1.0128314018249512e+01, 3.3261636352539062e+02,
       1.5093648806214333e-02, 8126977, -1 ]
   - [ 5.7294976806640625e+02, 1.2575549316406250e+03,
       1.0192732810974121e+01, 2.8557260131835938e+02,
       2.2793572396039963e-02, 8585729, -1 ]
   - [ 5.9437719726562500e+02, 9.4605993652343750e+02,
       8.5652027130126953e+00, 3.0379516601562500e+01,
       1.7517877742648125e-02, 12714241, -1 ]
   - [ 5.9554925537109375e+02, 1.5944349365234375e+03,
       3.7969195842742920e+00, 6.5996826171875000e+01,
       1.4688849449157715e-02, 3997952, -1 ]
   - [ 5.9797204589843750e+02, 1.1741469726562500e+03,
       3.9905941009521484e+01, 6.9841339111328125e+01,
       2.7871347963809967e-02, 7012867, -1 ]
   - [ 5.9993280029296875e+02, 1.5803673095703125e+03,
       2.0417315959930420e+00, 2.3083453369140625e+02,
       1.3859447091817856e-02, 9306623, -1 ]
   - [ 6.0302868652343750e+02, 9.5335540771484375e+02,
       9.1588029861450195e+00, 3.0146118164062500e+01,
       3.8339234888553619e-02, 852481, -1 ]
   - [ 6.1311920166015625e+02, 9.5596215820312500e+02,
       6.1662898063659668e+00, 2.1072943115234375e+02,
       1.4727535657584667e-02, 5636864, -1 ]
   - [ 6.2351068115234375e+02, 9.1973553466796875e+02,
       1.1773640632629395e+01, 3.8257904052734375e+01,
       2.2359943017363548e-02, 2294529, -1 ]
   - [ 6.2463482666015625e+02, 1.2688157958984375e+03,
       1.8898044586181641e+01, 2.9852304077148438e+02,
       2.0194789394736290e-02, 3146242, -1 ]
   - [ 6.5609997558593750e+02, 9.8063354492187500e+02,
       8.8410816192626953e+00, 2.6534140014648438e+02,
       1.4551383443176746e-02, 15008001, -1 ]
   - [ 6.7720294189453125e+02, 1.2963240966796875e+03,
       1.2856608390808105e+01, 2.7635388183593750e+02,
       1.3543008826673031e-02, 8651521, -1 ]
   - [ 6.9837646484375000e+02, 1.1004221191406250e+03,
       1.3974870300292969e+02, 2.7381927490234375e+02,
       2.6679346337914467e-02, 14156037, -1 ]
   - [ 7.7787799072265625e+02, 1.2056988525390625e+03,
       5.9197573661804199e+00, 8.0724578857421875e+01,
       1.4775406569242477e-02, 2687744, -1 ]
   - [ 7.9855438232421875e+02, 8.8332092285156250e+02,
       1.2104878234863281e+02, 2.5447030639648438e+02,
       6.1362896114587784e-02, 3735813, -1 ]
   - [ 8.0909759521484375e+02, 1.2235073242187500e+03,
       6.2665538787841797e+01, 9.0547546386718750e+01,
       3.5860732197761536e-02, 6291716, -1 ]
   - [ 9.3473388671875000e+02, 7.9213952636718750e+02,
       2.5490484237670898e+01, 9.2711181640625000e+01,
       3.1896498054265976e-02, 8061698, -1 ]
   - [ 9.4046588134765625e+02, 1.2132742919921875e+03,
       4.3214210510253906e+01, 8.8835937500000000e+01,
       3.3692374825477600e-02, 12780035, -1 ]
   - [ 9.4282727050781250e+02, 8.0771508789062500e+02,
       4.9188795089721680e+00, 9.1773712158203125e+01,
       1.3885195367038250e-02, 6029824, -1 ]
   - [ 9.4866888427734375e+02, 8.9143170166015625e+02,
       2.6595313549041748e+00, 2.4944384765625000e+02,
       2.0543456077575684e-02, 11666175, -1 ]
   - [ 9.5161541748046875e+02, 1.0605360107421875e+03,
       1.5116642761230469e+02, 2.4387866210937500e+02,
       3.5523507744073868e-02, 3080709, -1 ]
   - [ 9.5853192138671875e+02, 8.4779638671875000e+02,
       6.5330772399902344e+01, 9.9411193847656250e+01,
       5.0933998078107834e-02, 9240836, -1 ]
   - [ 9.5853192138671875e+02, 8.4779638671875000e+02,
       6.5330772399902344e+01, 2.3646336364746094e+02,
       5.0933998078107834e-02, 9240836, -1 ]
   - [ 9.6385290527343750e+02, 8.0724243164062500e+02,
       8.0682601928710938e+00, 9.0555419921875000e+01,
       1.7495725303888321e-02, 8388865, -1 ]
   - [ 9.8634918212890625e+02, 1.1125544433593750e+03,
       8.9134780883789062e+01, 4.2405700683593750e+00,
       3.6710783839225769e-02, 15008260, -1 ]
   - [ 9.8634918212890625e+02, 1.1125544433593750e+03,
       8.9134780883789062e+01, 7.3187286376953125e+01,
       3.6710783839225769e-02, 15008260, -1 ]
   - [ 9.8885919189453125e+02, 8.0054278564453125e+02,
       1.6799602508544922e+01, 8.9992309570312500e+01,
       1.6910674050450325e-02, 11337986, -1 ]
   - [ 9.9865704345703125e+02, 8.6584362792968750e+02,
       1.9767328262329102e+01, 2.4751553344726562e+02,
       2.9585128650069237e-02, 6357506, -1 ]
   - [ 1.0037947387695312e+03, 1.1765451660156250e+03,
       1.0615369796752930e+01, 7.8482177734375000e+01,
       1.3533817604184151e-02, 11534849, -1 ]
   - [ 1.0072542114257812e+03, 8.2214154052734375e+02,
       2.3545026779174805e+01, 9.5070526123046875e+01,
       3.0542040243744850e-02, 2294530, -1 ]
   - [ 1.0130362548828125e+03, 6.7101104736328125e+02,
       2.0036099243164062e+02, 1.0191622924804688e+02,
       2.2805502638220787e-02, 6750981, -1 ]
   - [ 1.0130362548828125e+03, 6.7101104736328125e+02,
       2.0036099243164062e+02, 3.5429623413085938e+02,
       2.2805502638220787e-02, 6750981, -1 ]
   - [ 1.0136494750976562e+03, 9.4436975097656250e+02,
       9.3522094726562500e+01, 2.3227844238281250e+02,
       3.5563245415687561e-02, 1770244, -1 ]
   - [ 1.0156558837890625e+03, 1.2445214843750000e+03,
       1.2436874389648438e+01, 3.5435983276367188e+02,
       3.3845473080873489e-02, 6292225, -1 ]
   - [ 1.0177546386718750e+03, 8.4872576904296875e+02,
       1.2346728324890137e+01, 2.2319323730468750e+02,
       3.5399161279201508e-02, 5767937, -1 ]
   - [ 1.0207105712890625e+03, 8.3280310058593750e+02,
       8.3282117843627930e+00, 2.2591352844238281e+02,
       1.5716448426246643e-02, 10682625, -1 ]
   - [ 1.0216569213867188e+03, 1.2715928955078125e+03,
       1.6529642105102539e+01, 3.4669696044921875e+02,
       3.5888161510229111e-02, 10158338, -1 ]
   - [ 1.0223436889648438e+03, 9.3397106933593750e+02,
       8.6258155822753906e+01, 1.1627777099609375e+01,
       3.6157395690679550e-02, 12648964, -1 ]
   - [ 1.0223436889648438e+03, 9.3397106933593750e+02,
       8.6258155822753906e+01, 2.3332064819335938e+02,
       3.6157395690679550e-02, 12648964, -1 ]
   - [ 1.0327207031250000e+03, 1.2283099365234375e+03,
       1.1763331413269043e+01, 7.9360595703125000e+01,
       1.8405180424451828e-02, 2228993, -1 ]
   - [ 1.0348206787109375e+03, 8.2705865478515625e+02,
       7.6932711601257324e+00, 2.1793534851074219e+02,
       2.1351929754018784e-02, 4980993, -1 ]
   - [ 1.0380207519531250e+03, 1.0998204345703125e+03,
       1.1914013862609863e+01, 2.1389648437500000e+01,
       5.1999133080244064e-02, 3146497, -1 ]
   - [ 1.0498646240234375e+03, 8.3213781738281250e+02,
       1.2016780853271484e+01, 2.5610693359375000e+02,
       2.3315450176596642e-02, 3801857, -1 ]
   - [ 1.0660599365234375e+03, 1.2785054931640625e+03,
       7.5800308227539062e+01, 2.0085021972656250e+02,
       5.9615205973386765e-02, 3342852, -1 ]
   - [ 1.0660599365234375e+03, 1.2785054931640625e+03,
       7.5800308227539062e+01, 3.4142929077148438e+02,
       5.9615205973386765e-02, 3342852, -1 ]
   - [ 1.0668444824218750e+03, 1.1569866943359375e+03,
       3.2410041809082031e+01, 8.5501922607421875e+01,
       2.3619253188371658e-02, 8716547, -1 ]
   - [ 1.0735908203125000e+03, 8.4862945556640625e+02,
       1.8148015975952148e+01, 1.9242065429687500e+01,
       2.3028332740068436e-02, 197122, -1 ]
