%YAML:1.0
---
grayKeypoints:
   - [ 5.8148185729980469e+01, 5.7087866210937500e+02,
       2.1207344532012939e+00, 2.7275051879882812e+02,
       2.6119995862245560e-02, 11993599, -1 ]
   - [ 5.9552307128906250e+01, 5.6785089111328125e+02,
       2.5796029567718506e+00, 1.0255657958984375e+02,
       1.3380870223045349e-02, 9503487, -1 ]
   - [ 6.0789062500000000e+01, 5.7357720947265625e+02,
       1.8970482349395752e+00, 2.7791137695312500e+02,
       1.7566600814461708e-02, 3932671, -1 ]
   - [ 6.6907440185546875e+01, 5.7199310302734375e+02,
       1.8787901401519775e+00, 1.0933113098144531e+02,
       3.8050349801778793e-02, 3277311, -1 ]
   - [ 6.6907440185546875e+01, 5.7199310302734375e+02,
       1.8787901401519775e+00, 2.6758062744140625e+02,
       3.8050349801778793e-02, 3277311, -1 ]
   - [ 7.4912460327148438e+01, 6.7589404296875000e+02,
       1.9989417791366577e+00, 3.1597717285156250e+01,
       1.4394251629710197e-02, 7733759, -1 ]
   - [ 7.4912460327148438e+01, 6.7589404296875000e+02,
       1.9989417791366577e+00, 2.1110690307617188e+02,
       1.4394251629710197e-02, 7733759, -1 ]
   - [ 1.9563661193847656e+02, 2.5705865478515625e+02,
       1.9823573827743530e+00, 2.6261151123046875e+02,
       1.3589927926659584e-02, 7143935, -1 ]
   - [ 2.0172152709960938e+02, 3.7905685424804688e+02,
       3.4803140163421631e+00, 3.0966375732421875e+02,
       1.5483877621591091e-02, 14418943, -1 ]
   - [ 2.0205589294433594e+02, 3.6847433471679688e+02,
       1.3647398948669434e+01, 2.9675311279296875e+02,
       2.9592126607894897e-02, 12976897, -1 ]
   - [ 2.1034989929199219e+02, 3.5457492065429688e+02,
       6.9896898269653320e+00, 6.2626556396484375e+01,
       2.2682294249534607e-02, 14746368, -1 ]
   - [ 2.1085047912597656e+02, 3.7950665283203125e+02,
       3.4064991474151611e+00, 2.5668063354492188e+02,
       1.7291652038693428e-02, 12911615, -1 ]
   - [ 2.1085047912597656e+02, 3.7950665283203125e+02,
       3.4064991474151611e+00, 2.9660900878906250e+02,
       1.7291652038693428e-02, 12911615, -1 ]
   - [ 2.1581671142578125e+02, 3.5864752197265625e+02,
       2.1113228797912598e+00, 2.4591314697265625e+02,
       1.9374474883079529e-02, 11731455, -1 ]
   - [ 2.1610021972656250e+02, 3.7101733398437500e+02,
       4.8118028640747070e+00, 8.8472320556640625e+01,
       1.7347520217299461e-02, 4456960, -1 ]
   - [ 2.1618457031250000e+02, 3.6143798828125000e+02,
       1.8561061620712280e+00, 2.7585678100585938e+02,
       2.0389858633279800e-02, 2359807, -1 ]
   - [ 2.1691622924804688e+02, 3.6254580688476562e+02,
       8.1868381500244141e+00, 7.3920532226562500e+01,
       3.7480041384696960e-02, 9437441, -1 ]
   - [ 2.1830938720703125e+02, 3.9359304809570312e+02,
       1.2848376274108887e+01, 2.9067288208007812e+02,
       2.1669669076800346e-02, 8651521, -1 ]
   - [ 2.2035685729980469e+02, 3.8622265625000000e+02,
       1.9393932819366455e+00, 2.9848272705078125e+02,
       2.0693160593509674e-02, 5571071, -1 ]
   - [ 2.2363183593750000e+02, 3.5559759521484375e+02,
       2.9517738819122314e+00, 2.6705548095703125e+02,
       1.6727410256862640e-02, 2491391, -1 ]
   - [ 2.2894711303710938e+02, 3.5421255493164062e+02,
       1.9788702726364136e+00, 3.0069946289062500e+02,
       1.4927943237125874e-02, 7012863, -1 ]
   - [ 2.3032328796386719e+02, 3.4249444580078125e+02,
       1.9950932264328003e+00, 8.1838500976562500e+01,
       1.8499044701457024e-02, 7602687, -1 ]
   - [ 2.3060571289062500e+02, 3.9736987304687500e+02,
       6.2854056358337402e+00, 3.5329971313476562e+02,
       1.3510181568562984e-02, 7078656, -1 ]
   - [ 2.3894279479980469e+02, 4.0566006469726562e+02,
       5.1770153045654297e+00, 2.7677856445312500e+02,
       1.3462384231388569e-02, 9699840, -1 ]
   - [ 2.4029435729980469e+02, 4.1216436767578125e+02,
       5.6823220252990723e+00, 2.7422338867187500e+02,
       2.1487044170498848e-02, 16450048, -1 ]
   - [ 2.4044723510742188e+02, 3.3860729980468750e+02,
       2.6371891498565674e+00, 1.4526416015625000e+02,
       1.3833316974341869e-02, 11076351, -1 ]
   - [ 2.4044723510742188e+02, 3.3860729980468750e+02,
       2.6371891498565674e+00, 3.1592852783203125e+02,
       1.3833316974341869e-02, 11076351, -1 ]
   - [ 2.4164897155761719e+02, 3.7425335693359375e+02,
       4.1080383300781250e+01, 3.1284002685546875e+02,
       2.4608314037322998e-02, 9110019, -1 ]
   - [ 2.4349749755859375e+02, 4.2845343017578125e+02,
       2.3021466732025146e+00, 2.8055993652343750e+02,
       1.4309701509773731e-02, 1245951, -1 ]
   - [ 2.4380815124511719e+02, 2.9757437133789062e+02,
       3.0774223804473877e+00, 4.4386535644531250e+01,
       1.6965966671705246e-02, 5506047, -1 ]
   - [ 2.4697436523437500e+02, 4.0346252441406250e+02,
       7.8826937675476074e+00, 2.7871820068359375e+02,
       1.5006122179329395e-02, 6684929, -1 ]
   - [ 2.4769053649902344e+02, 4.2580670166015625e+02,
       3.2316815853118896e+00, 2.7675122070312500e+02,
       2.2546440362930298e-02, 9044991, -1 ]
   - [ 2.4916441345214844e+02, 4.1589636230468750e+02,
       2.0484170913696289e+00, 1.0002835083007812e+02,
       1.5142513439059258e-02, 9503231, -1 ]
   - [ 2.4978822326660156e+02, 4.2916085815429688e+02,
       2.0830788612365723e+00, 2.7083508300781250e+02,
       1.8900522962212563e-02, 10748415, -1 ]
   - [ 2.5200790405273438e+02, 4.1352874755859375e+02,
       7.5328264236450195e+00, 2.7614501953125000e+02,
       2.1851750090718269e-02, 3408129, -1 ]
   - [ 2.5442282104492188e+02, 3.6376870727539062e+02,
       2.5332553386688232e+00, 6.0715454101562500e+01,
       2.0704677328467369e-02, 8192767, -1 ]
   - [ 2.5442282104492188e+02, 3.6376870727539062e+02,
       2.5332553386688232e+00, 2.0417970275878906e+02,
       2.0704677328467369e-02, 8192767, -1 ]
   - [ 2.5463946533203125e+02, 2.9740301513671875e+02,
       1.3104178428649902e+01, 8.5178619384765625e+01,
       2.2489316761493683e-02, 10027777, -1 ]
   - [ 2.5785296630859375e+02, 4.3494601440429688e+02,
       6.0898594856262207e+00, 3.2908328247070312e+02,
       2.6086637750267982e-02, 4784896, -1 ]
   - [ 2.5867938232421875e+02, 2.8918814086914062e+02,
       2.7894666194915771e+00, 8.7731964111328125e+01,
       1.3630266301333904e-02, 15139583, -1 ]
   - [ 2.6187646484375000e+02, 4.1905502319335938e+02,
       3.1547994613647461e+00, 8.9708068847656250e+01,
       1.8434111028909683e-02, 7341055, -1 ]
   - [ 2.6210748291015625e+02, 4.2766516113281250e+02,
       4.0874686241149902e+00, 3.3619631958007812e+02,
       2.9627718031406403e-02, 9371904, -1 ]
   - [ 2.6383306884765625e+02, 3.5245782470703125e+02,
       2.6887955665588379e+00, 1.4099206542968750e+02,
       1.4280009083449841e-02, 12452607, -1 ]
   - [ 2.6582052612304688e+02, 4.1324496459960938e+02,
       5.5676131248474121e+00, 2.6485848999023438e+02,
       1.9478147849440575e-02, 15008256, -1 ]
   - [ 2.6592224121093750e+02, 2.9471936035156250e+02,
       3.3080470561981201e+00, 9.6720794677734375e+01,
       1.4917679131031036e-02, 10748927, -1 ]
   - [ 2.6597262573242188e+02, 2.9922399902343750e+02,
       4.0290985107421875e+00, 1.0017065429687500e+02,
       1.9903896376490593e-02, 8323328, -1 ]
   - [ 2.6597262573242188e+02, 2.9922399902343750e+02,
       4.0290985107421875e+00, 2.6635119628906250e+02,
       1.9903896376490593e-02, 8323328, -1 ]
   - [ 2.6729223632812500e+02, 3.4998092651367188e+02,
       3.0083341598510742e+00, 1.3540724182128906e+02,
       2.3075100034475327e-02, 3867647, -1 ]
   - [ 2.6729223632812500e+02, 3.4998092651367188e+02,
       3.0083341598510742e+00, 2.6995291137695312e+02,
       2.3075100034475327e-02, 3867647, -1 ]
   - [ 2.6886489868164062e+02, 2.9585333251953125e+02,
       1.8172563314437866e+00, 1.0773727416992188e+02,
       1.5751644968986511e-02, 852479, -1 ]
   - [ 2.6886898803710938e+02, 4.1856918334960938e+02,
       3.1913592815399170e+00, 9.0106872558593750e+01,
       1.3787781819701195e-02, 8193023, -1 ]
