%YAML:1.0
---
grayKeypoints:
   - [ 2.4498632431030273e+01, 2.9900332641601562e+02,
       3.3775894641876221e+00, 2.3023822021484375e+02,
       1.7540212720632553e-02, 12256255, -1 ]
   - [ 4.1807552337646484e+01, 2.8444961547851562e+02,
       2.9854354858398438e+00, 2.2983975219726562e+02,
       1.7755256965756416e-02, 3343359, -1 ]
   - [ 4.7543037414550781e+01, 2.8243710327148438e+02,
       6.6656022071838379e+00, 2.3021676635742188e+02,
       1.9301384687423706e-02, 11272960, -1 ]
   - [ 5.6539157867431641e+01, 2.7511544799804688e+02,
       6.5832986831665039e+00, 2.3020745849609375e+02,
       1.8038189038634300e-02, 10420992, -1 ]
   - [ 7.5732070922851562e+01, 6.2427526855468750e+02,
       1.9844452142715454e+00, 9.6051055908203125e+01,
       1.4733650721609592e-02, 7209471, -1 ]
   - [ 9.1049621582031250e+01, 2.4440077209472656e+02,
       3.4448394775390625e+00, 2.3001760864257812e+02,
       1.9680820405483246e-02, 13698047, -1 ]
   - [ 9.4567222595214844e+01, 2.4477117919921875e+02,
       7.9719748497009277e+00, 2.2998669433593750e+02,
       1.9988719373941422e-02, 7536897, -1 ]
   - [ 1.0254573822021484e+02, 2.3470454406738281e+02,
       2.0252866744995117e+00, 2.3136370849609375e+02,
       1.6326734796166420e-02, 8716799, -1 ]
   - [ 1.0901792144775391e+02, 2.3029843139648438e+02,
       4.2555842399597168e+00, 2.2980455017089844e+02,
       1.6711657866835594e-02, 12255488, -1 ]
   - [ 1.1596905517578125e+02, 2.2394360351562500e+02,
       3.3296399116516113e+00, 2.3036166381835938e+02,
       1.9824476912617683e-02, 11207679, -1 ]
   - [ 1.3103721618652344e+02, 6.2710186767578125e+02,
       2.1981604099273682e+00, 2.8146231079101562e+02,
       1.6753748059272766e-02, 14615039, -1 ]
   - [ 1.3584634399414062e+02, 2.0841297912597656e+02,
       4.7191925048828125e+00, 2.3092268371582031e+02,
       1.8233925104141235e-02, 3015168, -1 ]
   - [ 1.3676440429687500e+02, 6.2793688964843750e+02,
       2.1534764766693115e+00, 2.6001452636718750e+02,
       1.5060443431138992e-02, 13107711, -1 ]
   - [ 1.4604562377929688e+02, 6.8848754882812500e+02,
       1.9751175642013550e+00, 9.1048004150390625e+01,
       1.5299746766686440e-02, 6881791, -1 ]
   - [ 1.6139494323730469e+02, 1.8622814941406250e+02,
       2.1222989559173584e+00, 2.3090264892578125e+02,
       2.1590175107121468e-02, 12059135, -1 ]
   - [ 1.8206523132324219e+02, 1.6982775878906250e+02,
       3.6103272438049316e+00, 2.3043302917480469e+02,
       1.8771404400467873e-02, 393472, -1 ]
   - [ 1.9920196533203125e+02, 9.7320367431640625e+02,
       4.4515371322631836e+00, 1.1932501220703125e+02,
       1.9996082410216331e-02, 15532288, -1 ]
   - [ 1.9920196533203125e+02, 9.7320367431640625e+02,
       4.4515371322631836e+00, 3.0219644165039062e+02,
       1.9996082410216331e-02, 15532288, -1 ]
   - [ 1.9985321044921875e+02, 9.8036486816406250e+02,
       4.1688909530639648e+00, 3.0337420654296875e+02,
       1.6811057925224304e-02, 10748160, -1 ]
   - [ 2.0804446411132812e+02, 9.7953497314453125e+02,
       4.3190531730651855e+00, 2.9532247924804688e+02,
       2.6963591575622559e-02, 13304064, -1 ]
   - [ 2.1165087890625000e+02, 9.8476348876953125e+02,
       2.9319970607757568e+00, 2.6065017700195312e+02,
       1.8589314073324203e-02, 2032639, -1 ]
   - [ 2.4103091430664062e+02, 1.2346340942382812e+02,
       5.3540520668029785e+00, 2.3074896240234375e+02,
       1.7569206655025482e-02, 12190208, -1 ]
   - [ 2.7651486206054688e+02, 6.3711840820312500e+02,
       2.4750535488128662e+00, 2.6582559204101562e+02,
       1.3787120580673218e-02, 6488831, -1 ]
   - [ 2.8595053100585938e+02, 6.3730792236328125e+02,
       2.6141400337219238e+00, 8.7254699707031250e+01,
       2.5640629231929779e-02, 10420991, -1 ]
   - [ 2.8595053100585938e+02, 6.3730792236328125e+02,
       2.6141400337219238e+00, 2.6616162109375000e+02,
       2.5640629231929779e-02, 10420991, -1 ]
   - [ 2.8807867431640625e+02, 9.3069671630859375e+01,
       1.6159315109252930e+01, 2.3007701110839844e+02,
       2.1070050075650215e-02, 8519938, -1 ]
   - [ 2.9616702270507812e+02, 7.8170875549316406e+01,
       4.5817961692810059e+00, 2.3058659362792969e+02,
       1.7600329592823982e-02, 918016, -1 ]
   - [ 2.9939651489257812e+02, 5.6337170410156250e+02,
       2.6534082889556885e+00, 1.8467193603515625e+02,
       1.7654977738857269e-02, 11535103, -1 ]
   - [ 3.0354598999023438e+02, 7.1051483154296875e+01,
       2.4634370803833008e+00, 2.2674552917480469e+02,
       2.2037340328097343e-02, 6161151, -1 ]
   - [ 3.0532180786132812e+02, 6.3860357666015625e+02,
       2.4995999336242676e+00, 2.7139291381835938e+02,
       2.2174663841724396e-02, 7209727, -1 ]
   - [ 3.0862045288085938e+02, 7.1215133666992188e+01,
       9.4879169464111328e+00, 2.3045281982421875e+02,
       1.9722213968634605e-02, 3408385, -1 ]
   - [ 3.1987402343750000e+02, 5.7985980987548828e+01,
       3.4087791442871094e+00, 2.3021833801269531e+02,
       1.6535038128495216e-02, 12911615, -1 ]
   - [ 3.3968130493164062e+02, 6.8615325927734375e+02,
       2.3478395938873291e+00, 2.4045001220703125e+02,
       1.8661348149180412e-02, 2687743, -1 ]
   - [ 3.7189498901367188e+02, 1.6075548171997070e+01,
       4.0152387619018555e+00, 2.3055960083007812e+02,
       1.7460823059082031e-02, 8061184, -1 ]
   - [ 3.8073120117187500e+02, 9.9336299896240234e+00,
       5.2573256492614746e+00, 2.3038560485839844e+02,
       1.6796171665191650e-02, 10813952, -1 ]
   - [ 4.6375079345703125e+02, 8.4879742431640625e+02,
       3.5656363964080811e+00, 2.0989897155761719e+02,
       1.8093049526214600e-02, 16188415, -1 ]
   - [ 5.0817065429687500e+02, 8.5326348876953125e+02,
       5.5926856994628906e+00, 3.1285665893554688e+02,
       1.4873060397803783e-02, 15335936, -1 ]
   - [ 5.2354138183593750e+02, 8.5634747314453125e+02,
       4.4654765129089355e+00, 2.8905191040039062e+02,
       1.4360481873154640e-02, 15728896, -1 ]
   - [ 5.2470050048828125e+02, 8.4262115478515625e+02,
       1.7874967575073242e+01, 2.8433972167968750e+02,
       3.3582951873540878e-02, 15794434, -1 ]
   - [ 5.3295678710937500e+02, 8.5267089843750000e+02,
       4.1442942619323730e+00, 2.6203311157226562e+02,
       1.4208322390913963e-02, 10354944, -1 ]
   - [ 5.3584515380859375e+02, 8.6506524658203125e+02,
       1.2411467552185059e+01, 2.8445870971679688e+02,
       1.6311615705490112e-02, 6095617, -1 ]
   - [ 5.4184307861328125e+02, 8.5673095703125000e+02,
       1.8454936742782593e+00, 2.6574206542968750e+02,
       1.3389335945248604e-02, 1966591, -1 ]
   - [ 5.4400817871093750e+02, 8.3864080810546875e+02,
       5.2325906753540039e+00, 9.4492645263671875e+01,
       4.0178123861551285e-02, 10486272, -1 ]
   - [ 5.4616345214843750e+02, 8.6651763916015625e+02,
       3.9927086830139160e+00, 3.1309637451171875e+02,
       1.5845289453864098e-02, 7667968, -1 ]
   - [ 5.4976232910156250e+02, 8.4982427978515625e+02,
       1.0527132987976074e+01, 2.8646774291992188e+02,
       1.9867828115820885e-02, 10945025, -1 ]
   - [ 5.5222302246093750e+02, 9.4261639404296875e+02,
       3.7373986244201660e+00, 3.5744104003906250e+02,
       1.4642886817455292e-02, 2883840, -1 ]
   - [ 5.5507269287109375e+02, 9.5804693603515625e+02,
       5.4935774803161621e+00, 3.3961520385742188e+02,
       2.0392945036292076e-02, 14025216, -1 ]
   - [ 5.5809210205078125e+02, 9.4147656250000000e+02,
       4.8655171394348145e+00, 1.0058056640625000e+02,
       3.9488974958658218e-02, 5243392, -1 ]
   - [ 5.5821411132812500e+02, 9.5899291992187500e+02,
       2.4577691555023193e+00, 3.3197702026367188e+02,
       1.9162841141223907e-02, 5964543, -1 ]
   - [ 5.5849682617187500e+02, 9.0576617431640625e+02,
       7.8515167236328125e+00, 2.7304946899414062e+02,
       2.4767445400357246e-02, 6422785, -1 ]
   - [ 5.5970220947265625e+02, 9.5566900634765625e+02,
       2.3579792976379395e+00, 3.3402246093750000e+02,
       2.7135079726576805e-02, 3015423, -1 ]
