%YAML:1.0
---
grayKeypoints:
   - [ 4.8976597785949707e+00, 1.3598880004882812e+02,
       3.6130962371826172e+00, 2.3981668090820312e+02,
       1.9221635535359383e-02, 459008, -1 ]
   - [ 7.7550988197326660e+00, 9.0520347595214844e+01,
       2.0741155147552490e+00, 5.7547302246093750e+01,
       1.7318248748779297e-02, 10420735, -1 ]
   - [ 1.1490568161010742e+01, 1.2996429443359375e+02,
       2.1074855327606201e+00, 2.3428561401367188e+02,
       2.7147259563207626e-02, 11600383, -1 ]
   - [ 1.3104806900024414e+01, 8.5410575866699219e+01,
       4.4255194664001465e+00, 5.5889923095703125e+01,
       1.6873409971594810e-02, 15073536, -1 ]
   - [ 1.8471237182617188e+01, 8.2510467529296875e+01,
       2.6918363571166992e+00, 5.8164642333984375e+01,
       1.4885094016790390e-02, 12583679, -1 ]
   - [ 2.0492412567138672e+01, 7.9690666198730469e+01,
       5.1230602264404297e+00, 5.6570159912109375e+01,
       1.8030257895588875e-02, 8978944, -1 ]
   - [ 2.3352970123291016e+01, 1.2277426910400391e+02,
       3.9346432685852051e+00, 2.3207623291015625e+02,
       1.8050456419587135e-02, 6619392, -1 ]
   - [ 2.8992393493652344e+01, 7.5832717895507812e+01,
       2.8002104759216309e+00, 5.7980712890625000e+01,
       1.4637473970651627e-02, 15401727, -1 ]
   - [ 3.2653919219970703e+01, 6.7752677917480469e+01,
       1.0477613449096680e+01, 5.9921264648437500e+01,
       1.7479905858635902e-02, 10617345, -1 ]
   - [ 4.4462982177734375e+01, 1.0757799530029297e+02,
       3.4315590858459473e+00, 2.3529052734375000e+02,
       1.5822624787688255e-02, 13435903, -1 ]
   - [ 4.5714996337890625e+01, 6.3191967010498047e+01,
       4.3142356872558594e+00, 5.7294677734375000e+01,
       1.7000751569867134e-02, 13238528, -1 ]
   - [ 4.8305248260498047e+01, 6.3194526672363281e+01,
       1.8210277557373047e+00, 5.4491027832031250e+01,
       1.6475770622491837e-02, 983551, -1 ]
   - [ 6.3460678100585938e+01, 5.2680828094482422e+01,
       2.7109661102294922e+00, 5.7301452636718750e+01,
       1.6100365668535233e-02, 13042431, -1 ]
   - [ 7.2453681945800781e+01, 4.5992404937744141e+01,
       3.3478107452392578e+00, 5.6682403564453125e+01,
       1.9056441262364388e-02, 11600895, -1 ]
   - [ 8.1067657470703125e+01, 4.0801105499267578e+01,
       2.7336142063140869e+00, 5.5525970458984375e+01,
       1.9308634102344513e-02, 13697791, -1 ]
   - [ 8.7471221923828125e+01, 7.5599578857421875e+01,
       2.0928838253021240e+00, 2.3453099060058594e+02,
       1.6116091981530190e-02, 11076095, -1 ]
   - [ 8.8197715759277344e+01, 7.2324279785156250e+01,
       2.2322428226470947e+00, 2.3735070800781250e+02,
       1.6031939536333084e-02, 15729151, -1 ]
   - [ 8.8565101623535156e+01, 7.7250617980957031e+01,
       5.0647463798522949e+00, 2.3561212158203125e+02,
       1.7215352505445480e-02, 8126976, -1 ]
   - [ 9.5511131286621094e+01, 3.0849693298339844e+01,
       2.3880078792572021e+00, 5.4522735595703125e+01,
       1.7796108499169350e-02, 3867391, -1 ]
   - [ 1.1090808868408203e+02, 6.0492794036865234e+01,
       3.2600135803222656e+00, 2.3276672363281250e+02,
       1.7228767275810242e-02, 9700351, -1 ]
   - [ 1.1221144104003906e+02, 6.3681068420410156e+01,
       9.1380233764648438e+00, 2.3159095764160156e+02,
       1.8149785697460175e-02, 721409, -1 ]
   - [ 1.1356155395507812e+02, 1.8669471740722656e+01,
       2.8183546066284180e+00, 5.8761779785156250e+01,
       1.8386771902441978e-02, 15860479, -1 ]
   - [ 1.1502073669433594e+02, 5.7023307800292969e+01,
       2.7805037498474121e+00, 2.3245765686035156e+02,
       1.6279514878988266e-02, 14877439, -1 ]
   - [ 1.1683211517333984e+02, 1.7093109130859375e+01,
       1.8728296756744385e+00, 5.2578186035156250e+01,
       1.6606988385319710e-02, 3015167, -1 ]
   - [ 1.1894479370117188e+02, 5.4154064178466797e+01,
       2.2821693420410156e+00, 2.3332452392578125e+02,
       1.8741989508271217e-02, 590591, -1 ]
   - [ 1.1953930664062500e+02, 1.8652091979980469e+01,
       2.7755665779113770e+00, 5.2280517578125000e+01,
       1.5788493677973747e-02, 14746367, -1 ]
   - [ 1.2115950012207031e+02, 5.3880207061767578e+01,
       4.3325629234313965e+00, 2.3335571289062500e+02,
       1.9310615956783295e-02, 13566208, -1 ]
   - [ 1.2749792480468750e+02, 9.6905879974365234e+00,
       2.0708959102630615e+00, 5.6476013183593750e+01,
       1.7421627417206764e-02, 10289663, -1 ]
   - [ 1.3187939453125000e+02, 4.4952369689941406e+01,
       2.3023900985717773e+00, 2.3347415161132812e+02,
       1.9636394456028938e-02, 1245951, -1 ]
   - [ 1.3981265258789062e+02, 3.6356658935546875e+01,
       2.1351525783538818e+00, 2.3087211608886719e+02,
       1.5836417675018311e-02, 12517887, -1 ]
   - [ 1.4324275207519531e+02, 4.0016513061523438e+02,
       2.3835346698760986e+00, 2.9677334594726562e+02,
       2.3739458993077278e-02, 3736319, -1 ]
   - [ 1.6448678588867188e+02, 1.8539167404174805e+01,
       2.7713055610656738e+00, 2.3168469238281250e+02,
       1.6138285398483276e-02, 14680831, -1 ]
   - [ 1.7337625122070312e+02, 1.5832872390747070e+01,
       1.9349449872970581e+00, 2.3863865661621094e+02,
       1.5951955690979958e-02, 5374463, -1 ]
   - [ 1.7900408935546875e+02, 1.9061328887939453e+01,
       1.2349750518798828e+01, 2.3193621826171875e+02,
       1.7628911882638931e-02, 5767937, -1 ]
   - [ 1.8394752502441406e+02, 9.2110319137573242e+00,
       2.7803165912628174e+00, 2.3682997131347656e+02,
       1.7867373302578926e-02, 14877439, -1 ]
   - [ 1.9852612304687500e+02, 2.4997744750976562e+02,
       2.6116220951080322e+00, 2.7982064819335938e+02,
       1.4868818223476410e-02, 10355455, -1 ]
   - [ 2.9204318237304688e+02, 3.4358853149414062e+02,
       2.5886881351470947e+00, 3.0931408691406250e+02,
       1.4600761234760284e-02, 9765631, -1 ]
   - [ 3.0027441406250000e+02, 3.3350738525390625e+02,
       2.4706406593322754e+00, 8.7364227294921875e+01,
       1.5313579700887203e-02, 6357759, -1 ]
   - [ 3.0044332885742188e+02, 3.3950964355468750e+02,
       7.8986473083496094e+00, 2.8487124633789062e+02,
       3.2316152006387711e-02, 6881537, -1 ]
   - [ 3.0124523925781250e+02, 3.4990798950195312e+02,
       7.5613236427307129e+00, 2.8234713745117188e+02,
       1.6561318188905716e-02, 3735809, -1 ]
   - [ 3.0340731811523438e+02, 5.4877117919921875e+02,
       1.8038790225982666e+00, 2.8756094360351562e+02,
       1.5304323285818100e-02, 328191, -1 ]
   - [ 3.0994989013671875e+02, 3.4996224975585938e+02,
       2.2443439960479736e+00, 3.1265502929687500e+02,
       1.3609217479825020e-02, 16122367, -1 ]
   - [ 3.1130404663085938e+02, 3.4277276611328125e+02,
       4.0130801200866699e+00, 2.7227014160156250e+02,
       2.0280119031667709e-02, 7995648, -1 ]
   - [ 3.1323217773437500e+02, 3.4112106323242188e+02,
       2.0845794677734375e+00, 9.3581817626953125e+01,
       1.9297739490866661e-02, 10748415, -1 ]
   - [ 3.1563244628906250e+02, 3.7285238647460938e+02,
       4.6355257034301758e+00, 3.3615444946289062e+02,
       1.9466584548354149e-02, 1769984, -1 ]
   - [ 3.1742111206054688e+02, 3.3812545776367188e+02,
       2.4096472263336182e+00, 8.3491210937500000e+01,
       2.7078919112682343e-02, 4522751, -1 ]
   - [ 3.1742111206054688e+02, 3.3812545776367188e+02,
       2.4096472263336182e+00, 2.7452951049804688e+02,
       2.7078919112682343e-02, 4522751, -1 ]
   - [ 3.1816595458984375e+02, 3.6354757690429688e+02,
       2.3325207233428955e+00, 9.4752319335937500e+01,
       1.3545607216656208e-02, 2228991, -1 ]
   - [ 3.3060321044921875e+02, 3.2871948242187500e+02,
       4.5849804878234863e+00, 5.0054809570312500e+01,
       1.3931668363511562e-02, 918016, -1 ]
   - [ 3.3065838623046875e+02, 3.9534548950195312e+02,
       3.4621140956878662e+00, 3.1973907470703125e+02,
       1.8209088593721390e-02, 14025727, -1 ]
   - [ 3.3229940795898438e+02, 3.7302200317382812e+02,
       4.3076429367065430e+00, 1.1093569946289062e+02,
       1.8391590565443039e-02, 13172992, -1 ]
