%YAML:1.0
---
grayKeypoints:
   - [ 1.1239186859130859e+02, 5.8743121337890625e+02,
       2.7350490093231201e+00, 2.7391394042968750e+02,
       2.1836558356881142e-02, 13697791, -1 ]
   - [ 1.4324420166015625e+02, 2.1639463806152344e+02,
       2.1210010051727295e+00, 5.6716613769531250e+00,
       2.4882251396775246e-02, 12059135, -1 ]
   - [ 2.1308444213867188e+02, 3.8702798461914062e+02,
       4.2140669822692871e+00, 2.4776611328125000e+00,
       1.3404644094407558e-02, 11534592, -1 ]
   - [ 2.2338853454589844e+02, 3.9796218872070312e+02,
       2.8658399581909180e+00, 3.1091995239257812e+02,
       1.5897812321782112e-02, 394239, -1 ]
   - [ 2.2493516540527344e+02, 3.8837100219726562e+02,
       1.2698256492614746e+01, 2.9584756469726562e+02,
       2.9267737641930580e-02, 7799553, -1 ]
   - [ 2.3176612854003906e+02, 3.9792376708984375e+02,
       2.8765189647674561e+00, 2.6090213012695312e+02,
       1.5542684122920036e-02, 656383, -1 ]
   - [ 2.3176612854003906e+02, 3.9792376708984375e+02,
       2.8765189647674561e+00, 2.9207946777343750e+02,
       1.5542684122920036e-02, 656383, -1 ]
   - [ 2.3217077636718750e+02, 4.1181140136718750e+02,
       1.5326205253601074e+01, 3.1151449584960938e+02,
       1.7281178385019302e-02, 4653314, -1 ]
   - [ 2.3299302673339844e+02, 3.7420831298828125e+02,
       6.3797798156738281e+00, 5.9078582763671875e+01,
       2.2583158686757088e-02, 8127232, -1 ]
   - [ 2.3357344055175781e+02, 4.1051791381835938e+02,
       1.3682805061340332e+01, 2.9449331665039062e+02,
       1.7564808949828148e-02, 13173505, -1 ]
   - [ 2.3824330139160156e+02, 3.8158782958984375e+02,
       7.3251643180847168e+00, 6.9712036132812500e+01,
       3.8068842142820358e-02, 1442049, -1 ]
   - [ 2.3835754394531250e+02, 3.8975930786132812e+02,
       5.2754549980163574e+00, 8.2484680175781250e+01,
       1.5303301624953747e-02, 11076096, -1 ]
   - [ 2.3910252380371094e+02, 3.7761578369140625e+02,
       2.6278877258300781e+00, 2.4237921142578125e+02,
       1.7244776710867882e-02, 10814207, -1 ]
   - [ 2.4100985717773438e+02, 4.0370013427734375e+02,
       2.0243592262268066e+00, 3.0924298095703125e+02,
       1.3581263832747936e-02, 8651263, -1 ]
   - [ 2.4210723876953125e+02, 3.9820700073242188e+02,
       2.2099022865295410e+00, 2.5998565673828125e+02,
       1.5531419776380062e-02, 15008255, -1 ]
   - [ 2.4489170837402344e+02, 3.8088961791992188e+02,
       2.7701544761657715e+00, 5.3680755615234375e+01,
       1.7628166824579239e-02, 14615295, -1 ]
   - [ 2.4552754211425781e+02, 3.7438995361328125e+02,
       3.0301730632781982e+00, 2.6734625244140625e+02,
       1.5873100608587265e-02, 4391935, -1 ]
   - [ 2.5497227478027344e+02, 4.2725955200195312e+02,
       5.2692966461181641e+00, 2.7136651611328125e+02,
       1.8832881003618240e-02, 11010560, -1 ]
   - [ 2.5572430419921875e+02, 3.1686260986328125e+02,
       2.9222619533538818e+00, 1.0060485839843750e+01,
       1.3619339093565941e-02, 1770495, -1 ]
   - [ 2.5599375915527344e+02, 4.3746536254882812e+02,
       6.3252539634704590e+00, 8.4550201416015625e+01,
       1.8607847392559052e-02, 7537408, -1 ]
   - [ 2.5599375915527344e+02, 4.3746536254882812e+02,
       6.3252539634704590e+00, 2.9139691162109375e+02,
       1.8607847392559052e-02, 7537408, -1 ]
   - [ 2.5781982421875000e+02, 3.9070626831054688e+02,
       3.8429515838623047e+01, 3.2352355957031250e+02,
       2.3686578497290611e-02, 4325891, -1 ]
   - [ 2.6041677856445312e+02, 4.1267205810546875e+02,
       1.5994493484497070e+01, 3.1853918457031250e+02,
       1.5553819946944714e-02, 7733506, -1 ]
   - [ 2.6292782592773438e+02, 3.7740533447265625e+02,
       1.6884466171264648e+01, 1.3932655334472656e+02,
       1.7512850463390350e-02, 11665666, -1 ]
   - [ 2.6305480957031250e+02, 4.4030969238281250e+02,
       2.7004594802856445e+00, 2.8217941284179688e+02,
       1.5517512336373329e-02, 12780287, -1 ]
   - [ 2.6500891113281250e+02, 4.4649658203125000e+02,
       5.3642234802246094e+00, 3.2796115112304688e+02,
       2.2397354245185852e-02, 12321280, -1 ]
   - [ 2.6593103027343750e+02, 3.6133459472656250e+02,
       6.4996986389160156e+00, 9.8861724853515625e+01,
       1.4576260931789875e-02, 9503488, -1 ]
   - [ 2.7162261962890625e+02, 3.7930334472656250e+02,
       2.9591987133026123e+00, 1.9113766479492188e+02,
       1.6951773315668106e-02, 2687999, -1 ]
   - [ 2.7368658447265625e+02, 3.8261364746093750e+02,
       2.5027892589569092e+00, 5.9803436279296875e+01,
       1.4950164593756199e-02, 7275263, -1 ]
   - [ 2.7429309082031250e+02, 4.2311828613281250e+02,
       2.3042781352996826e+00, 2.6656655883789062e+02,
       1.4776091091334820e-02, 1311487, -1 ]
   - [ 2.7475482177734375e+02, 4.2074856567382812e+02,
       5.5106577873229980e+00, 2.6374542236328125e+02,
       1.3554242439568043e-02, 14221824, -1 ]
   - [ 2.7787533569335938e+02, 3.2696652221679688e+02,
       8.9624538421630859e+00, 2.5954672241210938e+02,
       1.4034391380846500e-02, 15991041, -1 ]
   - [ 2.7897607421875000e+02, 3.6886679077148438e+02,
       2.4222760200500488e+00, 1.3874594116210938e+02,
       1.4716002158820629e-02, 4915967, -1 ]
   - [ 2.7916662597656250e+02, 4.5817605590820312e+02,
       2.9801330566406250e+00, 3.1764056396484375e+02,
       3.4506142139434814e-02, 3212287, -1 ]
   - [ 2.7929809570312500e+02, 4.6278631591796875e+02,
       2.0170524120330811e+00, 3.1715332031250000e+02,
       2.7839427813887596e-02, 8389119, -1 ]
   - [ 2.8103509521484375e+02, 3.0808856201171875e+02,
       4.2531294822692871e+00, 8.5775421142578125e+01,
       1.5070141293108463e-02, 12189952, -1 ]
   - [ 2.8144393920898438e+02, 3.6605703735351562e+02,
       2.5310411453247070e+00, 1.3782594299316406e+02,
       2.1441595628857613e-02, 8127231, -1 ]
   - [ 2.8144393920898438e+02, 3.6605703735351562e+02,
       2.5310411453247070e+00, 2.6609011840820312e+02,
       2.1441595628857613e-02, 8127231, -1 ]
   - [ 2.8191494750976562e+02, 4.4680975341796875e+02,
       1.7639015197753906e+01, 3.2189456176757812e+02,
       3.3506061881780624e-02, 14811394, -1 ]
   - [ 2.8428009033203125e+02, 4.6343109130859375e+02,
       3.3350658416748047e+00, 3.1932705688476562e+02,
       3.1098511070013046e-02, 11338751, -1 ]
   - [ 2.8539279174804688e+02, 3.6699047851562500e+02,
       6.6597566604614258e+00, 1.3798202514648438e+02,
       1.8251311033964157e-02, 11207424, -1 ]
   - [ 2.8615872192382812e+02, 3.1745312500000000e+02,
       3.2032554149627686e+00, 1.0695455932617188e+02,
       1.8194628879427910e-02, 8455167, -1 ]
   - [ 2.8615872192382812e+02, 3.1745312500000000e+02,
       3.2032554149627686e+00, 2.6285437011718750e+02,
       1.8194628879427910e-02, 8455167, -1 ]
   - [ 2.8809094238281250e+02, 3.1400527954101562e+02,
       2.6358971595764160e+00, 9.9751770019531250e+01,
       1.8699655309319496e-02, 11010815, -1 ]
   - [ 2.8987603759765625e+02, 3.0712670898437500e+02,
       4.5404877662658691e+00, 8.8528198242187500e+01,
       1.7894836142659187e-02, 262656, -1 ]
   - [ 2.9026223754882812e+02, 3.6204110717773438e+02,
       3.3398213386535645e+00, 2.5299458312988281e+02,
       1.3474253006279469e-02, 11469823, -1 ]
   - [ 2.9137707519531250e+02, 4.7509973144531250e+02,
       1.8896229267120361e+00, 3.1099221801757812e+02,
       2.5177488103508949e-02, 3670527, -1 ]
   - [ 2.9343301391601562e+02, 3.8384439086914062e+02,
       7.8494834899902344e+00, 9.8767822265625000e+01,
       1.8365683034062386e-02, 6422785, -1 ]
   - [ 2.9454693603515625e+02, 4.3752459716796875e+02,
       3.3395907878875732e+00, 9.2761108398437500e+01,
       2.4539800360798836e-02, 11469823, -1 ]
   - [ 2.9484585571289062e+02, 4.2840875244140625e+02,
       1.1969302177429199e+01, 9.1696441650390625e+01,
       3.4879118204116821e-02, 3474177, -1 ]
   - [ 2.9511492919921875e+02, 4.7392837524414062e+02,
       4.0390987396240234e+00, 3.1016119384765625e+02,
       2.6178356260061264e-02, 8519936, -1 ]
