%YAML:1.0
---
grayKeypoints:
   - [ 9.3808403015136719e+00, 1.7312046051025391e+01,
       5.2539258003234863e+00, 2.5933792114257812e+02,
       1.7338650301098824e-02, 10813952, -1 ]
   - [ 3.8610023498535156e+01, 8.1006650924682617e+00,
       2.1370887756347656e+00, 2.5614166259765625e+02,
       1.6284814104437828e-02, 12583423, -1 ]
   - [ 8.2356101989746094e+01, 4.8241519165039062e+02,
       2.2074825763702393e+00, 2.4980323791503906e+02,
       1.3731063343584538e-02, 14942719, -1 ]
   - [ 1.2432080841064453e+02, 5.5690008544921875e+02,
       1.8728609085083008e+00, 9.6077117919921875e+01,
       1.4078803360462189e-02, 3015167, -1 ]
   - [ 1.4704608154296875e+02, 7.0181964111328125e+02,
       2.1132893562316895e+00, 2.4393530273437500e+02,
       1.7061151564121246e-02, 11796991, -1 ]
   - [ 1.6647885131835938e+02, 7.9195892333984375e+02,
       1.8686813116073608e+00, 1.1714434814453125e+02,
       2.8204472735524178e-02, 2884095, -1 ]
   - [ 1.6647885131835938e+02, 7.9195892333984375e+02,
       1.8686813116073608e+00, 2.6573632812500000e+02,
       2.8204472735524178e-02, 2884095, -1 ]
   - [ 2.4881883239746094e+02, 7.8187194824218750e+02,
       4.8983902931213379e+00, 1.3191627502441406e+02,
       1.6102740541100502e-02, 5702144, -1 ]
   - [ 2.4881883239746094e+02, 7.8187194824218750e+02,
       4.8983902931213379e+00, 3.2927728271484375e+02,
       1.6102740541100502e-02, 5702144, -1 ]
   - [ 2.4962901306152344e+02, 7.8407989501953125e+02,
       1.9887205362319946e+00, 1.0944129943847656e+02,
       1.7264245077967644e-02, 7406079, -1 ]
   - [ 2.4962901306152344e+02, 7.8407989501953125e+02,
       1.9887205362319946e+00, 1.6502081298828125e+02,
       1.7264245077967644e-02, 7406079, -1 ]
   - [ 2.4962901306152344e+02, 7.8407989501953125e+02,
       1.9887205362319946e+00, 3.3357800292968750e+02,
       1.7264245077967644e-02, 7406079, -1 ]
   - [ 2.6949548339843750e+02, 8.5630822753906250e+02,
       2.2868213653564453e+00, 2.5556054687500000e+02,
       4.2738296091556549e-02, 787199, -1 ]
   - [ 3.5124945068359375e+02, 1.1755929565429688e+02,
       5.1594743728637695e+00, 2.0759078979492188e+02,
       1.6266176477074623e-02, 9503232, -1 ]
   - [ 3.5180697631835938e+02, 1.0158453369140625e+02,
       4.6122775077819824e+00, 2.2973611450195312e+02,
       2.3866999894380569e-02, 1376768, -1 ]
   - [ 3.5546624755859375e+02, 1.0909528350830078e+02,
       5.0923285484313965e+00, 2.2769093322753906e+02,
       2.3499406874179840e-02, 8520192, -1 ]
   - [ 3.5563604736328125e+02, 1.2723262023925781e+02,
       3.3578274250030518e+00, 4.3030364990234375e+01,
       2.0512305200099945e-02, 11863039, -1 ]
   - [ 3.5563604736328125e+02, 1.2723262023925781e+02,
       3.3578274250030518e+00, 1.8418124389648438e+02,
       2.0512305200099945e-02, 11863039, -1 ]
   - [ 3.5574841308593750e+02, 8.3440231323242188e+01,
       2.1834867000579834e+00, 7.8649017333984375e+01,
       1.4664565213024616e-02, 14156287, -1 ]
   - [ 3.5595605468750000e+02, 1.2489181518554688e+02,
       5.0431337356567383e+00, 2.0430905151367188e+02,
       2.0307879894971848e-02, 7864832, -1 ]
   - [ 3.5610256958007812e+02, 1.1392713928222656e+02,
       1.8992925882339478e+00, 6.4169311523437500e+01,
       1.5903776511549950e-02, 4063743, -1 ]
   - [ 3.5754763793945312e+02, 9.4070327758789062e+01,
       4.6128230094909668e+00, 2.2461271667480469e+02,
       2.3209741339087486e-02, 1376768, -1 ]
   - [ 3.5770312500000000e+02, 8.6113777160644531e+01,
       3.7333106994628906e+00, 2.2820758056640625e+02,
       2.0812254399061203e-02, 2818304, -1 ]
   - [ 3.5789578247070312e+02, 1.0948374176025391e+02,
       1.8380602598190308e+00, 6.9713165283203125e+01,
       1.8929649144411087e-02, 1704447, -1 ]
   - [ 3.5820428466796875e+02, 8.5673904418945312e+01,
       3.1794059276580811e+00, 9.7021667480468750e+01,
       2.0866183564066887e-02, 7865343, -1 ]
   - [ 3.5820428466796875e+02, 8.5673904418945312e+01,
       3.1794059276580811e+00, 2.2849394226074219e+02,
       2.0866183564066887e-02, 7865343, -1 ]
   - [ 3.5926016235351562e+02, 6.9031700134277344e+01,
       2.3552596569061279e+00, 4.1332366943359375e+01,
       1.6129573807120323e-02, 2884351, -1 ]
   - [ 3.5962658691406250e+02, 1.2685135650634766e+02,
       2.3917129039764404e+00, 3.6410217285156250e+01,
       1.8685869872570038e-02, 3998463, -1 ]
   - [ 3.5986703491210938e+02, 9.8459045410156250e+01,
       3.4134156703948975e+00, 8.3261840820312500e+01,
       2.4068089202046394e-02, 13042687, -1 ]
   - [ 3.5986703491210938e+02, 9.8459045410156250e+01,
       3.4134156703948975e+00, 2.3091928100585938e+02,
       2.4068089202046394e-02, 13042687, -1 ]
   - [ 3.6097979736328125e+02, 1.0713172912597656e+02,
       1.9775867462158203e+00, 2.3663825988769531e+02,
       1.5571833588182926e-02, 6947327, -1 ]
   - [ 3.6280148315429688e+02, 1.3947676086425781e+02,
       2.4421088695526123e+00, 1.0403604125976562e+02,
       2.0002566277980804e-02, 5505791, -1 ]
   - [ 3.6369967651367188e+02, 7.9321647644042969e+01,
       4.8703064918518066e+00, 2.4932531738281250e+02,
       2.5210464373230934e-02, 5308928, -1 ]
   - [ 3.6393313598632812e+02, 1.0782818603515625e+02,
       1.0551061630249023e+01, 7.3999023437500000e-01,
       2.1944457665085793e-02, 11076097, -1 ]
   - [ 3.6393313598632812e+02, 1.0782818603515625e+02,
       1.0551061630249023e+01, 2.0377796936035156e+02,
       2.1944457665085793e-02, 11076097, -1 ]
   - [ 3.6608615112304688e+02, 8.4042915344238281e+01,
       3.7411553859710693e+00, 2.3368673706054688e+02,
       2.0746612921357155e-02, 2949376, -1 ]
   - [ 3.6668814086914062e+02, 9.4532928466796875e+01,
       3.1573801040649414e+00, 7.2262847900390625e+01,
       1.7725406214594841e-02, 7406591, -1 ]
   - [ 3.6728237915039062e+02, 5.8532043457031250e+01,
       3.0581924915313721e+00, 3.7499725341796875e+01,
       1.3578448444604874e-02, 5047295, -1 ]
   - [ 3.6892111206054688e+02, 9.0451606750488281e+01,
       1.8688497543334961e+00, 8.1161621093750000e+01,
       1.6888583078980446e-02, 2884095, -1 ]
   - [ 3.7235153198242188e+02, 8.4949600219726562e+01,
       1.3240790367126465e+01, 2.3531036376953125e+02,
       2.5215378031134605e-02, 10814209, -1 ]
   - [ 3.7286526489257812e+02, 7.1856903076171875e+01,
       3.9445958137512207e+00, 2.5032026672363281e+02,
       2.2499442100524902e-02, 6750464, -1 ]
   - [ 3.7291818237304688e+02, 1.4864689636230469e+02,
       6.6014914512634277e+00, 1.2106492614746094e+02,
       2.0907523110508919e-02, 10617600, -1 ]
   - [ 3.7323321533203125e+02, 5.9585617065429688e+01,
       5.9178547859191895e+00, 2.4889282226562500e+02,
       2.7860112488269806e-02, 2687744, -1 ]
   - [ 3.7392831420898438e+02, 1.4645436096191406e+02,
       1.0399022102355957e+01, 1.4974617004394531e+02,
       2.0326387137174606e-02, 10027521, -1 ]
   - [ 3.7392831420898438e+02, 1.4645436096191406e+02,
       1.0399022102355957e+01, 3.2546670532226562e+02,
       2.0326387137174606e-02, 10027521, -1 ]
   - [ 3.7443264770507812e+02, 8.9210510253906250e+01,
       7.0366935729980469e+00, 7.8698425292968750e+00,
       2.3784346878528595e-02, 15205120, -1 ]
   - [ 3.7555102539062500e+02, 1.2602719116210938e+02,
       3.1037230491638184e+00, 3.3555596923828125e+02,
       1.4154953882098198e-02, 6161407, -1 ]
   - [ 3.7579263305664062e+02, 6.6862312316894531e+01,
       4.2747545242309570e+00, 2.5907556152343750e+02,
       2.4325199425220490e-02, 12583168, -1 ]
   - [ 3.7593560791015625e+02, 9.9928520202636719e+01,
       6.3863949775695801e+00, 8.1954956054687500e-01,
       1.3776112347841263e-02, 8192768, -1 ]
   - [ 3.7600512695312500e+02, 7.9108673095703125e+01,
       6.4280853271484375e+00, 2.4736911010742188e+02,
       2.1930767223238945e-02, 8651520, -1 ]
   - [ 3.7610586547851562e+02, 9.2328666687011719e+01,
       3.3313624858856201e+00, 5.7975952148437500e+01,
       2.1205237135291100e-02, 11273215, -1 ]
