%YAML:1.0
---
grayKeypoints:
   - [ 1.5932000732421875e+02, 5.8495849609375000e+02,
       2.2932381629943848e+00, 2.7316503906250000e+02,
       1.4140046201646328e-02, 983807, -1 ]
   - [ 1.6312448120117188e+02, 5.8246319580078125e+02,
       1.9593960046768188e+00, 2.6897201538085938e+02,
       2.7337778359651566e-02, 6291967, -1 ]
   - [ 1.7694720458984375e+02, 2.1892950439453125e+02,
       2.2702481746673584e+00, 1.0245693969726562e+02,
       1.7743790522217751e-02, 262911, -1 ]
   - [ 1.7694720458984375e+02, 2.1892950439453125e+02,
       2.2702481746673584e+00, 2.3285293579101562e+02,
       1.7743790522217751e-02, 262911, -1 ]
   - [ 2.5499409484863281e+02, 3.8549911499023438e+02,
       1.2507036209106445e+01, 2.9614498901367188e+02,
       2.8650078922510147e-02, 6685441, -1 ]
   - [ 2.6111672973632812e+02, 3.9418572998046875e+02,
       3.1201386451721191e+00, 2.7944467163085938e+02,
       1.3456271961331367e-02, 6554623, -1 ]
   - [ 2.6229748535156250e+02, 4.0609890747070312e+02,
       1.2456828117370605e+01, 2.9462127685546875e+02,
       1.8918713554739952e-02, 6423297, -1 ]
   - [ 2.6740130615234375e+02, 3.7856335449218750e+02,
       6.9960923194885254e+00, 7.1793945312500000e+01,
       3.7828288972377777e-02, 14811904, -1 ]
   - [ 2.6765222167968750e+02, 3.7455865478515625e+02,
       2.0813746452331543e+00, 2.3878933715820312e+02,
       1.6155961900949478e-02, 10682879, -1 ]
   - [ 2.6790515136718750e+02, 3.7830587768554688e+02,
       7.2240176200866699e+00, 6.2038848876953125e+01,
       3.7571471184492111e-02, 393473, -1 ]
   - [ 2.8448138427734375e+02, 4.3253729248046875e+02,
       5.8394861221313477e+00, 3.0720883178710938e+02,
       1.7098469659686089e-02, 1704704, -1 ]
   - [ 2.8523855590820312e+02, 3.8703421020507812e+02,
       3.6392425537109375e+01, 3.2818533325195312e+02,
       2.3382415995001793e-02, 393731, -1 ]
   - [ 2.8621334838867188e+02, 4.0962026977539062e+02,
       1.3816649436950684e+01, 2.8394445800781250e+02,
       1.5966853126883507e-02, 13894401, -1 ]
   - [ 2.8621334838867188e+02, 4.0962026977539062e+02,
       1.3816649436950684e+01, 3.2582125854492188e+02,
       1.5966853126883507e-02, 13894401, -1 ]
   - [ 2.8758636474609375e+02, 4.0833477783203125e+02,
       1.5117019653320312e+01, 3.1608911132812500e+02,
       1.5635991469025612e-02, 3670274, -1 ]
   - [ 2.9014483642578125e+02, 3.1239929199218750e+02,
       1.1136492729187012e+01, 7.7597839355468750e+01,
       2.2075843065977097e-02, 15008257, -1 ]
   - [ 2.9052420043945312e+02, 4.3891165161132812e+02,
       3.1592862606048584e+00, 3.2363626098632812e+02,
       2.0076278597116470e-02, 7406591, -1 ]
   - [ 2.9056906127929688e+02, 3.7352978515625000e+02,
       1.6004190444946289e+01, 1.3808471679687500e+02,
       1.7591390758752823e-02, 7799042, -1 ]
   - [ 2.9093667602539062e+02, 4.3969534301757812e+02,
       3.8866348266601562e+00, 3.2694406127929688e+02,
       1.9769662991166115e-02, 5701888, -1 ]
   - [ 2.9133801269531250e+02, 3.5792312622070312e+02,
       7.3800606727600098e+00, 9.6760070800781250e+01,
       1.4148323796689510e-02, 1966337, -1 ]
   - [ 2.9327185058593750e+02, 3.2160333251953125e+02,
       5.8794627189636230e+00, 2.5889587402343750e+02,
       1.3824849389493465e-02, 2228992, -1 ]
   - [ 2.9389184570312500e+02, 3.0460620117187500e+02,
       2.3492329120635986e+00, 8.1868713378906250e+01,
       1.3511931523680687e-02, 2687743, -1 ]
   - [ 2.9692883300781250e+02, 4.2390130615234375e+02,
       8.9572525024414062e+00, 7.4223266601562500e+01,
       2.7233403176069260e-02, 15991041, -1 ]
   - [ 2.9692883300781250e+02, 4.2390130615234375e+02,
       8.9572525024414062e+00, 2.6965066528320312e+02,
       2.7233403176069260e-02, 15991041, -1 ]
   - [ 2.9936267089843750e+02, 3.7473544311523438e+02,
       3.1157102584838867e+00, 1.9316917419433594e+02,
       1.3345516286790371e-02, 6423551, -1 ]
   - [ 2.9936267089843750e+02, 3.7473544311523438e+02,
       3.1157102584838867e+00, 2.3825491333007812e+02,
       1.3345516286790371e-02, 6423551, -1 ]
   - [ 3.0145062255859375e+02, 4.1734680175781250e+02,
       3.4003398418426514e+00, 2.6755664062500000e+02,
       1.4373393729329109e-02, 12780543, -1 ]
   - [ 3.0198660278320312e+02, 4.1599340820312500e+02,
       5.1520457267761230e+00, 2.6504962158203125e+02,
       1.4489056542515755e-02, 9372160, -1 ]
   - [ 3.0212829589843750e+02, 3.2279772949218750e+02,
       8.0793752670288086e+00, 2.5938388061523438e+02,
       1.3970478437840939e-02, 8519937, -1 ]
   - [ 3.0315509033203125e+02, 4.5936807250976562e+02,
       6.5848717689514160e+00, 3.1553027343750000e+02,
       2.2691596299409866e-02, 10420992, -1 ]
   - [ 3.0425640869140625e+02, 3.0487539672851562e+02,
       4.1350984573364258e+00, 8.1313385009765625e+01,
       1.5796165913343430e-02, 10158336, -1 ]
   - [ 3.0468286132812500e+02, 4.5165814208984375e+02,
       3.9190146923065186e+00, 3.1535601806640625e+02,
       2.9312210157513618e-02, 6291712, -1 ]
   - [ 3.0784216308593750e+02, 4.4143334960937500e+02,
       1.7560171127319336e+01, 3.1991186523437500e+02,
       3.3440671861171722e-02, 14483714, -1 ]
   - [ 3.0853976440429688e+02, 3.6202746582031250e+02,
       2.6585662364959717e+00, 1.2629609680175781e+02,
       1.7431031912565231e-02, 11666175, -1 ]
   - [ 3.0853976440429688e+02, 3.6202746582031250e+02,
       2.6585662364959717e+00, 2.5837594604492188e+02,
       1.7431031912565231e-02, 11666175, -1 ]
   - [ 3.0999697875976562e+02, 4.5717837524414062e+02,
       3.8062133789062500e+00, 3.1844458007812500e+02,
       2.6766667142510414e-02, 4194560, -1 ]
   - [ 3.1191555786132812e+02, 3.6264993286132812e+02,
       5.9209122657775879e+00, 8.1550262451171875e+01,
       1.9251927733421326e-02, 2753280, -1 ]
   - [ 3.1191555786132812e+02, 3.6264993286132812e+02,
       5.9209122657775879e+00, 1.3296353149414062e+02,
       1.9251927733421326e-02, 2753280, -1 ]
   - [ 3.1260409545898438e+02, 1.7860926818847656e+02,
       2.4232909679412842e+00, 9.7021881103515625e+01,
       2.1529559046030045e-02, 4981503, -1 ]
   - [ 3.1260409545898438e+02, 1.7860926818847656e+02,
       2.4232909679412842e+00, 2.9094891357421875e+02,
       2.1529559046030045e-02, 4981503, -1 ]
   - [ 3.1405880737304688e+02, 3.3298681640625000e+02,
       1.0311549186706543e+01, 1.5027687072753906e+02,
       1.3371911831200123e-02, 9437697, -1 ]
   - [ 3.1560940551757812e+02, 3.5803805541992188e+02,
       3.0564067363739014e+00, 2.5519465637207031e+02,
       1.4907282777130604e-02, 5047295, -1 ]
   - [ 3.2020446777343750e+02, 3.7954138183593750e+02,
       7.5922570228576660e+00, 9.7096221923828125e+01,
       1.8797138705849648e-02, 3997953, -1 ]
   - [ 3.2096514892578125e+02, 4.1845520019531250e+02,
       2.9739050865173340e+00, 2.5981521606445312e+02,
       1.7890626564621925e-02, 3081215, -1 ]
   - [ 3.2196530151367188e+02, 1.0289507865905762e+01,
       8.1119565963745117e+00, 3.3150933837890625e+02,
       1.6017448157072067e-02, 8782081, -1 ]
   - [ 3.2258578491210938e+02, 4.2283715820312500e+02,
       1.2543611526489258e+01, 9.1698455810546875e+01,
       3.4958794713020325e-02, 6882049, -1 ]
   - [ 3.2320965576171875e+02, 3.6843109130859375e+02,
       6.4298982620239258e+00, 8.8477996826171875e+01,
       2.9667027294635773e-02, 8717056, -1 ]
   - [ 3.2502197265625000e+02, 4.7608270263671875e+02,
       2.2199254035949707e+00, 3.0937719726562500e+02,
       2.0809700712561607e-02, 15335935, -1 ]
   - [ 3.2631671142578125e+02, 4.7959277343750000e+02,
       5.3714938163757324e+00, 3.0942993164062500e+02,
       2.2093633189797401e-02, 12386816, -1 ]
   - [ 3.2702758789062500e+02, 3.8767474365234375e+02,
       5.7222213745117188e+00, 9.2897216796875000e+01,
       2.2961093112826347e-02, 262912, -1 ]
   - [ 3.2897991943359375e+02, 3.6298718261718750e+02,
       3.0856711864471436e+00, 1.2071487426757812e+02,
       1.3911994174122810e-02, 5702655, -1 ]
   - [ 3.3139529418945312e+02, 4.7668576049804688e+02,
