%YAML:1.0
---
grayKeypoints:
   - [ 3.1823794841766357e+00, 1.5724443054199219e+02,
       2.1523113250732422e+00, 2.3326812744140625e+02,
       1.9566895440220833e-02, 13107711, -1 ]
   - [ 1.1201806068420410e+01, 1.5457598876953125e+02,
       7.3092918395996094e+00, 2.3299551391601562e+02,
       2.0623221993446350e-02, 1245441, -1 ]
   - [ 1.8887042999267578e+01, 9.5785072326660156e+01,
       6.8898138999938965e+00, 4.9771789550781250e+01,
       1.7812410369515419e-02, 13697792, -1 ]
   - [ 2.3156816482543945e+01, 1.4070959472656250e+02,
       2.1359455585479736e+00, 2.3122549438476562e+02,
       2.3187940940260887e-02, 12517887, -1 ]
   - [ 2.9978437423706055e+01, 1.3519567871093750e+02,
       2.7559888362884521e+00, 2.3045071411132812e+02,
       1.8991997465491295e-02, 14287615, -1 ]
   - [ 3.5246780395507812e+01, 1.3390672302246094e+02,
       6.4550065994262695e+00, 2.3025210571289062e+02,
       1.9381526857614517e-02, 8979200, -1 ]
   - [ 4.6372238159179688e+01, 1.2287091064453125e+02,
       3.8651299476623535e+00, 2.2996942138671875e+02,
       2.0277613773941994e-02, 5308672, -1 ]
   - [ 6.2423118591308594e+01, 1.0905047607421875e+02,
       2.3706181049346924e+00, 2.2973089599609375e+02,
       1.8486691638827324e-02, 3343103, -1 ]
   - [ 9.9576301574707031e+01, 7.8020286560058594e+01,
       2.0704610347747803e+00, 2.3025727844238281e+02,
       1.7914721742272377e-02, 10289663, -1 ]
   - [ 9.9949584960937500e+01, 7.9223098754882812e+01,
       4.2383289337158203e+00, 2.2984632873535156e+02,
       1.7354803159832954e-02, 11993344, -1 ]
   - [ 9.9989280700683594e+01, 4.9004409790039062e+02,
       1.9168118238449097e+00, 3.0336520385742188e+02,
       1.9125139340758324e-02, 4719103, -1 ]
   - [ 1.0318452453613281e+02, 4.9230731201171875e+02,
       2.1238968372344971e+00, 2.8880523681640625e+02,
       1.5078894793987274e-02, 12124671, -1 ]
   - [ 1.0411424255371094e+02, 4.8965188598632812e+02,
       2.0233018398284912e+00, 2.9384680175781250e+02,
       2.9080428183078766e-02, 8651263, -1 ]
   - [ 1.1244797515869141e+02, 2.1260124206542969e+01,
       8.0542478561401367e+00, 4.9977966308593750e+01,
       1.7755208536982536e-02, 8257793, -1 ]
   - [ 1.2056070709228516e+02, 6.2118930816650391e+01,
       3.4855389595031738e+00, 2.3112408447265625e+02,
       1.9638104364275932e-02, 14550015, -1 ]
   - [ 1.4386061096191406e+02, 4.6605651855468750e+01,
       8.3284711837768555e+00, 2.3004530334472656e+02,
       2.0965212956070900e-02, 10682625, -1 ]
   - [ 1.5468489074707031e+02, 3.5044158935546875e+01,
       4.8110256195068359e+00, 2.3041726684570312e+02,
       2.0000115036964417e-02, 4456960, -1 ]
   - [ 1.6487138366699219e+02, 2.5076927185058594e+01,
       1.9934896230697632e+00, 2.3055065917968750e+02,
       1.6689397394657135e-02, 7537151, -1 ]
   - [ 1.7424136352539062e+02, 1.8666267395019531e+01,
       3.9126040935516357e+00, 2.2992158508300781e+02,
       1.7236568033695221e-02, 6160640, -1 ]
   - [ 1.8795658874511719e+02, 8.2795982360839844e+00,
       5.1367969512939453e+00, 2.2931632995605469e+02,
       1.7844961956143379e-02, 9175552, -1 ]
   - [ 2.5403598022460938e+02, 4.2648049926757812e+02,
       2.7068259716033936e+00, 3.1393780517578125e+02,
       1.4820046722888947e-02, 12976895, -1 ]
   - [ 2.6103915405273438e+02, 4.1390560913085938e+02,
       2.1895034313201904e+00, 7.8653625488281250e+01,
       1.3509218581020832e-02, 14352895, -1 ]
   - [ 2.6208010864257812e+02, 4.2121984863281250e+02,
       8.9299030303955078e+00, 2.8403128051757812e+02,
       3.3686894923448563e-02, 15728897, -1 ]
   - [ 2.6626333618164062e+02, 4.2629321289062500e+02,
       1.9710346460342407e+00, 2.5520092773437500e+02,
       1.6420368105173111e-02, 6750719, -1 ]
   - [ 2.6786395263671875e+02, 4.3252581787109375e+02,
       6.2723994255065918e+00, 2.8479837036132812e+02,
       1.6724545508623123e-02, 6882048, -1 ]
   - [ 2.6906427001953125e+02, 4.2951376342773438e+02,
       3.4563350677490234e+00, 2.7056262207031250e+02,
       1.3911312445998192e-02, 13960191, -1 ]
   - [ 2.7190802001953125e+02, 4.1920129394531250e+02,
       2.6445181369781494e+00, 9.2489593505859375e+01,
       4.0550611913204193e-02, 11272959, -1 ]
   - [ 2.7190802001953125e+02, 4.1920129394531250e+02,
       2.6445181369781494e+00, 2.5032983398437500e+02,
       4.0550611913204193e-02, 11272959, -1 ]
   - [ 2.7308795166015625e+02, 4.3324679565429688e+02,
       1.9680699110031128e+00, 3.1436260986328125e+02,
       1.7137050628662109e-02, 6619647, -1 ]
   - [ 2.7469070434570312e+02, 4.2475656127929688e+02,
       5.3189492225646973e+00, 2.8690298461914062e+02,
       1.9989486783742905e-02, 11665920, -1 ]
   - [ 2.7886010742187500e+02, 4.7060629272460938e+02,
       2.4390888214111328e+00, 1.0290103149414062e+02,
       4.0101379156112671e-02, 5440255, -1 ]
   - [ 2.7912454223632812e+02, 4.5274197387695312e+02,
       3.9507389068603516e+00, 2.7186764526367188e+02,
       2.4998368695378304e-02, 6881536, -1 ]
   - [ 2.8034188842773438e+02, 4.8314602661132812e+02,
       2.0327851772308350e+00, 3.2959826660156250e+02,
       1.8132992088794708e-02, 8978943, -1 ]
   - [ 2.8062234497070312e+02, 4.6764248657226562e+02,
       2.5087125301361084e+00, 1.0026425170898438e+02,
       1.4668110758066177e-02, 7471871, -1 ]
   - [ 2.8270959472656250e+02, 4.5741979980468750e+02,
       2.3672952651977539e+00, 2.7379071044921875e+02,
       1.5015029348433018e-02, 3277567, -1 ]
   - [ 2.8334857177734375e+02, 4.1377975463867188e+02,
       2.9442429542541504e+00, 8.3068603515625000e+01,
       2.5017958134412766e-02, 2360319, -1 ]
   - [ 2.8383200073242188e+02, 4.8812042236328125e+02,
       1.9989622831344604e+00, 3.2136251831054688e+02,
       2.2038169205188751e-02, 7733759, -1 ]
   - [ 2.8481176757812500e+02, 4.4697567749023438e+02,
       2.3303382396697998e+00, 1.0049346923828125e+02,
       1.4525949023663998e-02, 2097919, -1 ]
   - [ 2.8495126342773438e+02, 4.0713519287109375e+02,
       6.1851630210876465e+00, 5.5713165283203125e+01,
       1.5596351586282253e-02, 5899008, -1 ]
   - [ 2.8594390869140625e+02, 4.9267770385742188e+02,
       3.6155064105987549e+00, 3.1972546386718750e+02,
       2.1881289780139923e-02, 459008, -1 ]
   - [ 2.8643161010742188e+02, 4.9279302978515625e+02,
       3.1939940452575684e+00, 3.1996264648437500e+02,
       2.2228166460990906e-02, 8193023, -1 ]
   - [ 2.8673208618164062e+02, 4.6400720214843750e+02,
       8.7693881988525391e+00, 1.0597174072265625e+02,
       2.0009094849228859e-02, 14418177, -1 ]
   - [ 2.8739639282226562e+02, 4.5536730957031250e+02,
       2.2255132198333740e+00, 2.7912921142578125e+02,
       2.9868265613913536e-02, 15532543, -1 ]
   - [ 2.8916998291015625e+02, 4.5822329711914062e+02,
       1.8725913763046265e+00, 2.8066470336914062e+02,
       1.7114132642745972e-02, 3015167, -1 ]
   - [ 2.8977569580078125e+02, 4.0523986816406250e+02,
       2.3451416492462158e+00, 3.9486877441406250e+01,
       1.3555302284657955e-02, 2556671, -1 ]
   - [ 2.8988543701171875e+02, 4.9660906982421875e+02,
       2.5620219707489014e+00, 3.1987319946289062e+02,
       1.9302653148770332e-02, 8979199, -1 ]
   - [ 2.9032284545898438e+02, 4.9159805297851562e+02,
       3.2991559505462646e+00, 3.2008276367187500e+02,
       2.5546355172991753e-02, 10552319, -1 ]
   - [ 2.9423474121093750e+02, 5.0242282104492188e+02,
       3.3556523323059082e+00, 3.1151791381835938e+02,
       2.1835125982761383e-02, 11797503, -1 ]
   - [ 2.9772036743164062e+02, 5.1151385498046875e+02,
       1.0211552619934082e+01, 3.0992291259765625e+02,
       2.5795770809054375e-02, 8716801, -1 ]
   - [ 2.9799856567382812e+02, 5.0136102294921875e+02,
       2.3611559867858887e+00, 3.1287866210937500e+02,
       2.4403456598520279e-02, 3080959, -1 ]
   - [ 2.9984671020507812e+02, 4.7260372924804688e+02,
       4.5050063133239746e+00, 1.1067300415039062e+02,
       1.9366344437003136e-02, 16384256, -1 ]
