%YAML:1.0
---
grayKeypoints:
   - [ 6.6168395996093750e+01, 2.8676907348632812e+02,
       2.9695670604705811e+00, 8.4665069580078125e+01,
       1.6243362799286842e-02, 2950143, -1 ]
   - [ 6.6168395996093750e+01, 2.8676907348632812e+02,
       2.9695670604705811e+00, 1.9892030334472656e+02,
       1.6243362799286842e-02, 2950143, -1 ]
   - [ 6.9925277709960938e+01, 2.8312094116210938e+02,
       9.2639083862304688e+00, 2.7487762451171875e+01,
       1.7484335228800774e-02, 1704449, -1 ]
   - [ 6.9925277709960938e+01, 2.8312094116210938e+02,
       9.2639083862304688e+00, 2.1855166625976562e+02,
       1.7484335228800774e-02, 1704449, -1 ]
   - [ 7.6282875061035156e+01, 2.7131918334960938e+02,
       9.0987768173217773e+00, 1.9132934570312500e+01,
       1.6171023249626160e-02, 393729, -1 ]
   - [ 7.6282875061035156e+01, 2.7131918334960938e+02,
       9.0987768173217773e+00, 2.2242817687988281e+02,
       1.6171023249626160e-02, 393729, -1 ]
   - [ 8.0377044677734375e+01, 2.6621957397460938e+02,
       1.9621709585189819e+00, 2.7843438720703125e+02,
       1.4332508668303490e-02, 6423039, -1 ]
   - [ 9.3064788818359375e+01, 4.5166293334960938e+02,
       2.1239154338836670e+00, 2.3426376342773438e+02,
       2.5040602311491966e-02, 12124671, -1 ]
   - [ 1.1588497161865234e+02, 8.4007366943359375e+02,
       2.0101180076599121e+00, 1.9372999572753906e+02,
       2.4597506970167160e-02, 8126975, -1 ]
   - [ 1.1588497161865234e+02, 8.4007366943359375e+02,
       2.0101180076599121e+00, 2.3795938110351562e+02,
       2.4597506970167160e-02, 8126975, -1 ]
   - [ 2.0647691345214844e+02, 4.4584277343750000e+02,
       2.6060342788696289e+00, 2.4223327636718750e+02,
       1.9422067329287529e-02, 10224383, -1 ]
   - [ 2.3545591735839844e+02, 3.8776275634765625e+02,
       2.3895843029022217e+00, 2.5945190429687500e+01,
       1.4092111960053444e-02, 3932927, -1 ]
   - [ 2.5941900634765625e+02, 3.4385293579101562e+02,
       2.7380089759826660e+00, 3.2025836181640625e+02,
       1.3379975222051144e-02, 13763327, -1 ]
   - [ 2.6201263427734375e+02, 3.4902862548828125e+02,
       4.8287448883056641e+00, 3.1857006835937500e+02,
       1.5303522348403931e-02, 4719104, -1 ]
   - [ 2.6398825073242188e+02, 3.4232525634765625e+02,
       4.2105746269226074e+00, 3.2209194946289062e+02,
       1.9485123455524445e-02, 11469056, -1 ]
   - [ 2.6880548095703125e+02, 3.5475552368164062e+02,
       4.0925474166870117e+00, 3.0745477294921875e+02,
       1.5081951394677162e-02, 9437440, -1 ]
   - [ 2.7625509643554688e+02, 3.3207629394531250e+02,
       6.5626635551452637e+00, 6.5327209472656250e+01,
       1.5432854183018208e-02, 10158848, -1 ]
   - [ 2.7635748291015625e+02, 3.4126370239257812e+02,
       1.9014686584472656e+01, 3.1457897949218750e+02,
       1.9360646605491638e-02, 3539458, -1 ]
   - [ 2.8217453002929688e+02, 5.5203350830078125e+02,
       3.1632883548736572e+00, 3.5010675048828125e+02,
       1.4763601124286652e-02, 7537663, -1 ]
   - [ 2.8657147216796875e+02, 5.5291961669921875e+02,
       3.5263829231262207e+00, 3.4755160522460938e+02,
       2.6814593002200127e-02, 15401983, -1 ]
   - [ 2.8697912597656250e+02, 3.6130203247070312e+02,
       3.3179306983947754e+00, 3.0607739257812500e+02,
       2.0255405455827713e-02, 10945535, -1 ]
   - [ 2.9061080932617188e+02, 3.6395925903320312e+02,
       3.4818236827850342e+00, 3.0517898559570312e+02,
       1.9943550229072571e-02, 14484479, -1 ]
   - [ 2.9303900146484375e+02, 3.2857379150390625e+02,
       8.8675661087036133e+00, 7.3077728271484375e+01,
       1.7299119383096695e-02, 15204609, -1 ]
   - [ 2.9454922485351562e+02, 3.7127621459960938e+02,
       3.2210869789123535e+00, 3.0012411499023438e+02,
       2.3484248667955399e-02, 8848383, -1 ]
   - [ 2.9761630249023438e+02, 5.5161291503906250e+02,
       1.5915811538696289e+01, 3.0782080078125000e+02,
       2.7463922277092934e-02, 7405826, -1 ]
   - [ 2.9875900268554688e+02, 3.2534674072265625e+02,
       4.6330504417419434e+00, 7.9160278320312500e+01,
       1.6252918168902397e-02, 1704448, -1 ]
   - [ 3.0360253906250000e+02, 3.7171768188476562e+02,
       3.3204228878021240e+00, 3.0150128173828125e+02,
       2.6021257042884827e-02, 11011071, -1 ]
   - [ 3.0979046630859375e+02, 3.7454641723632812e+02,
       3.6578075885772705e+00, 2.9675180053710938e+02,
       2.6984125375747681e-02, 1310976, -1 ]
   - [ 3.1203207397460938e+02, 3.2368453979492188e+02,
       4.9603347778320312e+00, 7.9281677246093750e+01,
       2.9640929773449898e-02, 6619648, -1 ]
   - [ 3.2528067016601562e+02, 3.8486019897460938e+02,
       3.3662497997283936e+00, 2.8925341796875000e+02,
       2.6108736172318459e-02, 11994111, -1 ]
   - [ 3.2744680786132812e+02, 5.5708990478515625e+02,
       4.2703156471252441e+00, 8.2214508056640625e+01,
       1.3450364582240582e-02, 12517632, -1 ]
   - [ 3.2772851562500000e+02, 5.4281274414062500e+02,
       2.0946029663085938e+01, 5.8842742919921875e+01,
       2.8630163520574570e-02, 10551810, -1 ]
   - [ 3.3008386230468750e+02, 3.1680010986328125e+02,
       4.0761375427246094e+00, 8.8087493896484375e+01,
       2.0373867824673653e-02, 9175296, -1 ]
   - [ 3.3571792602539062e+02, 2.6298324584960938e+01,
       2.9968545436859131e+00, 1.1282901000976562e+02,
       2.2030590102076530e-02, 3605503, -1 ]
   - [ 3.4412554931640625e+02, 3.1584158325195312e+02,
       5.1658396720886230e+00, 9.0250396728515625e+01,
       2.0192839205265045e-02, 9568768, -1 ]
   - [ 3.4518630981445312e+02, 5.6853521728515625e+02,
       2.0259275436401367e+01, 2.5287774658203125e+02,
       2.8100878000259399e-02, 8126978, -1 ]
   - [ 3.4694973754882812e+02, 3.2112316894531250e+02,
       3.4040954113006592e+00, 8.9089477539062500e+01,
       2.5962604209780693e-02, 12846079, -1 ]
   - [ 3.5255422973632812e+02, 3.8741552734375000e+02,
       2.7680954933166504e+00, 2.7721057128906250e+02,
       2.2145807743072510e-02, 14549759, -1 ]
   - [ 3.5471694946289062e+02, 3.9113418579101562e+02,
       3.1964540481567383e+00, 2.7834823608398438e+02,
       2.2696467116475105e-02, 8258559, -1 ]
   - [ 3.6067056274414062e+02, 3.1534823608398438e+02,
       6.4623312950134277e+00, 9.0078857421875000e+01,
       1.8209660425782204e-02, 9044736, -1 ]
   - [ 3.6885919189453125e+02, 3.5763980102539062e+02,
       6.0682765960693359e+01, 2.6457470703125000e+02,
       5.5320847779512405e-02, 3932420, -1 ]
   - [ 3.7131216430664062e+02, 5.4613153076171875e+02,
       3.4392700195312500e+00, 1.8289663696289062e+02,
       1.3923277147114277e-02, 13566975, -1 ]
   - [ 3.7131216430664062e+02, 5.4613153076171875e+02,
       3.4392700195312500e+00, 3.3419998168945312e+02,
       1.3923277147114277e-02, 13566975, -1 ]
   - [ 3.7486941528320312e+02, 5.8820300292968750e+02,
       2.7198215484619141e+01, 2.5662118530273438e+02,
       2.1099120378494263e-02, 12714754, -1 ]
   - [ 3.8978054809570312e+02, 5.4497888183593750e+02,
       4.6782546043395996e+00, 3.0852893066406250e+02,
       1.3426514342427254e-02, 2425344, -1 ]
   - [ 3.9722143554687500e+02, 3.1769897460937500e+02,
       5.1232523918151855e+00, 9.7156097412109375e+01,
       1.5803061425685883e-02, 8978944, -1 ]
   - [ 4.0095010375976562e+02, 3.9202828979492188e+02,
       2.7033402919769287e+00, 2.6486145019531250e+02,
       2.0643703639507294e-02, 12845823, -1 ]
   - [ 4.0631613159179688e+02, 3.9180068969726562e+02,
       3.0875978469848633e+00, 2.6074182128906250e+02,
       1.9556593149900436e-02, 5768191, -1 ]
   - [ 4.0757479858398438e+02, 3.8736950683593750e+02,
       4.0513172149658203e+00, 2.5761389160156250e+02,
       2.8058320283889771e-02, 8716544, -1 ]
   - [ 4.1602160644531250e+02, 3.8571447753906250e+02,
       3.8403840065002441e+00, 2.5929022216796875e+02,
       2.3558570072054863e-02, 4849920, -1 ]
   - [ 4.1841564941406250e+02, 3.2041076660156250e+02,
       6.1921682357788086e+00, 1.0061566162109375e+02,
       1.6530774533748627e-02, 5964544, -1 ]
