%YAML:1.0
---
grayKeypoints:
   - [ 1.5930900573730469e+01, 6.2224566650390625e+02,
       1.9078468084335327e+00, 2.3185162353515625e+02,
       1.5752082690596581e-02, 4391423, -1 ]
   - [ 8.4527145385742188e+01, 9.2981407165527344e+01,
       2.5763034820556641e+00, 2.5075770568847656e+02,
       1.8308082595467567e-02, 9372415, -1 ]
   - [ 8.5517631530761719e+01, 9.6564567565917969e+01,
       2.8942487239837646e+00, 2.5209838867187500e+02,
       2.1254947409033775e-02, 1115135, -1 ]
   - [ 1.4003756713867188e+02, 5.4585845947265625e+02,
       3.3457665443420410e+00, 7.2497222900390625e+01,
       1.3517799787223339e-02, 11600895, -1 ]
   - [ 1.4003756713867188e+02, 5.4585845947265625e+02,
       3.3457665443420410e+00, 2.4650350952148438e+02,
       1.3517799787223339e-02, 11600895, -1 ]
   - [ 3.6323242187500000e+02, 6.9698309326171875e+02,
       2.5306065082550049e+00, 2.5169357299804688e+02,
       1.7289483919739723e-02, 8061695, -1 ]
   - [ 4.4952380371093750e+02, 4.2792489624023438e+02,
       9.2708625793457031e+00, 2.9935998535156250e+02,
       1.4031203463673592e-02, 1704449, -1 ]
   - [ 4.5530722045898438e+02, 1.9952415466308594e+02,
       3.5439789295196533e+00, 1.9337048339843750e+02,
       1.7689337953925133e-02, 15729663, -1 ]
   - [ 4.5555422973632812e+02, 4.0216561889648438e+02,
       2.2300541400909424e+00, 5.2072906494140625e+01,
       1.3698187656700611e-02, 15663615, -1 ]
   - [ 4.5581536865234375e+02, 4.1405792236328125e+02,
       1.2396450042724609e+01, 2.9673672485351562e+02,
       3.1517434865236282e-02, 6030081, -1 ]
   - [ 4.7025451660156250e+02, 4.1018530273437500e+02,
       7.9674372673034668e+00, 7.1850799560546875e+01,
       3.4986075013875961e-02, 7471361, -1 ]
   - [ 4.7099337768554688e+02, 4.2478253173828125e+02,
       4.1117095947265625e+00, 2.7188964843750000e+02,
       1.3412957079708576e-02, 9765120, -1 ]
   - [ 4.7506539916992188e+02, 3.9018438720703125e+02,
       5.1969380378723145e+00, 8.0741241455078125e+01,
       1.4683139510452747e-02, 10027520, -1 ]
   - [ 4.8129455566406250e+02, 4.2508560180664062e+02,
       1.9385486841201782e+00, 2.4335934448242188e+02,
       1.4090813696384430e-02, 5505535, -1 ]
   - [ 4.8258154296875000e+02, 3.8768121337890625e+02,
       7.9646272659301758e+00, 8.1311828613281250e+01,
       1.6372155398130417e-02, 7471361, -1 ]
   - [ 4.8482522583007812e+02, 4.4382080078125000e+02,
       2.0283224105834961e+01, 2.9212530517578125e+02,
       2.6686675846576691e-02, 8258050, -1 ]
   - [ 4.9589605712890625e+02, 4.1433309936523438e+02,
       3.3356014251708984e+01, 2.9541271972656250e+02,
       3.0156230553984642e-02, 10813699, -1 ]
   - [ 5.0470162963867188e+02, 3.8890200805664062e+02,
       1.0477008819580078e+01, 1.0081112670898438e+02,
       1.3919710181653500e-02, 10551809, -1 ]
   - [ 5.1607666015625000e+02, 3.5010906982421875e+02,
       1.3385874748229980e+01, 8.4361602783203125e+01,
       2.0684715360403061e-02, 11600641, -1 ]
   - [ 5.2553424072265625e+02, 4.2883883666992188e+02,
       3.8944267272949219e+01, 2.6632492065429688e+02,
       3.0592063441872597e-02, 5308931, -1 ]
   - [ 5.2605059814453125e+02, 3.5170046997070312e+02,
       4.2455840110778809e+00, 2.5794641113281250e+02,
       1.5538113191723824e-02, 12124416, -1 ]
   - [ 5.2924060058593750e+02, 4.4692117309570312e+02,
       5.4117422103881836e+00, 2.6994384765625000e+02,
       1.9160283729434013e-02, 12911104, -1 ]
   - [ 5.3199963378906250e+02, 4.0934362792968750e+02,
       6.7327933311462402e+00, 9.3630920410156250e+01,
       2.0933836698532104e-02, 11993856, -1 ]
   - [ 5.4088397216796875e+02, 3.9356927490234375e+02,
       3.7804048061370850e+00, 8.3377990722656250e+01,
       2.3959659039974213e-02, 3670272, -1 ]
   - [ 5.4240527343750000e+02, 4.5405697631835938e+02,
       1.8944879770278931e+00, 8.2452209472656250e+01,
       1.7218790948390961e-02, 3867135, -1 ]
   - [ 5.4240527343750000e+02, 4.5405697631835938e+02,
       1.8944879770278931e+00, 2.4241615295410156e+02,
       1.7218790948390961e-02, 3867135, -1 ]
   - [ 5.4249304199218750e+02, 4.0992056274414062e+02,
       6.3603973388671875e+00, 8.5785766601562500e+01,
       1.8259085714817047e-02, 7930624, -1 ]
   - [ 5.4324591064453125e+02, 3.9995779418945312e+02,
       6.0392928123474121e+00, 1.3682325744628906e+02,
       2.9702667146921158e-02, 4129536, -1 ]
   - [ 5.4475695800781250e+02, 3.7345422363281250e+02,
       1.5060214042663574e+01, 2.4142742919921875e+02,
       1.3663722202181816e-02, 3408130, -1 ]
   - [ 5.4950573730468750e+02, 3.4885983276367188e+02,
       3.4645893573760986e+00, 3.6949157714843750e+01,
       2.5900997221469879e-02, 14091263, -1 ]
   - [ 5.4950573730468750e+02, 3.4885983276367188e+02,
       3.4645893573760986e+00, 2.6014865112304688e+02,
       2.5900997221469879e-02, 14091263, -1 ]
   - [ 5.4982598876953125e+02, 4.9988082885742188e+02,
       5.9677271842956543e+00, 7.0326904296875000e+01,
       2.0424991846084595e-02, 3277568, -1 ]
   - [ 5.5117846679687500e+02, 4.1694570922851562e+02,
       5.3964776992797852e+00, 8.7982116699218750e+01,
       2.3086987435817719e-02, 12714496, -1 ]
   - [ 5.5393634033203125e+02, 3.9387368774414062e+02,
       7.9808678627014160e+00, 8.0267944335937500e+01,
       3.9539996534585953e-02, 7602433, -1 ]
   - [ 5.5393634033203125e+02, 3.9387368774414062e+02,
       7.9808678627014160e+00, 2.5454838562011719e+02,
       3.9539996534585953e-02, 7602433, -1 ]
   - [ 5.5503033447265625e+02, 5.2082867431640625e+02,
       6.2509026527404785e+00, 3.1070858764648438e+02,
       2.5503182783722878e-02, 6619904, -1 ]
   - [ 5.6243762207031250e+02, 3.6320800781250000e+02,
       1.0174281120300293e+01, 1.6046115112304688e+02,
       1.6372708603739738e-02, 8454657, -1 ]
   - [ 5.6243762207031250e+02, 3.6320800781250000e+02,
       1.0174281120300293e+01, 2.5356887817382812e+02,
       1.6372708603739738e-02, 8454657, -1 ]
   - [ 5.6471044921875000e+02, 4.9587530517578125e+02,
       8.2644844055175781e+00, 8.1677673339843750e+01,
       2.3410176858305931e-02, 10158337, -1 ]
   - [ 5.6472851562500000e+02, 4.4353366088867188e+02,
       7.2511725425720215e+00, 2.6815704345703125e+02,
       1.3427713885903358e-02, 655617, -1 ]
   - [ 5.6535150146484375e+02, 4.1106939697265625e+02,
       4.0320405960083008e+00, 8.8477111816406250e+01,
       1.7034024000167847e-02, 8388864, -1 ]
   - [ 5.6580786132812500e+02, 3.7980731201171875e+02,
       9.7542953491210938e+00, 2.6035382080078125e+02,
       1.8197536468505859e-02, 5440001, -1 ]
   - [ 5.6669238281250000e+02, 4.0169473266601562e+02,
       7.9085321426391602e+00, 8.0227996826171875e+01,
       1.7939275130629539e-02, 6947073, -1 ]
   - [ 5.7820977783203125e+02, 4.1038891601562500e+02,
       4.2100338935852051e+00, 9.0637145996093750e+01,
       1.5817992389202118e-02, 11469056, -1 ]
   - [ 5.8358746337890625e+02, 5.4616125488281250e+02,
       2.1257655620574951e+00, 2.9925308227539062e+02,
       1.8828691914677620e-02, 12190207, -1 ]
   - [ 5.9806256103515625e+02, 4.4835656738281250e+02,
       2.9478204250335693e+00, 2.6217443847656250e+02,
       1.3422762043774128e-02, 2425855, -1 ]
   - [ 6.0060333251953125e+02, 4.1453161621093750e+02,
       5.2045049667358398e+00, 8.7278167724609375e+01,
       1.8013579770922661e-02, 10093056, -1 ]
   - [ 6.0936010742187500e+02, 4.1288919067382812e+02,
       4.2176823616027832e+00, 8.4064819335937500e+01,
       1.9701614975929260e-02, 11600128, -1 ]
   - [ 6.0975494384765625e+02, 3.4993688964843750e+02,
       5.5742454528808594e+00, 8.3584838867187500e+01,
       1.3974984176456928e-02, 15073792, -1 ]
   - [ 6.2036047363281250e+02, 4.5335397338867188e+02,
       4.5552592277526855e+00, 2.8514385986328125e+02,
       1.5696955844759941e-02, 459264, -1 ]
   - [ 6.2500994873046875e+02, 4.4614627075195312e+02,
       5.9202275276184082e+00, 2.6928060913085938e+02,
       1.5219768509268761e-02, 2687744, -1 ]
