%YAML:1.0
---
grayKeypoints:
   - [ 3.9144585132598877e+00, 2.5474859237670898e+01,
       2.1249749660491943e+00, 1.9371490478515625e+02,
       2.2863365709781647e-02, 12190207, -1 ]
   - [ 4.6838630676269531e+01, 2.9664398193359375e+02,
       1.8369899988174438e+00, 2.4853332519531250e+01,
       1.3701388612389565e-02, 1638911, -1 ]
   - [ 5.9483520507812500e+01, 5.8779895782470703e+01,
       2.1214594841003418e+00, 2.4308755493164062e+02,
       1.5548504889011383e-02, 12059135, -1 ]
   - [ 5.9483520507812500e+01, 5.8779895782470703e+01,
       2.1214594841003418e+00, 3.5923568725585938e+02,
       1.5548504889011383e-02, 12059135, -1 ]
   - [ 7.3227325439453125e+01, 4.9046850585937500e+02,
       1.8155097961425781e+00, 3.7030944824218750e+01,
       1.4284855686128139e-02, 786943, -1 ]
   - [ 7.3227325439453125e+01, 4.9046850585937500e+02,
       1.8155097961425781e+00, 1.7071379089355469e+02,
       1.4284855686128139e-02, 786943, -1 ]
   - [ 2.1061538696289062e+02, 6.4998931884765625e+02,
       2.1640040874481201e+00, 2.6289822387695312e+02,
       2.2553781047463417e-02, 13500927, -1 ]
   - [ 2.1404280090332031e+02, 6.5252435302734375e+02,
       2.3134257793426514e+00, 2.6191632080078125e+02,
       1.4454898424446583e-02, 1573631, -1 ]
   - [ 2.1966633605957031e+02, 6.5171514892578125e+02,
       1.9741104841232300e+00, 2.6311981201171875e+02,
       1.6648357734084129e-02, 6816255, -1 ]
   - [ 2.2096458435058594e+02, 6.4637469482421875e+02,
       1.9450510740280151e+00, 9.9126617431640625e+01,
       1.3599265366792679e-02, 5767679, -1 ]
   - [ 3.3242001342773438e+02, 4.0594226074218750e+02,
       4.4437332153320312e+00, 3.5067059326171875e+02,
       1.4886467717587948e-02, 15401216, -1 ]
   - [ 3.4271496582031250e+02, 4.0478906250000000e+02,
       1.1253172874450684e+01, 3.1725405883789062e+02,
       3.2817766070365906e-02, 15729153, -1 ]
   - [ 3.4417044067382812e+02, 4.1208801269531250e+02,
       2.0073392391204834e+00, 3.2198403930664062e+02,
       1.4033957384526730e-02, 8061439, -1 ]
   - [ 3.5654299926757812e+02, 4.1796606445312500e+02,
       3.1502721309661865e+00, 2.7237677001953125e+02,
       1.6620304435491562e-02, 7209983, -1 ]
   - [ 3.5733352661132812e+02, 4.0414498901367188e+02,
       7.6155047416687012e+00, 7.9791687011718750e+01,
       3.7713069468736649e-02, 4194561, -1 ]
   - [ 3.5864413452148438e+02, 4.1122109985351562e+02,
       4.0609650611877441e+00, 8.5100494384765625e+01,
       1.8221788108348846e-02, 8847616, -1 ]
   - [ 3.5903454589843750e+02, 3.8740335083007812e+02,
       2.5765674114227295e+00, 8.7165954589843750e+01,
       1.3972113840281963e-02, 9372415, -1 ]
   - [ 3.6209027099609375e+02, 3.9063665771484375e+02,
       2.9710214138031006e+00, 8.8759948730468750e+01,
       1.8122270703315735e-02, 3015679, -1 ]
   - [ 3.6437594604492188e+02, 3.9860781860351562e+02,
       1.9908174276351929e+00, 3.0214474487304688e+02,
       1.4348544180393219e-02, 7471615, -1 ]
   - [ 3.6522000122070312e+02, 3.9395343017578125e+02,
       8.3443632125854492e+00, 9.5604522705078125e+01,
       2.3947104811668396e-02, 10813697, -1 ]
   - [ 3.6723904418945312e+02, 4.1949264526367188e+02,
       1.9344679117202759e+00, 2.7470321655273438e+02,
       1.5780581161379814e-02, 5374463, -1 ]
   - [ 3.6747186279296875e+02, 2.0640864562988281e+02,
       1.8617346286773682e+00, 1.8254058837890625e+02,
       2.9963899403810501e-02, 2621951, -1 ]
   - [ 3.6852163696289062e+02, 4.3890686035156250e+02,
       2.0049377441406250e+01, 3.0090740966796875e+02,
       2.6320857927203178e-02, 7406082, -1 ]
   - [ 3.7754925537109375e+02, 3.8414605712890625e+02,
       1.9927492141723633e+00, 2.8603851318359375e+01,
       1.4022612944245338e-02, 7537151, -1 ]
   - [ 3.8147311401367188e+02, 4.4431298828125000e+02,
       3.0298476219177246e+00, 8.8882141113281250e+00,
       1.6995172947645187e-02, 4391935, -1 ]
   - [ 3.9274539184570312e+02, 3.8968157958984375e+02,
       9.4984426498413086e+00, 1.1051245117187500e+02,
       1.5091299079358578e-02, 3473921, -1 ]
   - [ 3.9515087890625000e+02, 4.0733218383789062e+02,
       2.6872138977050781e+00, 7.0973236083984375e+01,
       1.9787399098277092e-02, 12452607, -1 ]
   - [ 3.9515087890625000e+02, 4.0733218383789062e+02,
       2.6872138977050781e+00, 1.9971511840820312e+02,
       1.9787399098277092e-02, 12452607, -1 ]
   - [ 3.9697787475585938e+02, 4.1056906127929688e+02,
       2.1179044246673584e+00, 6.3988464355468750e+01,
       1.6278797760605812e-02, 11928063, -1 ]
   - [ 3.9728399658203125e+02, 4.4159115600585938e+02,
       3.1591928005218506e+00, 2.8057418823242188e+02,
       1.4089486561715603e-02, 7406591, -1 ]
   - [ 3.9764318847656250e+02, 3.5734173583984375e+02,
       2.7383925914764404e+00, 4.0966217041015625e+01,
       1.4694694429636002e-02, 13828863, -1 ]
   - [ 3.9811398315429688e+02, 4.5678234863281250e+02,
       2.6806607246398926e+00, 2.7838778686523438e+02,
       1.9008835777640343e-02, 12255999, -1 ]
   - [ 3.9829055786132812e+02, 4.4610809326171875e+02,
       4.2323451042175293e+00, 2.7932348632812500e+02,
       2.0042410120368004e-02, 11862272, -1 ]
   - [ 4.0632897949218750e+02, 4.3002838134765625e+02,
       3.2946300506591797e+01, 2.8569543457031250e+02,
       2.9669204726815224e-02, 9896195, -1 ]
   - [ 4.0729669189453125e+02, 3.9722586059570312e+02,
       4.4367384910583496e+00, 1.3383245849609375e+02,
       2.0534472540020943e-02, 15270144, -1 ]
   - [ 4.0729669189453125e+02, 3.9722586059570312e+02,
       4.4367384910583496e+00, 2.9522976684570312e+02,
       2.0534472540020943e-02, 15270144, -1 ]
   - [ 4.0908267211914062e+02, 4.5524404907226562e+02,
       1.9142448902130127e+00, 2.7390264892578125e+02,
       1.5487618744373322e-02, 4588031, -1 ]
   - [ 4.0965750122070312e+02, 3.5854562377929688e+02,
       1.2364359855651855e+01, 9.5967956542968750e+01,
       2.1057697013020515e-02, 5833473, -1 ]
   - [ 4.1024423217773438e+02, 4.4733724975585938e+02,
       4.1718134880065918e+00, 2.7385595703125000e+02,
       1.9990868866443634e-02, 10813696, -1 ]
   - [ 4.1273300170898438e+02, 4.0750167846679688e+02,
       2.5146710872650146e+00, 2.0976779174804688e+02,
       1.4480255544185638e-02, 7668479, -1 ]
   - [ 4.1405627441406250e+02, 5.0285827636718750e+02,
       2.7701442241668701e+00, 3.4016925048828125e+02,
       4.2710203677415848e-02, 14615295, -1 ]
   - [ 4.1607635498046875e+02, 4.1312222290039062e+02,
       5.9855813980102539e+00, 1.0375076293945312e+02,
       2.5421150028705597e-02, 3539712, -1 ]
   - [ 4.1752627563476562e+02, 5.0945291137695312e+02,
       2.3487598896026611e+00, 3.2538574218750000e+02,
       3.3577963709831238e-02, 2687743, -1 ]
   - [ 4.1829376220703125e+02, 4.5237542724609375e+02,
       2.5240807533264160e+00, 9.5348358154296875e+01,
       1.4403440058231354e-02, 7930623, -1 ]
   - [ 4.1829376220703125e+02, 4.5237542724609375e+02,
       2.5240807533264160e+00, 2.5947473144531250e+02,
       1.4403440058231354e-02, 7930623, -1 ]
   - [ 4.1855187988281250e+02, 4.4298623657226562e+02,
       4.2361841201782227e+00, 2.7248348999023438e+02,
       1.3791226781904697e-02, 11927808, -1 ]
   - [ 4.1886874389648438e+02, 4.1860406494140625e+02,
       2.0575721263885498e+00, 9.8376037597656250e+01,
       1.5534881502389908e-02, 9830911, -1 ]
   - [ 4.1956039428710938e+02, 3.6159982299804688e+02,
       4.0562729835510254e+00, 2.6969061279296875e+02,
       1.9102860242128372e-02, 8782080, -1 ]
   - [ 4.2089541625976562e+02, 5.1797009277343750e+02,
       2.1762132644653320e+00, 3.1504556274414062e+02,
       2.7539344504475594e-02, 13894143, -1 ]
   - [ 4.2124880981445312e+02, 4.0019979858398438e+02,
       2.7298882007598877e+00, 9.0593933105468750e+01,
       2.4352999404072762e-02, 13566719, -1 ]
   - [ 4.2124880981445312e+02, 4.0019979858398438e+02,
       2.7298882007598877e+00, 2.7745867919921875e+02,
       2.4352999404072762e-02, 13566719, -1 ]
