%YAML:1.0
---
grayKeypoints:
   - [ 7.2822708129882812e+01, 2.4835940551757812e+02,
       2.1311807632446289e+00, 1.1904344177246094e+02,
       2.0303210243582726e-02, 12386815, -1 ]
   - [ 7.2822708129882812e+01, 2.4835940551757812e+02,
       2.1311807632446289e+00, 2.8860150146484375e+02,
       2.0303210243582726e-02, 12386815, -1 ]
   - [ 9.8379898071289062e+01, 6.5304138183593750e+02,
       2.6251864433288574e+00, 2.6200219726562500e+02,
       2.4758892133831978e-02, 10748671, -1 ]
   - [ 1.0627629089355469e+02, 6.5563250732421875e+02,
       2.8934113979339600e+00, 2.6946960449218750e+02,
       1.5356886200606823e-02, 1049599, -1 ]
   - [ 1.1155849456787109e+02, 6.5192871093750000e+02,
       1.9312788248062134e+00, 2.5676361083984375e+02,
       2.7608029544353485e-02, 5243391, -1 ]
   - [ 2.5280126953125000e+02, 3.5490768432617188e+02,
       1.4064744949340820e+01, 3.0172964477539062e+02,
       3.1464163213968277e-02, 15139585, -1 ]
   - [ 2.5641445922851562e+02, 3.6767559814453125e+02,
       3.9860534667968750e+00, 2.9287695312500000e+02,
       1.5339671634137630e-02, 7536896, -1 ]
   - [ 2.5759417724609375e+02, 2.0253390502929688e+02,
       1.8771286010742188e+00, 1.1058285522460938e+02,
       1.4123805798590183e-02, 3211775, -1 ]
   - [ 2.6494219970703125e+02, 3.4952841186523438e+02,
       2.5107326507568359e+00, 2.4218139648437500e+02,
       2.0190734416246414e-02, 7537407, -1 ]
   - [ 2.6701504516601562e+02, 3.6849783325195312e+02,
       3.5559308528900146e+00, 2.6979022216796875e+02,
       1.5430660918354988e-02, 15991807, -1 ]
   - [ 2.6701504516601562e+02, 3.6849783325195312e+02,
       3.5559308528900146e+00, 2.9563778686523438e+02,
       1.5430660918354988e-02, 15991807, -1 ]
   - [ 2.6905978393554688e+02, 3.5250161743164062e+02,
       8.7537746429443359e+00, 8.1953155517578125e+01,
       3.6223769187927246e-02, 14287105, -1 ]
   - [ 2.7224935913085938e+02, 3.4678411865234375e+02,
       2.5863120555877686e+00, 2.7296102905273438e+02,
       1.4041018672287464e-02, 9700095, -1 ]
   - [ 2.7279327392578125e+02, 3.3229229736328125e+02,
       5.7043948173522949e+00, 8.5775878906250000e+01,
       1.3509772717952728e-02, 66304, -1 ]
   - [ 2.7983206176757812e+02, 3.9030606079101562e+02,
       2.0514972686767578e+01, 3.0115512084960938e+02,
       2.7074312791228294e-02, 9044482, -1 ]
   - [ 2.8529797363281250e+02, 3.3058877563476562e+02,
       8.5966005325317383e+00, 8.9667755126953125e+01,
       1.5797160565853119e-02, 12976385, -1 ]
   - [ 2.9783547973632812e+02, 1.2318815612792969e+02,
       3.6640088558197021e+00, 1.8310150146484375e+02,
       2.1014276891946793e-02, 1442048, -1 ]
   - [ 2.9783547973632812e+02, 1.2318815612792969e+02,
       3.6640088558197021e+00, 3.5971932983398438e+02,
       2.1014276891946793e-02, 1442048, -1 ]
   - [ 3.0651220703125000e+02, 4.1239053344726562e+02,
       9.6644353866577148e+00, 2.8328829956054688e+02,
       2.3091645911335945e-02, 4719105, -1 ]
   - [ 3.1045092773437500e+02, 3.9930197143554688e+02,
       2.2635791301727295e+00, 2.7647088623046875e+02,
       1.9722307100892067e-02, 767, -1 ]
   - [ 3.1110046386718750e+02, 3.9490267944335938e+02,
       4.2907733917236328e+00, 2.8072637939453125e+02,
       1.3639469631016254e-02, 12845312, -1 ]
   - [ 3.1180471801757812e+02, 3.3504794311523438e+02,
       1.1874335289001465e+01, 1.1064186096191406e+02,
       1.4785556122660637e-02, 2949889, -1 ]
   - [ 3.1209500122070312e+02, 4.0083447265625000e+02,
       5.6218895912170410e+00, 2.7928814697265625e+02,
       1.9745349884033203e-02, 15663616, -1 ]
   - [ 3.1232485961914062e+02, 4.0088049316406250e+02,
       5.7664532661437988e+00, 2.7991912841796875e+02,
       1.9656535238027573e-02, 787200, -1 ]
   - [ 3.1451568603515625e+02, 4.1478485107421875e+02,
       3.1017479896545410e+00, 2.7841796875000000e+02,
       2.2979520261287689e-02, 6095871, -1 ]
   - [ 3.1493212890625000e+02, 2.9266220092773438e+02,
       3.7273490428924561e+00, 4.7856750488281250e+01,
       1.5002079308032990e-02, 2687232, -1 ]
   - [ 3.1493212890625000e+02, 2.9266220092773438e+02,
       3.7273490428924561e+00, 2.9518685913085938e+02,
       1.5002079308032990e-02, 2687232, -1 ]
   - [ 3.1684274291992188e+02, 3.5940832519531250e+02,
       2.9371187686920166e+00, 7.7496917724609375e+01,
       1.4164166525006294e-02, 2163711, -1 ]
   - [ 3.2314715576171875e+02, 2.9309622192382812e+02,
       2.7372386455535889e+00, 2.8494931030273438e+02,
       1.8292132765054703e-02, 13763327, -1 ]
   - [ 3.2616531372070312e+02, 3.9852935791015625e+02,
       1.8198283910751343e+00, 2.7439035034179688e+02,
       1.6380876302719116e-02, 983551, -1 ]
   - [ 3.2801141357421875e+02, 2.9269345092773438e+02,
       1.4134686470031738e+01, 8.7916320800781250e+01,
       2.0542889833450317e-02, 15532801, -1 ]
   - [ 3.2935211181640625e+02, 3.4288977050781250e+02,
       5.6852040290832520e+00, 1.3075683593750000e+02,
       1.9583020359277725e-02, 16515584, -1 ]
   - [ 3.3137884521484375e+02, 4.7800347900390625e+02,
       4.2368783950805664e+00, 3.2906637573242188e+02,
       2.2225644439458847e-02, 11927808, -1 ]
   - [ 3.3608007812500000e+02, 3.9914831542968750e+02,
       1.9153584241867065e+00, 2.7610528564453125e+02,
       1.5858005732297897e-02, 4653567, -1 ]
   - [ 3.3620559692382812e+02, 4.1687936401367188e+02,
       3.6806755065917969e+00, 2.7136111450195312e+02,
       1.6597013920545578e-02, 1769728, -1 ]
   - [ 3.3639218139648438e+02, 4.1672799682617188e+02,
       3.5288777351379395e+00, 2.7052954101562500e+02,
       1.6811667010188103e-02, 15401983, -1 ]
   - [ 3.3739184570312500e+02, 3.9668041992187500e+02,
       5.4715309143066406e+00, 2.7246664428710938e+02,
       1.4469416812062263e-02, 13763072, -1 ]
   - [ 3.3903067016601562e+02, 4.0923797607421875e+02,
       3.3391845226287842e+00, 9.9543823242187500e+01,
       1.6804182901978493e-02, 11404287, -1 ]
   - [ 3.3903067016601562e+02, 4.0923797607421875e+02,
       3.3391845226287842e+00, 2.6323287963867188e+02,
       1.6804182901978493e-02, 11404287, -1 ]
   - [ 3.3998645019531250e+02, 3.6199902343750000e+02,
       7.7896399497985840e+00, 1.0470732116699219e+02,
       2.0771054551005363e-02, 5832961, -1 ]
   - [ 3.4002651977539062e+02, 2.9631411743164062e+02,
       4.1435303688049316e+00, 2.7204214477539062e+02,
       2.1412327885627747e-02, 10354944, -1 ]
   - [ 3.4463101196289062e+02, 4.1701742553710938e+02,
       3.9607293605804443e+00, 2.7677047729492188e+02,
       1.9312316551804543e-02, 7078144, -1 ]
   - [ 3.4538070678710938e+02, 2.8789288330078125e+02,
       4.3664011955261230e+00, 9.1762695312500000e+01,
       1.6427008435130119e-02, 14156032, -1 ]
   - [ 3.4549035644531250e+02, 3.4556234741210938e+02,
       3.4147174358367920e+00, 9.2168853759765625e+01,
       3.1049735844135284e-02, 13042687, -1 ]
   - [ 3.4549035644531250e+02, 3.4556234741210938e+02,
       3.4147174358367920e+00, 2.7261056518554688e+02,
       3.1049735844135284e-02, 13042687, -1 ]
   - [ 3.4715847778320312e+02, 3.4173135375976562e+02,
       3.0613374710083008e+00, 2.7205004882812500e+02,
       1.8767457455396652e-02, 5178367, -1 ]
   - [ 3.5141833496093750e+02, 4.9286886596679688e+02,
       4.1429996490478516e+00, 3.1174758911132812e+02,
       2.9820177704095840e-02, 10354944, -1 ]
   - [ 3.5251174926757812e+02, 4.0796536254882812e+02,
       3.3479766845703125e+00, 3.2525369262695312e+02,
       4.9505818635225296e-02, 11600895, -1 ]
   - [ 3.5377261352539062e+02, 3.5293670654296875e+02,
       6.5525536537170410e+00, 1.4240258789062500e+02,
       3.2551188021898270e-02, 10027776, -1 ]
   - [ 3.5502691650390625e+02, 3.4516748046875000e+02,
       2.7544515132904053e+00, 2.6535119628906250e+02,
       2.8314471244812012e-02, 14222079, -1 ]
   - [ 3.5760379028320312e+02, 3.2365176391601562e+02,
       1.7763578414916992e+01, 2.5364553833007812e+02,
       1.3727150857448578e-02, 15335682, -1 ]
