%YAML:1.0
---
grayKeypoints:
   - [ 5.6363220214843750e+00, 4.4428521728515625e+02,
       4.7427306175231934e+00, 9.8929168701171875e+01,
       2.4250306189060211e-02, 3408384, -1 ]
   - [ 9.9440946578979492e+00, 4.3022653198242188e+02,
       7.2641267776489258e+00, 3.2660150146484375e+02,
       1.7514655366539955e-02, 786689, -1 ]
   - [ 1.4607139587402344e+01, 8.5294738769531250e+02,
       1.9982378482818604e+00, 1.1186920166015625e+02,
       1.4641935005784035e-02, 7733759, -1 ]
   - [ 1.4607139587402344e+01, 8.5294738769531250e+02,
       1.9982378482818604e+00, 2.2944090270996094e+02,
       1.4641935005784035e-02, 7733759, -1 ]
   - [ 1.4607139587402344e+01, 8.5294738769531250e+02,
       1.9982378482818604e+00, 3.2939828491210938e+02,
       1.4641935005784035e-02, 7733759, -1 ]
   - [ 2.3667315673828125e+02, 3.1193435668945312e+02,
       2.0066890716552734e+00, 3.4389056396484375e+02,
       3.4422412514686584e-02, 7995903, -1 ]
   - [ 2.3738032531738281e+02, 3.1028656005859375e+02,
       3.8828911781311035e+00, 4.0814392089843750e+01,
       3.5107199102640152e-02, 5636352, -1 ]
   - [ 2.4252653503417969e+02, 3.0412411499023438e+02,
       2.7105343341827393e+00, 3.9440277099609375e+01,
       2.9341319575905800e-02, 13042431, -1 ]
   - [ 2.4252653503417969e+02, 3.0412411499023438e+02,
       2.7105343341827393e+00, 2.2026686096191406e+02,
       2.9341319575905800e-02, 13042431, -1 ]
   - [ 2.4436688232421875e+02, 3.0922094726562500e+02,
       4.0221533775329590e+00, 2.1213946533203125e+02,
       2.2434910759329796e-02, 8192256, -1 ]
   - [ 2.4849482727050781e+02, 2.9750836181640625e+02,
       2.9964132308959961e+00, 4.7203918457031250e+01,
       2.1509449928998947e-02, 3605503, -1 ]
   - [ 2.5879434204101562e+02, 2.8844665527343750e+02,
       2.5726115703582764e+00, 4.3742675781250000e+01,
       2.9051754623651505e-02, 9306879, -1 ]
   - [ 2.7358999633789062e+02, 2.7310800170898438e+02,
       4.2119574546813965e+00, 5.7750213623046875e+01,
       1.4828064478933811e-02, 11534592, -1 ]
   - [ 2.7500021362304688e+02, 2.7410845947265625e+02,
       2.4410619735717773e+00, 5.9164855957031250e+01,
       1.5556151978671551e-02, 5505791, -1 ]
   - [ 2.7527377319335938e+02, 2.7820138549804688e+02,
       4.4412837028503418e+00, 5.7094055175781250e+01,
       2.2262111306190491e-02, 15335680, -1 ]
   - [ 2.8287094116210938e+02, 2.7282406616210938e+02,
       2.4089913368225098e+00, 6.2764038085937500e+01,
       2.3316510021686554e-02, 4522751, -1 ]
   - [ 2.8321673583984375e+02, 3.2099740600585938e+02,
       5.4803762435913086e+00, 2.7672454833984375e+02,
       1.6606541350483894e-02, 13828608, -1 ]
   - [ 2.8585855102539062e+02, 4.4286367797851562e+02,
       8.2806806564331055e+00, 8.7422760009765625e+01,
       1.4858480542898178e-02, 10289409, -1 ]
   - [ 2.8585855102539062e+02, 4.4286367797851562e+02,
       8.2806806564331055e+00, 3.0239544677734375e+02,
       1.4858480542898178e-02, 10289409, -1 ]
   - [ 2.8730883789062500e+02, 3.2688650512695312e+02,
       4.6213965415954590e+00, 2.7216259765625000e+02,
       1.5983043238520622e-02, 1507840, -1 ]
   - [ 2.9160263061523438e+02, 2.6921655273437500e+02,
       3.1628696918487549e+00, 6.6474456787109375e+01,
       3.1052595004439354e-02, 7537663, -1 ]
   - [ 2.9778088378906250e+02, 2.6668283081054688e+02,
       3.1562745571136475e+00, 7.0036376953125000e+01,
       3.0773721635341644e-02, 7341055, -1 ]
   - [ 3.2045736694335938e+02, 4.3605508422851562e+02,
       3.2312824726104736e+00, 8.6440093994140625e+01,
       1.4524527825415134e-02, 9044991, -1 ]
   - [ 3.2047537231445312e+02, 3.2354931640625000e+02,
       1.8400663137435913e+00, 2.6789965820312500e+02,
       1.7081970348954201e-02, 1769983, -1 ]
   - [ 3.2248864746093750e+02, 2.6103744506835938e+02,
       3.0521695613861084e+00, 8.0007171630859375e+01,
       2.3253997787833214e-02, 4916223, -1 ]
   - [ 3.2384332275390625e+02, 4.3893774414062500e+02,
       2.4644348621368408e+00, 8.9927398681640625e+01,
       2.0498817786574364e-02, 6161151, -1 ]
   - [ 3.2446166992187500e+02, 2.5719107055664062e+02,
       3.0288152694702148e+00, 7.8087005615234375e+01,
       1.7509523779153824e-02, 4391935, -1 ]
   - [ 3.2766159057617188e+02, 3.2584548950195312e+02,
       2.3169510364532471e+00, 2.7004077148437500e+02,
       1.7804095521569252e-02, 1704703, -1 ]
   - [ 3.3013516235351562e+02, 2.5989132690429688e+02,
       2.6880419254302979e+00, 8.5152099609375000e+01,
       2.5712618604302406e-02, 12452607, -1 ]
   - [ 3.3300814819335938e+02, 3.2580523681640625e+02,
       3.0223438739776611e+00, 2.6853845214843750e+02,
       1.9006729125976562e-02, 4195327, -1 ]
   - [ 3.3880078125000000e+02, 3.2502548217773438e+02,
       2.4156756401062012e+00, 2.6729849243164062e+02,
       2.3689445108175278e-02, 4719359, -1 ]
   - [ 3.3900167846679688e+02, 3.2738525390625000e+02,
       6.7053947448730469e+00, 2.6927642822265625e+02,
       2.2669522091746330e-02, 11731712, -1 ]
   - [ 3.4559902954101562e+02, 4.4682232666015625e+02,
       2.4294211864471436e+00, 2.2891464233398438e+02,
       1.4307201839983463e-02, 5112575, -1 ]
   - [ 3.4994244384765625e+02, 4.4152160644531250e+02,
       3.3405959606170654e+00, 9.4089050292968750e+01,
       1.5920378267765045e-02, 11469823, -1 ]
   - [ 3.5729486083984375e+02, 2.5402998352050781e+02,
       4.1330313682556152e+00, 9.1074066162109375e+01,
       1.5781439840793610e-02, 10158336, -1 ]
   - [ 3.5927676391601562e+02, 3.2401565551757812e+02,
       3.4496974945068359e+00, 2.6990930175781250e+02,
       2.2850224748253822e-02, 13763583, -1 ]
   - [ 3.6322827148437500e+02, 2.9332040405273438e+02,
       5.6508068084716797e+01, 2.6346932983398438e+02,
       5.4423477500677109e-02, 15467267, -1 ]
   - [ 3.6640759277343750e+02, 3.2308300781250000e+02,
       2.5918304920196533e+00, 2.6553753662109375e+02,
       2.4330249056220055e-02, 9831167, -1 ]
   - [ 3.7785925292968750e+02, 3.2216406250000000e+02,
       4.3059434890747070e+00, 2.5987127685546875e+02,
       2.2647181525826454e-02, 13107456, -1 ]
   - [ 3.7861840820312500e+02, 3.2106530761718750e+02,
       2.6022481918334961e+00, 2.6052496337890625e+02,
       2.3308629170060158e-02, 10093311, -1 ]
   - [ 3.8462197875976562e+02, 3.2013757324218750e+02,
       2.4317414760589600e+00, 2.5942535400390625e+02,
       2.0411550998687744e-02, 5178111, -1 ]
   - [ 3.9073150634765625e+02, 2.6259088134765625e+02,
       4.5452837944030762e+00, 1.0424472045898438e+02,
       3.1903434544801712e-02, 328192, -1 ]
   - [ 3.9421774291992188e+02, 2.5806240844726562e+02,
       4.3854837417602539e+00, 1.0745532226562500e+02,
       2.4036096408963203e-02, 14418176, -1 ]
   - [ 3.9428604125976562e+02, 4.4262908935546875e+02,
       1.9742168188095093e+00, 8.4979614257812500e+01,
       1.8387412652373314e-02, 6816255, -1 ]
   - [ 3.9428604125976562e+02, 4.4262908935546875e+02,
       1.9742168188095093e+00, 1.1431089782714844e+02,
       1.8387412652373314e-02, 6816255, -1 ]
   - [ 4.0072802734375000e+02, 3.1735775756835938e+02,
       4.2481803894042969e+00, 2.5758056640625000e+02,
       2.2735217586159706e-02, 12124416, -1 ]
   - [ 4.0871035766601562e+02, 2.6316961669921875e+02,
       3.0878462791442871e+00, 1.0992376708984375e+02,
       2.7558194473385811e-02, 5768191, -1 ]
   - [ 4.2342947387695312e+02, 2.6832678222656250e+02,
       2.0909943580627441e+00, 1.0033023071289062e+02,
       2.2642903029918671e-02, 11010559, -1 ]
   - [ 4.2454449462890625e+02, 4.4615768432617188e+02,
       2.4671688079833984e+00, 9.0051025390625000e+01,
       1.5250653028488159e-02, 6226687, -1 ]
   - [ 4.3082604980468750e+02, 2.5453549194335938e+02,
       2.5515459060668945e+01, 1.0254061889648438e+02,
       3.0908454209566116e-02, 8127234, -1 ]
   - [ 4.3219869995117188e+02, 3.9387002563476562e+02,
       7.9455535888671875e+01, 2.5709634399414062e+02,
       3.1971044838428497e-02, 6750724, -1 ]
