%YAML:1.0
---
grayKeypoints:
   - [ 2.4424373626708984e+01, 9.9014538574218750e+02,
       8.7401580810546875e+00, 2.1552703857421875e+01,
       1.7468318343162537e-02, 14156033, -1 ]
   - [ 1.5927307128906250e+02, 3.1288949584960938e+02,
       3.2831788063049316e+00, 1.2223335266113281e+02,
       1.4860820025205612e-02, 10224639, -1 ]
   - [ 1.5927307128906250e+02, 3.1288949584960938e+02,
       3.2831788063049316e+00, 2.9383004760742188e+02,
       1.4860820025205612e-02, 10224639, -1 ]
   - [ 2.3334648132324219e+02, 7.5433056640625000e+02,
       2.1936175823211670e+00, 1.2124636840820312e+02,
       3.7205412983894348e-02, 14483967, -1 ]
   - [ 2.3334648132324219e+02, 7.5433056640625000e+02,
       2.1936175823211670e+00, 2.7954064941406250e+02,
       3.7205412983894348e-02, 14483967, -1 ]
   - [ 2.7646871948242188e+02, 8.7795812988281250e+02,
       6.5838303565979004e+00, 2.6553341674804688e+02,
       2.3479348048567772e-02, 10420992, -1 ]
   - [ 2.9695181274414062e+02, 5.6353797912597656e+01,
       3.3854794502258301e+00, 2.9751049804687500e+02,
       1.4963337220251560e-02, 12452863, -1 ]
   - [ 3.6555889892578125e+02, 3.8031378173828125e+02,
       3.0279242992401123e+00, 1.1736677551269531e+02,
       1.6354156658053398e-02, 4326399, -1 ]
   - [ 3.6555889892578125e+02, 3.8031378173828125e+02,
       3.0279242992401123e+00, 3.0246276855468750e+02,
       1.6354156658053398e-02, 4326399, -1 ]
   - [ 4.4786947631835938e+02, 6.3298474121093750e+02,
       4.4171357154846191e+00, 1.0299862670898438e+02,
       1.7459601163864136e-02, 14942464, -1 ]
   - [ 4.9064016723632812e+02, 8.7211676025390625e+02,
       5.3690643310546875e+00, 1.2789431762695312e+02,
       2.7010912075638771e-02, 12386816, -1 ]
   - [ 5.4384588623046875e+02, 6.9252209472656250e+02,
       2.7599542140960693e+00, 1.2621459960937500e+02,
       2.2596647962927818e-02, 14353151, -1 ]
   - [ 5.8792810058593750e+02, 6.8292993164062500e+02,
       4.5732722282409668e+00, 9.9072265625000000e+01,
       1.3723261654376984e-02, 786944, -1 ]
   - [ 5.8792810058593750e+02, 6.8292993164062500e+02,
       4.5732722282409668e+00, 2.5174092102050781e+02,
       1.3723261654376984e-02, 786944, -1 ]
   - [ 6.4023657226562500e+02, 1.2076621093750000e+03,
       9.3262023925781250e+00, 2.6903076171875000e+01,
       1.3553728349506855e-02, 2163201, -1 ]
   - [ 6.4548724365234375e+02, 1.2255081787109375e+03,
       3.7188212871551514e+00, 3.3109863281250000e+02,
       1.6011571511626244e-02, 2490624, -1 ]
   - [ 6.4595404052734375e+02, 1.3444956054687500e+03,
       2.0981786251068115e+00, 1.1400311279296875e+02,
       1.5577606856822968e-02, 11272703, -1 ]
   - [ 6.4595404052734375e+02, 1.3444956054687500e+03,
       2.0981786251068115e+00, 3.0325195312500000e+02,
       1.5577606856822968e-02, 11272703, -1 ]
   - [ 6.5130151367187500e+02, 1.2054382324218750e+03,
       4.9765081405639648e+00, 8.1815185546875000e+00,
       1.5860220417380333e-02, 6881792, -1 ]
   - [ 6.6522351074218750e+02, 1.2294746093750000e+03,
       1.0558182716369629e+01, 2.9613122558593750e+02,
       2.3567300289869308e-02, 11141633, -1 ]
   - [ 6.7015301513671875e+02, 1.5409807128906250e+03,
       1.9851928949356079e+00, 1.0765161132812500e+02,
       2.1454602479934692e-02, 7275007, -1 ]
   - [ 6.7015301513671875e+02, 1.5409807128906250e+03,
       1.9851928949356079e+00, 2.9250726318359375e+02,
       2.1454602479934692e-02, 7275007, -1 ]
   - [ 6.7157360839843750e+02, 1.5507397460937500e+03,
       3.2857358455657959e+00, 9.5664581298828125e+01,
       1.5870435163378716e-02, 10290175, -1 ]
   - [ 6.8741003417968750e+02, 1.1507941894531250e+03,
       4.3706375122070312e+01, 6.7574584960937500e+01,
       3.0807048082351685e-02, 13632003, -1 ]
   - [ 6.9200915527343750e+02, 1.2405595703125000e+03,
       1.2124148368835449e+01, 2.9732052612304688e+02,
       1.3570372946560383e-02, 4457217, -1 ]
   - [ 6.9662042236328125e+02, 1.2579783935546875e+03,
       1.3465359687805176e+01, 2.9662417602539062e+02,
       1.5790479257702827e-02, 11993857, -1 ]
   - [ 7.1482586669921875e+02, 1.2403297119140625e+03,
       2.0102325439453125e+01, 2.9799902343750000e+02,
       2.2438621148467064e-02, 7602690, -1 ]
   - [ 7.1846923828125000e+02, 1.2187961425781250e+03,
       6.2390411376953125e+01, 6.7112670898437500e+01,
       2.7823831886053085e-02, 5964036, -1 ]
   - [ 7.2039886474609375e+02, 9.2853442382812500e+02,
       1.0259502410888672e+01, 2.9598999023437500e+01,
       1.7551729455590248e-02, 9044481, -1 ]
   - [ 7.2874682617187500e+02, 9.3993182373046875e+02,
       1.0117263793945312e+01, 2.7788635253906250e+01,
       3.7328451871871948e-02, 8061441, -1 ]
   - [ 7.2956762695312500e+02, 9.0644024658203125e+02,
       1.3905356407165527e+01, 3.1832763671875000e+01,
       1.4685085043311119e-02, 14353153, -1 ]
   - [ 7.3604644775390625e+02, 9.2294696044921875e+02,
       8.0934171676635742e+00, 3.0369445800781250e+01,
       1.8038151785731316e-02, 8651009, -1 ]
   - [ 7.3918225097656250e+02, 9.4172113037109375e+02,
       5.9867696762084961e+00, 2.0131314086914062e+02,
       1.4799552969634533e-02, 3539712, -1 ]
   - [ 7.4624102783203125e+02, 9.0854602050781250e+02,
       1.1133259773254395e+01, 3.3583618164062500e+01,
       1.8907019868493080e-02, 15008257, -1 ]
   - [ 7.5994653320312500e+02, 1.0873712158203125e+03,
       1.2891424560546875e+02, 6.5116760253906250e+01,
       2.3627780377864838e-02, 8323333, -1 ]
   - [ 7.6392022705078125e+02, 1.2644429931640625e+03,
       1.2845881462097168e+01, 2.7278070068359375e+02,
       1.5082020312547684e-02, 8585985, -1 ]
   - [ 7.8672430419921875e+02, 8.1698736572265625e+02,
       4.3803783416748047e+01, 5.1231384277343750e+01,
       2.7167575433850288e-02, 13763075, -1 ]
   - [ 7.9610571289062500e+02, 1.2382225341796875e+03,
       1.7195325851440430e+01, 2.8532543945312500e+02,
       1.4501960948109627e-02, 12976386, -1 ]
   - [ 8.0655804443359375e+02, 8.3834197998046875e+02,
       7.9827780723571777e+00, 5.4262084960937500e+01,
       2.5628210976719856e-02, 7602433, -1 ]
   - [ 8.0810339355468750e+02, 1.1779449462890625e+03,
       4.8781208992004395e+00, 8.9769989013671875e+01,
       1.3796769082546234e-02, 5440000, -1 ]
   - [ 8.1936584472656250e+02, 8.3051855468750000e+02,
       9.1107006072998047e+00, 5.9656768798828125e+01,
       2.8106762096285820e-02, 459265, -1 ]
   - [ 8.4198199462890625e+02, 1.1913173828125000e+03,
       4.7270431518554688e+00, 8.0008758544921875e+01,
       1.3521466404199600e-02, 3146240, -1 ]
   - [ 8.8379455566406250e+02, 1.1953679199218750e+03,
       6.3150367736816406e+01, 8.6121917724609375e+01,
       3.3732336014509201e-02, 6816004, -1 ]
   - [ 8.8891259765625000e+02, 1.6019722900390625e+03,
       5.3353114128112793e+00, 3.0301251220703125e+02,
       2.1276460960507393e-02, 11928064, -1 ]
   - [ 8.9598187255859375e+02, 8.7457507324218750e+02,
       1.1327562713623047e+02, 2.4240080261230469e+02,
       6.2051504850387573e-02, 15663876, -1 ]
   - [ 9.2259014892578125e+02, 9.2876599121093750e+02,
       1.3130784988403320e+01, 2.4922955322265625e+02,
       2.7753997594118118e-02, 10224385, -1 ]
   - [ 9.2564691162109375e+02, 1.1743543701171875e+03,
       4.5782394409179688e+00, 8.9233032226562500e+01,
       1.5245137736201286e-02, 852480, -1 ]
   - [ 9.5656799316406250e+02, 7.2883074951171875e+02,
       5.2303018569946289e+00, 1.9635577392578125e+02,
       1.4050219208002090e-02, 10486272, -1 ]
   - [ 9.5656799316406250e+02, 7.2883074951171875e+02,
       5.2303018569946289e+00, 3.3981072998046875e+02,
       1.4050219208002090e-02, 10486272, -1 ]
   - [ 9.5905847167968750e+02, 7.9633435058593750e+02,
       2.1132450103759766e+00, 9.8929107666015625e+01,
       1.7981747165322304e-02, 11796991, -1 ]
   - [ 9.7155871582031250e+02, 7.9499182128906250e+02,
       2.1115696430206299e+00, 9.8713562011718750e+01,
       2.2642109543085098e-02, 11731455, -1 ]
