%YAML:1.0
---
grayKeypoints:
   - [ 8.1018814086914062e+01, 1.5183718261718750e+03,
       2.0935306549072266e+00, 8.6954406738281250e+01,
       1.5692016109824181e-02, 11076095, -1 ]
   - [ 8.2231834411621094e+01, 1.5226365966796875e+03,
       3.6989133358001709e+00, 3.4852554321289062e+02,
       4.8400737345218658e-02, 2097408, -1 ]
   - [ 1.3322001647949219e+02, 1.1680305175781250e+03,
       3.0851628780364990e+00, 1.2748046875000000e+01,
       2.6267347857356071e-02, 5702655, -1 ]
   - [ 1.3386366271972656e+02, 1.1499973144531250e+03,
       2.3866133689880371e+00, 1.7443359375000000e+01,
       1.3829337432980537e-02, 3867391, -1 ]
   - [ 1.3397296142578125e+02, 1.1547095947265625e+03,
       2.2546772956848145e+00, 1.0279479980468750e+01,
       1.4566564932465553e-02, 16450047, -1 ]
   - [ 1.3705207824707031e+02, 4.7689923095703125e+02,
       1.9513103961944580e+00, 3.5167297363281250e+02,
       1.6720743849873543e-02, 6029823, -1 ]
   - [ 1.3741424560546875e+02, 1.1492012939453125e+03,
       1.9849814176559448e+00, 2.0806762695312500e+01,
       2.8079535812139511e-02, 7209471, -1 ]
   - [ 1.3741424560546875e+02, 1.1492012939453125e+03,
       1.9849814176559448e+00, 1.6427288818359375e+02,
       2.8079535812139511e-02, 7209471, -1 ]
   - [ 1.3744473266601562e+02, 1.1640560302734375e+03,
       2.2021238803863525e+00, 1.9739648437500000e+02,
       1.7404893413186073e-02, 14746111, -1 ]
   - [ 1.3872909545898438e+02, 4.8080718994140625e+02,
       3.5332391262054443e+00, 3.4007827758789062e+02,
       1.7224155366420746e-02, 15533055, -1 ]
   - [ 2.2512814331054688e+02, 1.2785958251953125e+03,
       1.8927230834960938e+00, 4.8569854736328125e+01,
       4.3612547218799591e-02, 3801599, -1 ]
   - [ 2.2512814331054688e+02, 1.2785958251953125e+03,
       1.8927230834960938e+00, 2.3951617431640625e+02,
       4.3612547218799591e-02, 3801599, -1 ]
   - [ 3.5209832763671875e+02, 5.7009332275390625e+02,
       3.1314291954040527e+00, 1.7257846069335938e+02,
       1.7131758853793144e-02, 6816767, -1 ]
   - [ 3.5302511596679688e+02, 1.0082690429687500e+03,
       2.9657711982727051e+00, 1.9777648925781250e+01,
       4.0263690054416656e-02, 2884607, -1 ]
   - [ 3.5302511596679688e+02, 1.0082690429687500e+03,
       2.9657711982727051e+00, 2.3045257568359375e+02,
       4.0263690054416656e-02, 2884607, -1 ]
   - [ 3.8613208007812500e+02, 1.2676146240234375e+03,
       2.0547926425933838e+00, 8.7213073730468750e+01,
       2.2498229518532753e-02, 9765375, -1 ]
   - [ 3.8613208007812500e+02, 1.2676146240234375e+03,
       2.0547926425933838e+00, 2.6180511474609375e+02,
       2.2498229518532753e-02, 9765375, -1 ]
   - [ 4.7567160034179688e+02, 7.3598443603515625e+02,
       3.4175426959991455e+00, 1.5448486328125000e+01,
       2.4390900507569313e-02, 13108223, -1 ]
   - [ 4.9515411376953125e+02, 8.4460699462890625e+02,
       2.3270347118377686e+00, 9.7440795898437500e+00,
       3.8418114185333252e-02, 2032383, -1 ]
   - [ 5.6015606689453125e+02, 9.6112811279296875e+02,
       2.5582711696624756e+00, 1.1285385131835938e+02,
       1.5625182539224625e-02, 8848127, -1 ]
   - [ 5.6015606689453125e+02, 9.6112811279296875e+02,
       2.5582711696624756e+00, 3.5461233520507812e+02,
       1.5625182539224625e-02, 8848127, -1 ]
   - [ 5.6286590576171875e+02, 9.6485955810546875e+02,
       4.2886219024658203e+00, 1.1272401428222656e+02,
       3.1869158148765564e-02, 12845312, -1 ]
   - [ 5.6286590576171875e+02, 9.6485955810546875e+02,
       4.2886219024658203e+00, 2.2964726257324219e+02,
       3.1869158148765564e-02, 12845312, -1 ]
   - [ 5.6286590576171875e+02, 9.6485955810546875e+02,
       4.2886219024658203e+00, 3.5272430419921875e+02,
       3.1869158148765564e-02, 12845312, -1 ]
   - [ 5.8053283691406250e+02, 7.7642987060546875e+02,
       3.4642903804779053e+00, 1.9488281250000000e+01,
       3.0686674639582634e-02, 14091263, -1 ]
   - [ 5.8053283691406250e+02, 7.7642987060546875e+02,
       3.4642903804779053e+00, 1.9798423767089844e+02,
       3.0686674639582634e-02, 14091263, -1 ]
   - [ 6.1939239501953125e+02, 1.4684514160156250e+03,
       2.9078900814056396e+00, 2.2120602416992188e+02,
       2.8876245021820068e-02, 1442815, -1 ]
   - [ 6.4045037841796875e+02, 1.3097993164062500e+03,
       3.4951512813568115e+00, 2.0872009277343750e+01,
       1.5514823608100414e-02, 14746623, -1 ]
   - [ 7.3121948242187500e+02, 9.9571191406250000e+02,
       7.3881502151489258e+00, 2.4796417236328125e+01,
       2.0461967214941978e-02, 2031873, -1 ]
   - [ 7.3904809570312500e+02, 1.6400620117187500e+03,
       3.0773687362670898e+00, 8.2804412841796875e+01,
       1.3481835834681988e-02, 5506047, -1 ]
   - [ 7.3944891357421875e+02, 1.0022059936523438e+03,
       8.4232349395751953e+00, 2.4219024658203125e+01,
       4.5772418379783630e-02, 11534593, -1 ]
   - [ 7.4448931884765625e+02, 9.8637084960937500e+02,
       7.7825064659118652e+00, 2.3782592773437500e+01,
       2.5028349831700325e-02, 5767425, -1 ]
   - [ 7.4933453369140625e+02, 1.0010121459960938e+03,
       6.3943266868591309e+00, 1.8374050903320312e+02,
       1.9597623497247696e-02, 8323840, -1 ]
   - [ 7.6530657958984375e+02, 1.6337950439453125e+03,
       4.8435163497924805e+00, 7.7143280029296875e+01,
       1.5205065719783306e-02, 4915712, -1 ]
   - [ 7.6533898925781250e+02, 9.4433551025390625e+02,
       6.4321808815002441e+00, 2.8639831542968750e+01,
       2.9149826616048813e-02, 8717056, -1 ]
   - [ 7.7368017578125000e+02, 1.2832595214843750e+03,
       3.1106154918670654e+00, 3.5846136474609375e+02,
       1.5448166988790035e-02, 6292479, -1 ]
   - [ 7.7662103271484375e+02, 1.2710883789062500e+03,
       3.4742524623870850e+00, 1.0340423583984375e+01,
       2.4654105305671692e-02, 14287871, -1 ]
   - [ 7.7907519531250000e+02, 1.2940919189453125e+03,
       4.6027712821960449e+00, 3.1028546142578125e+02,
       1.5634005889296532e-02, 1245696, -1 ]
   - [ 7.8045587158203125e+02, 1.2866929931640625e+03,
       5.8419108390808105e+00, 3.1835021972656250e+02,
       2.6458036154508591e-02, 1770240, -1 ]
   - [ 7.8109222412109375e+02, 1.0237678222656250e+03,
       1.1078135490417480e+01, 2.6316339111328125e+02,
       1.7281778156757355e-02, 14615041, -1 ]
   - [ 7.8447021484375000e+02, 1.2995517578125000e+03,
       7.4544029235839844e+00, 3.0335263061523438e+02,
       1.4374626800417900e-02, 2687233, -1 ]
   - [ 7.8488897705078125e+02, 1.2992020263671875e+03,
       6.6888809204101562e+00, 3.0153649902343750e+02,
       1.4550186693668365e-02, 11535104, -1 ]
   - [ 7.9176367187500000e+02, 1.0078925170898438e+03,
       1.2869148254394531e+01, 2.6210592651367188e+02,
       1.9718024879693985e-02, 8717057, -1 ]
   - [ 7.9827099609375000e+02, 1.2917762451171875e+03,
       1.0426421165466309e+01, 2.8149307250976562e+02,
       2.6860743761062622e-02, 10224129, -1 ]
   - [ 7.9987615966796875e+02, 1.3061961669921875e+03,
       1.1277301788330078e+01, 2.8253948974609375e+02,
       1.6273228451609612e-02, 15925761, -1 ]
   - [ 8.0298596191406250e+02, 1.6226566162109375e+03,
       1.9274297952651978e+00, 8.5993286132812500e+01,
       1.6022330150008202e-02, 5112319, -1 ]
   - [ 8.0949670410156250e+02, 1.2069614257812500e+03,
       4.0311016082763672e+01, 5.9748382568359375e+01,
       2.7271661907434464e-02, 7799299, -1 ]
   - [ 8.1188311767578125e+02, 1.4098024902343750e+03,
       1.8631876707077026e+00, 8.6622589111328125e+01,
       3.4268058836460114e-02, 2687487, -1 ]
   - [ 8.1188311767578125e+02, 1.4098024902343750e+03,
       1.8631876707077026e+00, 2.3537658691406250e+02,
       3.4268058836460114e-02, 2687487, -1 ]
   - [ 8.1191308593750000e+02, 8.8620892333984375e+02,
       7.4924635887145996e+00, 4.7786346435546875e+01,
       3.3335063606500626e-02, 3014913, -1 ]
   - [ 8.2390612792968750e+02, 8.7619781494140625e+02,
       7.7716865539550781e+00, 5.1361877441406250e+01,
       3.6139484494924545e-02, 5701889, -1 ]
