%YAML:1.0
---
grayKeypoints:
   - [ 2.0392711639404297e+01, 4.1794851684570312e+02,
       8.5932540893554688e+00, 1.4369549560546875e+02,
       2.7478037402033806e-02, 12976385, -1 ]
   - [ 2.0392711639404297e+01, 4.1794851684570312e+02,
       8.5932540893554688e+00, 3.2671176147460938e+02,
       2.7478037402033806e-02, 12976385, -1 ]
   - [ 3.2077148437500000e+01, 4.3570571899414062e+02,
       8.4116029739379883e+00, 1.3330142211914062e+02,
       2.6150004938244820e-02, 11403521, -1 ]
   - [ 3.2077148437500000e+01, 4.3570571899414062e+02,
       8.4116029739379883e+00, 3.3181481933593750e+02,
       2.6150004938244820e-02, 11403521, -1 ]
   - [ 3.7221038818359375e+01, 4.2467724609375000e+02,
       7.5629167556762695e+00, 3.3027142333984375e+02,
       1.9216962158679962e-02, 3735809, -1 ]
   - [ 1.1354592895507812e+02, 8.5835528564453125e+02,
       2.3454058170318604e+00, 9.8239746093750000e+00,
       4.4389713555574417e-02, 2622207, -1 ]
   - [ 1.1354592895507812e+02, 8.5835528564453125e+02,
       2.3454058170318604e+00, 1.0882423400878906e+02,
       4.4389713555574417e-02, 2622207, -1 ]
   - [ 1.1354592895507812e+02, 8.5835528564453125e+02,
       2.3454058170318604e+00, 2.8719998168945312e+02,
       4.4389713555574417e-02, 2622207, -1 ]
   - [ 2.4056663513183594e+02, 8.5467114257812500e+02,
       1.9535938501358032e+00, 1.2397863769531250e+02,
       3.7997946143150330e-02, 6095359, -1 ]
   - [ 2.4528292846679688e+02, 3.0458837890625000e+02,
       3.9407441616058350e+00, 4.4257232666015625e+01,
       1.4414275996387005e-02, 6684928, -1 ]
   - [ 2.4596778869628906e+02, 3.1123626708984375e+02,
       3.9994409084320068e+00, 4.4727325439453125e+01,
       3.3807445317506790e-02, 7799040, -1 ]
   - [ 2.4999328613281250e+02, 3.0626715087890625e+02,
       2.5607049465179443e+00, 4.0350067138671875e+01,
       2.3143293336033821e-02, 8979199, -1 ]
   - [ 2.4999328613281250e+02, 3.0626715087890625e+02,
       2.5607049465179443e+00, 2.1897911071777344e+02,
       2.3143293336033821e-02, 8979199, -1 ]
   - [ 2.5176280212402344e+02, 3.1079049682617188e+02,
       3.5411121845245361e+00, 2.0740039062500000e+02,
       1.9367715343832970e-02, 15664127, -1 ]
   - [ 2.5193777465820312e+02, 3.1084197998046875e+02,
       3.5959713459014893e+00, 2.0563922119140625e+02,
       1.9408421590924263e-02, 65792, -1 ]
   - [ 2.6438168334960938e+02, 2.9200662231445312e+02,
       2.8159153461456299e+00, 5.0699279785156250e+01,
       2.7353027835488319e-02, 15794943, -1 ]
   - [ 2.6687716674804688e+02, 2.8644812011718750e+02,
       1.9848583936691284e+00, 5.0074523925781250e+01,
       1.4368669129908085e-02, 7209471, -1 ]
   - [ 2.7323873901367188e+02, 2.8116186523437500e+02,
       2.9800145626068115e+00, 5.5904998779296875e+01,
       1.5547589398920536e-02, 3212287, -1 ]
   - [ 2.7620220947265625e+02, 3.2031411743164062e+02,
       5.1950201988220215e+00, 2.8060833740234375e+02,
       1.4744678512215614e-02, 9961984, -1 ]
   - [ 2.7855224609375000e+02, 2.7695050048828125e+02,
       4.3078536987304688e+00, 5.9920593261718750e+01,
       1.4437405392527580e-02, 13172992, -1 ]
   - [ 2.8504870605468750e+02, 3.2621780395507812e+02,
       3.8409640789031982e+00, 2.7524127197265625e+02,
       1.5935748815536499e-02, 4849920, -1 ]
   - [ 2.8526672363281250e+02, 3.2602767944335938e+02,
       3.5761928558349609e+00, 2.7539788818359375e+02,
       1.5839312225580215e-02, 16385023, -1 ]
   - [ 2.9279983520507812e+02, 3.2726525878906250e+02,
       5.1543993949890137e+00, 2.7197668457031250e+02,
       1.9026152789592743e-02, 9437696, -1 ]
   - [ 2.9304971313476562e+02, 2.7482101440429688e+02,
       2.9763181209564209e+00, 6.4614074707031250e+01,
       2.8429361060261726e-02, 3146751, -1 ]
   - [ 2.9485119628906250e+02, 4.3373693847656250e+02,
       8.0902156829833984e+00, 3.0277066040039062e+02,
       1.4512906782329082e-02, 8585473, -1 ]
   - [ 2.9975561523437500e+02, 2.7212417602539062e+02,
       3.7730481624603271e+00, 6.9835388183593750e+01,
       2.6236029341816902e-02, 3539200, -1 ]
   - [ 3.0065173339843750e+02, 2.6694854736328125e+02,
       3.8447148799896240e+00, 7.1142517089843750e+01,
       1.4267337508499622e-02, 4915456, -1 ]
   - [ 3.0784112548828125e+02, 2.6551586914062500e+02,
       3.0854518413543701e+00, 7.6380432128906250e+01,
       1.5854371711611748e-02, 5702655, -1 ]
   - [ 3.0928427124023438e+02, 3.2294448852539062e+02,
       2.2329280376434326e+00, 2.6983367919921875e+02,
       1.5048711560666561e-02, 15729151, -1 ]
   - [ 3.0990625000000000e+02, 3.2559613037109375e+02,
       1.9883497953414917e+00, 2.6927273559570312e+02,
       1.7819264903664589e-02, 7340543, -1 ]
   - [ 3.1122177124023438e+02, 4.4075012207031250e+02,
       6.3167548179626465e+00, 3.0102969360351562e+02,
       1.5908038243651390e-02, 7406336, -1 ]
   - [ 3.1319836425781250e+02, 2.6471853637695312e+02,
       2.6255109310150146e+00, 7.8697570800781250e+01,
       1.4495835639536381e-02, 10748671, -1 ]
   - [ 3.2169192504882812e+02, 2.6353289794921875e+02,
       2.1318416595458984e+00, 7.9461944580078125e+01,
       1.3387843966484070e-02, 12386815, -1 ]
   - [ 3.2975570678710938e+02, 4.2891046142578125e+02,
       2.2972838878631592e+00, 9.0748809814453125e+01,
       1.6063358634710312e-02, 1114879, -1 ]
   - [ 3.3324182128906250e+02, 2.6089852905273438e+02,
       3.4668610095977783e+00, 8.1617523193359375e+01,
       1.4186144806444645e-02, 14156799, -1 ]
   - [ 3.3787423706054688e+02, 4.1543655395507812e+02,
       5.1977243423461914e+00, 8.1446563720703125e+01,
       1.5939528122544289e-02, 10027520, -1 ]
   - [ 3.3866772460937500e+02, 2.6079483032226562e+02,
       3.2279782295227051e+00, 8.2549713134765625e+01,
       1.4113650657236576e-02, 8979455, -1 ]
   - [ 3.5457629394531250e+02, 2.9501229858398438e+02,
       5.1740936279296875e+01, 2.6327957153320312e+02,
       5.6082278490066528e-02, 9110275, -1 ]
   - [ 3.6319113159179688e+02, 2.6009085083007812e+02,
       3.2775940895080566e+00, 9.0995544433593750e+01,
       1.6690703108906746e-02, 10093567, -1 ]
   - [ 3.6765060424804688e+02, 3.2255590820312500e+02,
       4.1425619125366211e+00, 2.6017846679687500e+02,
       2.2191934287548065e-02, 10289408, -1 ]
   - [ 3.7708999633789062e+02, 3.2126284790039062e+02,
       5.0183768272399902e+00, 2.5951062011718750e+02,
       2.4769878014922142e-02, 7471616, -1 ]
   - [ 3.9355392456054688e+02, 8.5059991455078125e+02,
       2.2460553646087646e+00, 2.9778320312500000e+01,
       1.4810525812208652e-02, 16187903, -1 ]
   - [ 3.9409219360351562e+02, 4.3148330688476562e+02,
       1.8595573902130127e+00, 1.1153494262695312e+02,
       1.3990215957164764e-02, 2490879, -1 ]
   - [ 3.9468261718750000e+02, 8.3180346679687500e+02,
       1.6192655563354492e+01, 2.6781951904296875e+01,
       1.6399094834923744e-02, 8651010, -1 ]
   - [ 4.0243283081054688e+02, 8.5498712158203125e+02,
       4.5379915237426758e+00, 4.6548828125000000e+01,
       2.1184250712394714e-02, 197120, -1 ]
   - [ 4.0438665771484375e+02, 8.2614562988281250e+02,
       5.0564794540405273e+00, 2.3078552246093750e+01,
       1.6501026228070259e-02, 7995904, -1 ]
   - [ 4.0960885620117188e+02, 8.1270275878906250e+02,
       6.1006941795349121e+00, 2.1786437988281250e+01,
       1.3531235046684742e-02, 4915968, -1 ]
   - [ 4.1293075561523438e+02, 8.0971252441406250e+02,
       2.7444832324981689e+00, 1.7471435546875000e+01,
       1.3384693302214146e-02, 13959935, -1 ]
   - [ 4.1366995239257812e+02, 8.2580493164062500e+02,
       7.4343361854553223e+00, 2.7033233642578125e+01,
       2.3530043661594391e-02, 2490625, -1 ]
   - [ 4.1419223022460938e+02, 8.3321124267578125e+02,
       3.9535999298095703e+00, 2.4977502441406250e+02,
       1.8376048654317856e-02, 6947072, -1 ]
   - [ 4.1496743774414062e+02, 3.8447595214843750e+02,
       7.3077346801757812e+01, 2.5253887939453125e+02,
       2.9414771124720573e-02, 655876, -1 ]
