%YAML:1.0
---
grayKeypoints:
   - [ 1.1510468292236328e+02, 3.5195541381835938e+02,
       1.8204411268234253e+00, 1.2600837707519531e+02,
       1.7980229109525681e-02, 983551, -1 ]
   - [ 1.4127201843261719e+02, 3.2793200683593750e+02,
       1.9136219024658203e+00, 9.8212646484375000e+01,
       1.3407097198069096e-02, 4588031, -1 ]
   - [ 1.4127201843261719e+02, 3.2793200683593750e+02,
       1.9136219024658203e+00, 2.9623040771484375e+02,
       1.3407097198069096e-02, 4588031, -1 ]
   - [ 1.4534222412109375e+02, 4.9702041625976562e+02,
       3.9507234096527100e+00, 2.8666769409179688e+02,
       1.9984597340226173e-02, 6881536, -1 ]
   - [ 1.9730924987792969e+02, 1.3063442382812500e+03,
       5.1972880363464355e+00, 8.1213195800781250e+01,
       2.4528654292225838e-02, 10027520, -1 ]
   - [ 1.9730924987792969e+02, 1.3063442382812500e+03,
       5.1972880363464355e+00, 2.6333850097656250e+02,
       2.4528654292225838e-02, 10027520, -1 ]
   - [ 2.1014756774902344e+02, 1.3003981933593750e+03,
       3.1734826564788818e+00, 8.2500183105468750e+01,
       1.3465846888720989e-02, 7734271, -1 ]
   - [ 2.1403767395019531e+02, 1.3094520263671875e+03,
       2.8199908733367920e+00, 2.6261749267578125e+02,
       1.3726851902902126e-02, 15926015, -1 ]
   - [ 2.1754307556152344e+02, 1.3002766113281250e+03,
       2.0722343921661377e+00, 8.6926208496093750e+01,
       1.5274656936526299e-02, 10355199, -1 ]
   - [ 2.2158715820312500e+02, 1.3041075439453125e+03,
       4.5433821678161621e+00, 9.8899383544921875e+01,
       2.6126716285943985e-02, 262656, -1 ]
   - [ 2.2158715820312500e+02, 1.3041075439453125e+03,
       4.5433821678161621e+00, 2.5973339843750000e+02,
       2.6126716285943985e-02, 262656, -1 ]
   - [ 2.2892324829101562e+02, 8.4007675170898438e+01,
       1.9106212854385376e+00, 1.2561795043945312e+02,
       1.3505799695849419e-02, 4456959, -1 ]
   - [ 2.2892324829101562e+02, 8.4007675170898438e+01,
       1.9106212854385376e+00, 2.9798425292968750e+02,
       1.3505799695849419e-02, 4456959, -1 ]
   - [ 2.3133268737792969e+02, 5.7640826416015625e+02,
       2.4067292213439941e+00, 9.7471313476562500e+01,
       2.4420794099569321e-02, 4457215, -1 ]
   - [ 2.3362416076660156e+02, 5.7968896484375000e+02,
       1.9823818206787109e+00, 2.7867858886718750e+02,
       1.4728363603353500e-02, 7143935, -1 ]
   - [ 3.4098806762695312e+02, 9.9814227294921875e+02,
       3.8983399868011475e+00, 1.1961947631835938e+02,
       1.9470615312457085e-02, 5898496, -1 ]
   - [ 3.4098806762695312e+02, 9.9814227294921875e+02,
       3.8983399868011475e+00, 2.8105377197265625e+02,
       1.9470615312457085e-02, 5898496, -1 ]
   - [ 4.4159051513671875e+02, 5.0408139038085938e+02,
       4.0254139900207520e+00, 1.0631767272949219e+02,
       1.5441278927028179e-02, 8257792, -1 ]
   - [ 4.4159051513671875e+02, 5.0408139038085938e+02,
       4.0254139900207520e+00, 2.6878497314453125e+02,
       1.5441278927028179e-02, 8257792, -1 ]
   - [ 5.0579098510742188e+02, 7.0995446777343750e+02,
       2.8075653076171875e+01, 3.0270245361328125e+02,
       3.1497731804847717e-02, 15008514, -1 ]
   - [ 5.0621319580078125e+02, 7.2371447753906250e+02,
       3.1739995479583740e+00, 2.8997613525390625e+02,
       1.6571031883358955e-02, 7734271, -1 ]
   - [ 5.1295037841796875e+02, 4.1026119995117188e+02,
       4.7363443374633789e+00, 1.0869451904296875e+02,
       2.5938224047422409e-02, 3277312, -1 ]
   - [ 5.1311810302734375e+02, 7.3573626708984375e+02,
       7.7449545860290527e+00, 2.8670748901367188e+02,
       1.5081879682838917e-02, 5439745, -1 ]
   - [ 5.3020520019531250e+02, 6.9918658447265625e+02,
       5.2456030845642090e+00, 2.4053530883789062e+02,
       1.8708847463130951e-02, 10682880, -1 ]
   - [ 5.4088702392578125e+02, 7.2213195800781250e+02,
       9.5050125122070312e+00, 8.9747497558593750e+01,
       1.7333772033452988e-02, 3539457, -1 ]
   - [ 5.4299230957031250e+02, 6.7344158935546875e+02,
       2.7029306888580322e+00, 8.2934417724609375e+01,
       1.5093340538442135e-02, 12845823, -1 ]
   - [ 5.4877307128906250e+02, 6.9973913574218750e+02,
       3.9730160236358643e+00, 2.7477023315429688e+02,
       1.7114501446485519e-02, 7274752, -1 ]
   - [ 5.5030963134765625e+02, 7.0916027832031250e+02,
       8.5773000717163086e+00, 7.8096191406250000e+01,
       2.6735166087746620e-02, 12845313, -1 ]
   - [ 5.5729479980468750e+02, 6.7543341064453125e+02,
       6.4420428276062012e+00, 8.8294219970703125e+01,
       1.7635464668273926e-02, 8848128, -1 ]
   - [ 5.5954492187500000e+02, 7.8088641357421875e+02,
       4.1339515686035156e+01, 3.0079519653320312e+02,
       2.7039559558033943e-02, 9568771, -1 ]
   - [ 5.5974273681640625e+02, 6.9282727050781250e+02,
       4.6873474121093750e+00, 3.0349011230468750e+02,
       1.4314332976937294e-02, 2556416, -1 ]
   - [ 5.6021875000000000e+02, 7.4071289062500000e+02,
       2.5651948451995850e+00, 9.7344451904296875e+01,
       1.8655326217412949e-02, 9044735, -1 ]
   - [ 5.6021875000000000e+02, 7.4071289062500000e+02,
       2.5651948451995850e+00, 2.6988049316406250e+02,
       1.8655326217412949e-02, 9044735, -1 ]
   - [ 5.6132702636718750e+02, 6.7311193847656250e+02,
       2.0085299015045166e+00, 9.1046691894531250e+01,
       1.4168044552206993e-02, 8061439, -1 ]
   - [ 5.6162396240234375e+02, 1.4458447265625000e+03,
       3.4431023597717285e+00, 9.0082946777343750e+01,
       1.5213539823889732e-02, 13632511, -1 ]
   - [ 5.6166088867187500e+02, 7.5611260986328125e+02,
       2.8522334098815918e+00, 2.6972430419921875e+02,
       2.1990133449435234e-02, 66559, -1 ]
   - [ 5.6410742187500000e+02, 1.4455468750000000e+03,
       2.0255491733551025e+00, 9.3790313720703125e+01,
       1.3489530421793461e-02, 8716799, -1 ]
   - [ 5.7191876220703125e+02, 1.2636158447265625e+03,
       1.9168910980224609e+00, 1.0683515930175781e+02,
       1.6829483211040497e-02, 4719103, -1 ]
   - [ 5.7191876220703125e+02, 1.2636158447265625e+03,
       1.9168910980224609e+00, 2.3911775207519531e+02,
       1.6829483211040497e-02, 4719103, -1 ]
   - [ 5.7229168701171875e+02, 6.6136810302734375e+02,
       1.6893747329711914e+01, 8.9550048828125000e+01,
       1.5984799712896347e-02, 11731202, -1 ]
   - [ 5.7388641357421875e+02, 6.6344995117187500e+02,
       1.3976144790649414e+01, 9.1116363525390625e+01,
       1.6338370740413666e-02, 14746369, -1 ]
   - [ 5.9616467285156250e+02, 2.4637860107421875e+02,
       7.2651553153991699e+00, 1.8607344055175781e+02,
       2.1410483866930008e-02, 786689, -1 ]
   - [ 5.9616467285156250e+02, 2.4637860107421875e+02,
       7.2651553153991699e+00, 3.5220159912109375e+02,
       2.1410483866930008e-02, 786689, -1 ]
   - [ 6.1242376708984375e+02, 8.2478979492187500e+02,
       1.9029476165771484e+01, 2.8400042724609375e+02,
       2.2967984899878502e-02, 3604994, -1 ]
   - [ 6.1809765625000000e+02, 8.4097979736328125e+02,
       1.9703216552734375e+00, 2.7084802246093750e+02,
       1.3673517853021622e-02, 6685183, -1 ]
   - [ 6.2113110351562500e+02, 8.3488775634765625e+02,
       4.5669670104980469e+00, 2.7795501708984375e+02,
       1.3436405919492245e-02, 655872, -1 ]
   - [ 6.2413220214843750e+02, 6.7048028564453125e+02,
       2.3732234954833984e+01, 1.1044000244140625e+02,
       1.4894145540893078e-02, 2884354, -1 ]
   - [ 6.2451171875000000e+02, 8.0210491943359375e+02,
       1.1642277717590332e+01, 2.7989089965820312e+02,
       1.9292820245027542e-02, 1508097, -1 ]
   - [ 6.2868334960937500e+02, 8.2984906005859375e+02,
       6.2113966941833496e+00, 2.7827105712890625e+02,
       2.2507872432470322e-02, 6161152, -1 ]
   - [ 6.2893737792968750e+02, 8.5833868408203125e+02,
       2.8534637451171875e+01, 2.7465408325195312e+02,
       1.6654193401336670e-02, 16188162, -1 ]
   - [ 6.3016412353515625e+02, 5.8558630371093750e+02,
       7.4895820617675781e+00, 4.7646057128906250e+01,
       1.5159697271883488e-02, 3014913, -1 ]
   - [ 6.3016412353515625e+02, 5.8558630371093750e+02,
