%YAML:1.0
---
grayKeypoints:
   - [ 1.5113696289062500e+02, 7.2846313476562500e+02,
       2.2386131286621094e+00, 2.5630017089843750e+02,
       2.3211676627397537e-02, 15925759, -1 ]
   - [ 1.6426477050781250e+02, 7.2589263916015625e+02,
       1.8973820209503174e+00, 2.5535861206054688e+02,
       3.0693091452121735e-02, 3998207, -1 ]
   - [ 2.7102929687500000e+02, 4.4614935302734375e+02,
       7.0070214271545410e+00, 3.0608779907226562e+02,
       1.4558382332324982e-02, 14942976, -1 ]
   - [ 2.7593499755859375e+02, 4.3243856811523438e+02,
       1.3344206809997559e+01, 3.0087496948242188e+02,
       3.2369811087846756e-02, 11338497, -1 ]
   - [ 2.8120196533203125e+02, 4.4495654296875000e+02,
       3.8521981239318848e+00, 2.8414572143554688e+02,
       1.5502211637794971e-02, 5046528, -1 ]
   - [ 2.8354241943359375e+02, 4.2455508422851562e+02,
       2.1373505592346191e+00, 2.2484663391113281e+02,
       1.4547791332006454e-02, 12583423, -1 ]
   - [ 2.9128469848632812e+02, 4.4518527221679688e+02,
       3.2787110805511475e+00, 2.5831530761718750e+02,
       1.9289895892143250e-02, 10093567, -1 ]
   - [ 2.9197299194335938e+02, 4.2276629638671875e+02,
       2.4584908485412598e+00, 2.6358779907226562e+02,
       1.6721144318580627e-02, 6030079, -1 ]
   - [ 2.9217553710937500e+02, 4.2903820800781250e+02,
       9.0349645614624023e+00, 7.9589355468750000e+01,
       3.9038773626089096e-02, 16580865, -1 ]
   - [ 2.9312387084960938e+02, 4.3705844116210938e+02,
       4.4001555442810059e+00, 8.2556732177734375e+01,
       1.8543867394328117e-02, 14680320, -1 ]
   - [ 2.9358541870117188e+02, 2.0310835266113281e+02,
       2.5498325824737549e+00, 1.8373077392578125e+02,
       2.9420007020235062e-02, 8651519, -1 ]
   - [ 2.9358541870117188e+02, 2.0310835266113281e+02,
       2.5498325824737549e+00, 3.4403018188476562e+02,
       2.9420007020235062e-02, 8651519, -1 ]
   - [ 2.9753628540039062e+02, 4.1300704956054688e+02,
       2.5973796844482422e+00, 8.3960083007812500e+01,
       2.2144200280308723e-02, 9962239, -1 ]
   - [ 2.9823443603515625e+02, 4.5439019775390625e+02,
       2.7403209209442139e+00, 2.8931475830078125e+02,
       1.5335096977651119e-02, 13828863, -1 ]
   - [ 2.9991461181640625e+02, 4.5120269775390625e+02,
       2.2421557903289795e+00, 2.9434039306640625e+02,
       2.1636055782437325e-02, 16056831, -1 ]
   - [ 3.0046386718750000e+02, 4.2188638305664062e+02,
       2.0836136341094971e+00, 2.9861840820312500e+02,
       1.7221674323081970e-02, 10748415, -1 ]
   - [ 3.0086416625976562e+02, 4.1674954223632812e+02,
       9.4337501525878906e+00, 8.6113006591796875e+01,
       2.3244649171829224e-02, 3015169, -1 ]
   - [ 3.0304522705078125e+02, 4.1257662963867188e+02,
       2.4655470848083496e+00, 9.0404174804687500e+01,
       1.6638964414596558e-02, 6226687, -1 ]
   - [ 3.0638409423828125e+02, 4.6440441894531250e+02,
       1.8399570465087891e+01, 2.9909915161132812e+02,
       2.7296006679534912e-02, 1180162, -1 ]
   - [ 3.0892529296875000e+02, 2.5198365783691406e+02,
       2.7080087661743164e+00, 4.9432830810546875e+01,
       1.5268920920789242e-02, 12976895, -1 ]
   - [ 3.0892529296875000e+02, 2.5198365783691406e+02,
       2.7080087661743164e+00, 2.1455610656738281e+02,
       1.5268920920789242e-02, 12976895, -1 ]
   - [ 3.1014248657226562e+02, 4.0904797363281250e+02,
       2.9699625968933105e+00, 9.1275512695312500e+01,
       1.4128879643976688e-02, 2950143, -1 ]
   - [ 3.2302633666992188e+02, 4.7836578369140625e+02,
       2.2223465442657471e+00, 3.4152496337890625e+02,
       2.2553268820047379e-02, 15401471, -1 ]
   - [ 3.2425958251953125e+02, 3.9478628540039062e+02,
       2.4845592975616455e+00, 1.9088362121582031e+02,
       1.5019673854112625e-02, 6750975, -1 ]
   - [ 3.2425958251953125e+02, 3.9478628540039062e+02,
       2.4845592975616455e+00, 3.4116323852539062e+02,
       1.5019673854112625e-02, 6750975, -1 ]
   - [ 3.2985641479492188e+02, 4.0983944702148438e+02,
       1.1012850761413574e+01, 1.0650787353515625e+02,
       1.5624699182808399e-02, 14221825, -1 ]
   - [ 3.3032693481445312e+02, 4.8449185180664062e+02,
       7.3801875114440918e+00, 2.9253759765625000e+02,
       2.4747734889388084e-02, 1966337, -1 ]
   - [ 3.3171151733398438e+02, 3.7127682495117188e+02,
       3.6496257781982422e+00, 4.7143432617187500e+01,
       1.5974670648574829e-02, 1179904, -1 ]
   - [ 3.3515734863281250e+02, 4.2902828979492188e+02,
       3.0242736339569092e+00, 7.1052307128906250e+01,
       2.3543568328022957e-02, 4260863, -1 ]
   - [ 3.3515734863281250e+02, 4.2902828979492188e+02,
       3.0242736339569092e+00, 1.9678361511230469e+02,
       2.3543568328022957e-02, 4260863, -1 ]
   - [ 3.4037884521484375e+02, 4.8648660278320312e+02,
       3.0697977542877197e+00, 2.7266699218750000e+02,
       2.2259084507822990e-02, 5374975, -1 ]
   - [ 3.4107739257812500e+02, 4.7021151733398438e+02,
       2.1733846664428711e+00, 2.7094955444335938e+02,
       1.6673235222697258e-02, 13828607, -1 ]
   - [ 3.4409985351562500e+02, 4.1982635498046875e+02,
       2.6057302951812744e+00, 1.3776934814453125e+02,
       1.5685977414250374e-02, 10224383, -1 ]
   - [ 3.4493276977539062e+02, 3.7074905395507812e+02,
       1.3774972915649414e+01, 8.7370208740234375e+01,
       2.1292991936206818e-02, 13697793, -1 ]
   - [ 3.4675640869140625e+02, 4.5290090942382812e+02,
       3.8347633361816406e+01, 2.7636367797851562e+02,
       3.1809020787477493e-02, 4129283, -1 ]
   - [ 3.4743710327148438e+02, 4.1616699218750000e+02,
       3.9504196643829346e+00, 1.2669992065429688e+02,
       2.2863360121846199e-02, 6881536, -1 ]
   - [ 3.4743710327148438e+02, 4.1616699218750000e+02,
       3.9504196643829346e+00, 2.8915072631835938e+02,
       2.2863360121846199e-02, 6881536, -1 ]
   - [ 3.5225747680664062e+02, 4.7290618896484375e+02,
       1.9034416675567627e+00, 2.6695196533203125e+02,
       1.9500350579619408e-02, 4194815, -1 ]
   - [ 3.5400814819335938e+02, 4.2761581420898438e+02,
       2.4628417491912842e+00, 1.0601731872558594e+02,
       1.6290910542011261e-02, 6161151, -1 ]
   - [ 3.5400814819335938e+02, 4.2761581420898438e+02,
       2.4628417491912842e+00, 2.3501333618164062e+02,
       1.6290910542011261e-02, 6161151, -1 ]
   - [ 3.5440032958984375e+02, 3.6805841064453125e+02,
       2.8604204654693604e+00, 9.7782043457031250e+01,
       1.9717680290341377e-02, 263167, -1 ]
   - [ 3.5545764160156250e+02, 4.1804635620117188e+02,
       2.6695344448089600e+00, 2.7833288574218750e+02,
       1.6538592055439949e-02, 11928319, -1 ]
   - [ 3.5600405883789062e+02, 3.7314297485351562e+02,
       4.5052609443664551e+00, 2.6782250976562500e+02,
       2.3190993815660477e-02, 16384256, -1 ]
   - [ 3.5614169311523438e+02, 3.7956713867187500e+02,
       5.0209536552429199e+00, 2.6583755493164062e+02,
       1.4430916868150234e-02, 7537152, -1 ]
   - [ 3.5712991333007812e+02, 3.6352987670898438e+02,
       2.2367625236511230e+00, 9.1076965332031250e+01,
       1.4548851177096367e-02, 15860223, -1 ]
   - [ 3.5971066284179688e+02, 4.3399993896484375e+02,
       7.4544730186462402e+00, 1.0027908325195312e+02,
       2.4714505299925804e-02, 2687233, -1 ]
   - [ 3.6175167846679688e+02, 4.6818212890625000e+02,
       5.4341125488281250e+00, 2.6492288208007812e+02,
       1.5371433459222317e-02, 13238784, -1 ]
   - [ 3.6313259887695312e+02, 5.5037530517578125e+02,
       4.9441637992858887e+00, 3.2202148437500000e+02,
       2.4614743888378143e-02, 6423040, -1 ]
   - [ 3.6361614990234375e+02, 4.7949114990234375e+02,
       2.9029848575592041e+00, 9.5390502929687500e+01,
       1.6405196860432625e-02, 1311743, -1 ]
   - [ 3.6361614990234375e+02, 4.7949114990234375e+02,
       2.9029848575592041e+00, 2.5337982177734375e+02,
       1.6405196860432625e-02, 1311743, -1 ]
   - [ 3.6373205566406250e+02, 5.4195245361328125e+02,
       3.2067356109619141e+00, 3.3818930053710938e+02,
       4.2976498603820801e-02, 8520703, -1 ]
