%YAML:1.0
---
grayKeypoints:
   - [ 3.5057218074798584e+00, 2.3508500671386719e+02,
       1.8601608276367188e+00, 2.0658171081542969e+02,
       1.4080215245485306e-02, 2556415, -1 ]
   - [ 3.5057218074798584e+00, 2.3508500671386719e+02,
       1.8601608276367188e+00, 3.1513632202148438e+02,
       1.4080215245485306e-02, 2556415, -1 ]
   - [ 1.4023335456848145e+01, 4.9166403198242188e+02,
       1.2938387870788574e+01, 9.8560058593750000e+01,
       2.8513044118881226e-02, 9110273, -1 ]
   - [ 1.4023335456848145e+01, 4.9166403198242188e+02,
       1.2938387870788574e+01, 3.3339831542968750e+02,
       2.8513044118881226e-02, 9110273, -1 ]
   - [ 2.1492994308471680e+01, 4.6635534667968750e+02,
       1.4690325736999512e+01, 3.2925146484375000e+02,
       2.1024694666266441e-02, 1638658, -1 ]
   - [ 4.4981765747070312e+01, 7.3690026855468750e+02,
       1.8277838230133057e+00, 1.3032858276367188e+02,
       1.3669990934431553e-02, 1245695, -1 ]
   - [ 2.3473027038574219e+02, 1.2982907714843750e+03,
       5.4043841361999512e+00, 1.6631517028808594e+02,
       3.4965176135301590e-02, 12845568, -1 ]
   - [ 2.4002723693847656e+02, 1.2988999023437500e+03,
       3.2993435859680176e+00, 1.6849398803710938e+02,
       1.4698163606226444e-02, 10552319, -1 ]
   - [ 3.7403213500976562e+02, 8.3609289550781250e+02,
       3.2063534259796143e+00, 1.6212768554687500e+02,
       2.3627936840057373e-02, 8520703, -1 ]
   - [ 3.7403213500976562e+02, 8.3609289550781250e+02,
       3.2063534259796143e+00, 3.3728491210937500e+02,
       2.3627936840057373e-02, 8520703, -1 ]
   - [ 4.3118731689453125e+02, 6.3798583984375000e+02,
       3.0627620220184326e+00, 3.4022665405273438e+02,
       2.1686904132366180e-02, 5178367, -1 ]
   - [ 4.7613400268554688e+02, 1.3191834716796875e+03,
       2.9504973888397217e+00, 1.5564971923828125e+02,
       2.5592477992177010e-02, 2491391, -1 ]
   - [ 4.8505484008789062e+02, 3.4729901123046875e+02,
       9.1061134338378906e+00, 4.6200347900390625e+01,
       3.4977041184902191e-02, 459265, -1 ]
   - [ 4.8505484008789062e+02, 3.4729901123046875e+02,
       9.1061134338378906e+00, 2.9148400878906250e+02,
       3.4977041184902191e-02, 459265, -1 ]
   - [ 4.8557608032226562e+02, 7.7331146240234375e+02,
       3.7071671485900879e+00, 1.4655580139160156e+02,
       2.2525060921907425e-02, 2294016, -1 ]
   - [ 4.9603961181640625e+02, 3.3305172729492188e+02,
       7.0904664993286133e+00, 4.0735565185546875e+01,
       1.8361177295446396e-02, 15794944, -1 ]
   - [ 4.9840573120117188e+02, 3.4705935668945312e+02,
       7.8786239624023438e+00, 1.9882530212402344e+02,
       1.8896378576755524e-02, 6684929, -1 ]
   - [ 5.1210070800781250e+02, 3.1941204833984375e+02,
       1.0640547752380371e+01, 4.9582366943359375e+01,
       1.6080701723694801e-02, 11731457, -1 ]
   - [ 5.3081292724609375e+02, 3.0277825927734375e+02,
       7.1929736137390137e+00, 4.7245849609375000e+01,
       1.9166918471455574e-02, 65793, -1 ]
   - [ 5.4116754150390625e+02, 2.9476879882812500e+02,
       7.0055284500122070e+00, 5.4198181152343750e+01,
       1.6770608723163605e-02, 14877440, -1 ]
   - [ 5.6028796386718750e+02, 2.7150897216796875e+02,
       8.4772615432739258e+00, 5.9917877197265625e+01,
       1.4656113460659981e-02, 11993345, -1 ]
   - [ 5.6340332031250000e+02, 2.7400750732421875e+02,
       4.1391453742980957e+00, 6.9872467041015625e+01,
       1.4401691965758801e-02, 10289408, -1 ]
   - [ 5.8147821044921875e+02, 3.6599969482421875e+02,
       1.1246093750000000e+01, 2.7380242919921875e+02,
       1.8740236759185791e-02, 15729153, -1 ]
   - [ 5.9442126464843750e+02, 6.0071008300781250e+02,
       1.8448251724243164e+01, 8.6796142578125000e+01,
       1.5076781623065472e-02, 1376770, -1 ]
   - [ 5.9763317871093750e+02, 2.6463760375976562e+02,
       6.3783030509948730e+00, 7.0371398925781250e+01,
       2.8583822771906853e-02, 8127232, -1 ]
   - [ 6.0285577392578125e+02, 2.5069860839843750e+02,
       1.0588334083557129e+01, 7.0014282226562500e+01,
       1.5857031568884850e-02, 11338241, -1 ]
   - [ 6.1295892333984375e+02, 2.5948809814453125e+02,
       8.4050416946411133e+00, 7.0745635986328125e+01,
       2.4800825864076614e-02, 11337985, -1 ]
   - [ 6.2077789306640625e+02, 2.4756790161132812e+02,
       7.4876236915588379e+00, 7.9076995849609375e+01,
       1.4312060549855232e-02, 3014913, -1 ]
   - [ 6.4946520996093750e+02, 2.4016191101074219e+02,
       1.0071452140808105e+01, 8.0712707519531250e+01,
       1.5948485583066940e-02, 7733761, -1 ]
   - [ 6.6405065917968750e+02, 6.0007928466796875e+02,
       7.2243151664733887e+00, 9.0677062988281250e+01,
       1.4420314691960812e-02, 393473, -1 ]
   - [ 6.6965167236328125e+02, 2.3948667907714844e+02,
       7.6065382957458496e+00, 8.0703552246093750e+01,
       1.3619335368275642e-02, 4129025, -1 ]
   - [ 6.6984161376953125e+02, 5.9963769531250000e+02,
       6.2819747924804688e+00, 8.7077819824218750e+01,
       1.4662995003163815e-02, 7013120, -1 ]
   - [ 6.6985168457031250e+02, 6.0707391357421875e+02,
       4.8647141456604004e+00, 8.9562438964843750e+01,
       1.6422992572188377e-02, 5243392, -1 ]
   - [ 6.7518096923828125e+02, 3.8055282592773438e+02,
       1.0899812698364258e+01, 2.7018090820312500e+02,
       1.8600758165121078e-02, 13435393, -1 ]
   - [ 6.8922534179687500e+02, 2.3790443420410156e+02,
       7.5047197341918945e+00, 9.0196258544921875e+01,
       1.6245296224951744e-02, 3145985, -1 ]
   - [ 6.8978570556640625e+02, 5.7710809326171875e+02,
       1.8220228195190430e+01, 1.0153582763671875e+02,
       1.4330169185996056e-02, 459266, -1 ]
   - [ 6.9002905273437500e+02, 5.7938952636718750e+02,
       6.6797699928283691e+00, 1.1849916076660156e+02,
       1.4606379903852940e-02, 11469568, -1 ]
   - [ 6.9755108642578125e+02, 2.3895976257324219e+02,
       5.0066218376159668e+00, 8.9690490722656250e+01,
       1.4204181730747223e-02, 7340544, -1 ]
   - [ 7.2157714843750000e+02, 6.1546936035156250e+02,
       7.7098007202148438e+00, 9.4499114990234375e+01,
       1.5517099760472775e-02, 5112065, -1 ]
   - [ 7.2436853027343750e+02, 2.3565641784667969e+02,
       9.8905458450317383e+00, 9.1905883789062500e+01,
       1.8002210184931755e-02, 6423041, -1 ]
   - [ 7.4451727294921875e+02, 3.7935317993164062e+02,
       1.3028810501098633e+01, 2.6999053955078125e+02,
       2.0985303446650505e-02, 9634561, -1 ]
   - [ 7.6505718994140625e+02, 3.7295553588867188e+02,
       2.5345158576965332e+00, 2.6521661376953125e+02,
       1.9498497247695923e-02, 8192767, -1 ]
   - [ 7.7276086425781250e+02, 3.7480960083007812e+02,
       9.2421388626098633e+00, 2.6244744873046875e+02,
       2.1232917904853821e-02, 1507841, -1 ]
   - [ 7.7839019775390625e+02, 5.1601654052734375e+02,
       1.3654214477539062e+02, 2.6661923217773438e+02,
       3.8098242133855820e-02, 12452101, -1 ]
   - [ 7.8190832519531250e+02, 3.6188745117187500e+02,
       9.8352470397949219e+00, 2.6536080932617188e+02,
       2.3978389799594879e-02, 6029825, -1 ]
   - [ 7.9347967529296875e+02, 2.5627847290039062e+02,
       1.0886445999145508e+01, 1.0176608276367188e+02,
       2.5194818153977394e-02, 13369857, -1 ]
   - [ 7.9367376708984375e+02, 6.2832489013671875e+02,
       1.9998928308486938e+00, 1.5891990661621094e+02,
       1.4867320656776428e-02, 7799295, -1 ]
   - [ 7.9367376708984375e+02, 6.2832489013671875e+02,
       1.9998928308486938e+00, 3.4039483642578125e+02,
       1.4867320656776428e-02, 7799295, -1 ]
   - [ 8.0010607910156250e+02, 6.2153833007812500e+02,
       2.3634963035583496e+00, 1.2767810058593750e+02,
       1.5496374107897282e-02, 3146495, -1 ]
   - [ 8.1080364990234375e+02, 6.2257836914062500e+02,
       4.6101965904235840e+00, 1.1994889831542969e+02,
       1.3581444509327412e-02, 1311232, -1 ]
   - [ 8.1125665283203125e+02, 5.5827593994140625e+02,
       6.9378410339355469e+01, 1.0436708068847656e+02,
       3.9817549288272858e-02, 13631748, -1 ]
   - [ 8.1574493408203125e+02, 1.6962869873046875e+03,
