%YAML:1.0
---
grayKeypoints:
   - [ 2.9001626968383789e+01, 1.1500620117187500e+03,
       2.0162038803100586e+00, 1.0157763671875000e+02,
       2.0796336233615875e-02, 8389119, -1 ]
   - [ 5.7834300994873047e+01, 1.2496881866455078e+02,
       2.0413773059844971e+00, 2.4688722229003906e+02,
       1.3452827930450439e-02, 9241087, -1 ]
   - [ 2.1623577880859375e+02, 7.4079876708984375e+02,
       2.2078006267547607e+00, 1.1718374633789062e+02,
       3.4607227891683578e-02, 14942719, -1 ]
   - [ 2.1623577880859375e+02, 7.4079876708984375e+02,
       2.2078006267547607e+00, 2.9372088623046875e+02,
       3.4607227891683578e-02, 14942719, -1 ]
   - [ 2.2090328979492188e+02, 7.4305230712890625e+02,
       1.9961198568344116e+00, 1.3124214172363281e+02,
       2.5932827964425087e-02, 7668223, -1 ]
   - [ 2.9816561889648438e+02, 3.2666091918945312e+02,
       2.7911717891693115e+00, 2.8783947753906250e+02,
       1.4504103921353817e-02, 15205119, -1 ]
   - [ 3.0041302490234375e+02, 3.2280404663085938e+02,
       4.1525063514709473e+00, 2.7897216796875000e+02,
       2.8867982327938080e-02, 10486016, -1 ]
   - [ 3.7360916137695312e+02, 5.4849456787109375e+02,
       1.8278204202651978e+00, 1.2510836791992188e+02,
       1.7340427264571190e-02, 1245695, -1 ]
   - [ 3.7360916137695312e+02, 5.4849456787109375e+02,
       1.8278204202651978e+00, 2.9863092041015625e+02,
       1.7340427264571190e-02, 1245695, -1 ]
   - [ 3.7546563720703125e+02, 1.4765061035156250e+03,
       2.1400973796844482e+00, 1.0384530639648438e+02,
       4.2667698115110397e-02, 12648959, -1 ]
   - [ 3.8206271362304688e+02, 1.4793969726562500e+03,
       2.1264686584472656e+00, 1.2229260253906250e+02,
       4.0522087365388870e-02, 12190207, -1 ]
   - [ 3.8206271362304688e+02, 1.4793969726562500e+03,
       2.1264686584472656e+00, 2.8673242187500000e+02,
       4.0522087365388870e-02, 12190207, -1 ]
   - [ 3.8427633666992188e+02, 1.5608146667480469e+02,
       5.0106625556945801e+00, 1.2949357604980469e+02,
       3.7303660064935684e-02, 7340544, -1 ]
   - [ 3.8427633666992188e+02, 1.5608146667480469e+02,
       5.0106625556945801e+00, 3.0498526000976562e+02,
       3.7303660064935684e-02, 7340544, -1 ]
   - [ 3.9446746826171875e+02, 9.4177532958984375e+02,
       5.7491941452026367e+00, 4.1858489990234375e+01,
       1.7561804503202438e-02, 590592, -1 ]
   - [ 3.9446746826171875e+02, 9.4177532958984375e+02,
       5.7491941452026367e+00, 6.6983367919921875e+01,
       1.7561804503202438e-02, 590592, -1 ]
   - [ 3.9446746826171875e+02, 9.4177532958984375e+02,
       5.7491941452026367e+00, 1.0555825805664062e+02,
       1.7561804503202438e-02, 590592, -1 ]
   - [ 3.9446746826171875e+02, 9.4177532958984375e+02,
       5.7491941452026367e+00, 2.8189025878906250e+02,
       1.7561804503202438e-02, 590592, -1 ]
   - [ 4.0003735351562500e+02, 1.8533303833007812e+02,
       2.0347754955291748e+00, 1.8138549804687500e+01,
       1.4382248744368553e-02, 9044479, -1 ]
   - [ 4.0003735351562500e+02, 1.8533303833007812e+02,
       2.0347754955291748e+00, 1.8779312133789062e+02,
       1.4382248744368553e-02, 9044479, -1 ]
   - [ 4.1925198364257812e+02, 2.6624761962890625e+02,
       1.2440247535705566e+01, 1.4243502807617188e+02,
       2.6006225496530533e-02, 6292225, -1 ]
   - [ 4.1962045288085938e+02, 2.3700572204589844e+02,
       1.1638582229614258e+01, 1.8137847900390625e+01,
       2.8106279671192169e-02, 1508097, -1 ]
   - [ 4.1962045288085938e+02, 2.3700572204589844e+02,
       1.1638582229614258e+01, 1.5118612670898438e+02,
       2.8106279671192169e-02, 1508097, -1 ]
   - [ 4.1962045288085938e+02, 2.3700572204589844e+02,
       1.1638582229614258e+01, 2.3202120971679688e+02,
       2.8106279671192169e-02, 1508097, -1 ]
   - [ 4.1962045288085938e+02, 2.3700572204589844e+02,
       1.1638582229614258e+01, 3.5013760375976562e+02,
       2.8106279671192169e-02, 1508097, -1 ]
   - [ 4.2392529296875000e+02, 2.9370925903320312e+02,
       6.8066911697387695e+00, 1.2913159179687500e+02,
       1.4854094013571739e-02, 12780288, -1 ]
   - [ 4.2438671875000000e+02, 1.9137268066406250e+02,
       1.2051375389099121e+01, 4.5791900634765625e+01,
       1.5243560075759888e-02, 3998465, -1 ]
   - [ 4.2785708618164062e+02, 1.9587803649902344e+02,
       6.1840815544128418e+00, 6.7602020263671875e+01,
       1.6578935086727142e-02, 5899008, -1 ]
   - [ 4.2881723022460938e+02, 2.5576719665527344e+02,
       9.2405958175659180e+00, 1.3322419738769531e+02,
       1.6961023211479187e-02, 1507841, -1 ]
   - [ 4.3093142700195312e+02, 2.2607824707031250e+02,
       1.0213366508483887e+01, 2.7296441650390625e+02,
       2.0054131746292114e-02, 8716801, -1 ]
   - [ 4.3294097900390625e+02, 2.0744029235839844e+02,
       1.5709998130798340e+01, 4.2867950439453125e+01,
       3.1083876267075539e-02, 6488322, -1 ]
   - [ 4.4392962646484375e+02, 2.5496105957031250e+02,
       1.3172576904296875e+01, 2.1924023437500000e+02,
       1.4321534894406796e-02, 10420993, -1 ]
   - [ 4.4539035034179688e+02, 1.6923600769042969e+02,
       1.0689843177795410e+01, 4.5350219726562500e+01,
       1.5824893489480019e-02, 12059137, -1 ]
   - [ 4.5263122558593750e+02, 2.0325068664550781e+02,
       7.8633065223693848e+00, 1.4011367797851562e+02,
       2.3341922089457512e-02, 6553857, -1 ]
   - [ 4.5727386474609375e+02, 1.8232846069335938e+02,
       1.7286775588989258e+01, 4.3782684326171875e+01,
       2.9626185074448586e-02, 13369602, -1 ]
   - [ 4.6123309326171875e+02, 2.8745126342773438e+02,
       3.2248023986816406e+01, 1.9895606994628906e+02,
       1.5779923647642136e-02, 8323331, -1 ]
   - [ 4.6841546630859375e+02, 2.1710562133789062e+02,
       1.0227314949035645e+01, 2.5160922241210938e+02,
       1.6723295673727989e-02, 8847873, -1 ]
   - [ 4.7637142944335938e+02, 2.0542918395996094e+02,
       9.7125692367553711e+00, 2.6832727050781250e+02,
       1.7275553196668625e-02, 5112321, -1 ]
   - [ 4.7987765502929688e+02, 1.4289554443359375e+03,
       4.9526743888854980e+00, 9.8125366210937500e+01,
       2.6030996814370155e-02, 6554112, -1 ]
   - [ 4.7987765502929688e+02, 1.4289554443359375e+03,
       4.9526743888854980e+00, 2.8932440185546875e+02,
       2.6030996814370155e-02, 6554112, -1 ]
   - [ 4.8331057739257812e+02, 1.4849824523925781e+02,
       4.9061222076416016e+00, 7.9450958251953125e+01,
       1.5735058113932610e-02, 5833216, -1 ]
   - [ 4.9359161376953125e+02, 1.9659107971191406e+02,
       9.9268665313720703e+00, 2.6441452026367188e+02,
       1.6685144975781441e-02, 6685185, -1 ]
   - [ 4.9760113525390625e+02, 2.8808416748046875e+02,
       1.3059913635253906e+01, 3.2868475341796875e+02,
       2.8127366676926613e-02, 9831169, -1 ]
   - [ 4.9777008056640625e+02, 1.5922375488281250e+02,
       3.3607463836669922e+01, 6.4404602050781250e+01,
       2.9398644343018532e-02, 11337987, -1 ]
   - [ 4.9777008056640625e+02, 1.5922375488281250e+02,
       3.3607463836669922e+01, 2.4810260009765625e+02,
       2.9398644343018532e-02, 11337987, -1 ]
   - [ 5.0152954101562500e+02, 1.8553472900390625e+02,
       1.0620164871215820e+01, 2.7226379394531250e+02,
       1.9496772438287735e-02, 11534849, -1 ]
   - [ 5.0169140625000000e+02, 1.3129638671875000e+02,
       1.2475852966308594e+01, 7.4725463867187500e+01,
       1.5175430104136467e-02, 6488833, -1 ]
   - [ 5.0506433105468750e+02, 2.8196289062500000e+02,
       3.0519068241119385e+00, 1.1274606323242188e+02,
       1.5309765934944153e-02, 4916223, -1 ]
   - [ 5.0539944458007812e+02, 2.1276737976074219e+02,
       1.1701525688171387e+01, 2.5056863403320312e+02,
       1.5326476655900478e-02, 1835777, -1 ]
   - [ 5.0604211425781250e+02, 3.2818887329101562e+02,
       2.7650419235229492e+01, 3.0116012573242188e+02,
       1.8218325451016426e-02, 13959938, -1 ]
   - [ 5.2343176269531250e+02, 3.1432794189453125e+02,
       2.8488433361053467e+00, 2.7629211425781250e+02,
       1.3409028761088848e-02, 16646911, -1 ]
