%YAML:1.0
---
grayKeypoints:
   - [ 1.4081106185913086e+01, 1.0886388397216797e+02,
       5.0382981300354004e+00, 2.3224206542968750e+02,
       1.8226079642772675e-02, 7733760, -1 ]
   - [ 2.1693531036376953e+01, 1.0677207183837891e+02,
       9.3200988769531250e+00, 2.3117900085449219e+02,
       1.8628185614943504e-02, 2097665, -1 ]
   - [ 2.2099903106689453e+01, 1.0281066131591797e+02,
       4.2010264396667480e+00, 2.3107852172851562e+02,
       1.7882350832223892e-02, 11337984, -1 ]
   - [ 2.7958917617797852e+01, 9.7028755187988281e+01,
       2.7368028163909912e+00, 2.3224580383300781e+02,
       1.7706114798784256e-02, 13763327, -1 ]
   - [ 3.6987789154052734e+01, 9.0304557800292969e+01,
       3.2164752483367920e+00, 2.3212083435058594e+02,
       1.8782053142786026e-02, 8717311, -1 ]
   - [ 4.1470424652099609e+01, 4.2147994995117188e+01,
       5.1646747589111328e+00, 5.3807373046875000e+01,
       1.6347941011190414e-02, 9568768, -1 ]
   - [ 4.2418037414550781e+01, 8.7692428588867188e+01,
       4.2473235130310059e+00, 2.3485760498046875e+02,
       1.8519196659326553e-02, 12124416, -1 ]
   - [ 5.0914241790771484e+01, 3.4928539276123047e+01,
       6.4345703125000000e+00, 5.6474487304687500e+01,
       1.8800480291247368e-02, 8717056, -1 ]
   - [ 5.7159782409667969e+01, 7.7975936889648438e+01,
       6.0510764122009277e+00, 2.3374266052246094e+02,
       1.8431128934025764e-02, 4326144, -1 ]
   - [ 6.0699268341064453e+01, 7.2885345458984375e+01,
       2.6268248558044434e+00, 2.3241421508789062e+02,
       1.6332980245351791e-02, 10814207, -1 ]
   - [ 6.7841522216796875e+01, 2.5863815307617188e+01,
       2.6704711914062500e+00, 5.4067260742187500e+01,
       1.8395563587546349e-02, 11993855, -1 ]
   - [ 6.8116661071777344e+01, 6.7168113708496094e+01,
       1.9764146804809570e+00, 2.3447790527343750e+02,
       1.8273528665304184e-02, 6947327, -1 ]
   - [ 7.1867439270019531e+01, 6.4738090515136719e+01,
       2.6443889141082764e+00, 2.3156787109375000e+02,
       1.6816301271319389e-02, 11272959, -1 ]
   - [ 7.3896949768066406e+01, 6.2290916442871094e+01,
       1.9088500738143921e+00, 2.3225807189941406e+02,
       1.5045316889882088e-02, 4391423, -1 ]
   - [ 8.0156166076660156e+01, 5.8127975463867188e+01,
       1.9685591459274292e+00, 2.3217648315429688e+02,
       1.5733594074845314e-02, 6619647, -1 ]
   - [ 8.2076988220214844e+01, 1.5004610061645508e+01,
       3.7455852031707764e+00, 5.8936279296875000e+01,
       1.5986308455467224e-02, 3014912, -1 ]
   - [ 8.6093414306640625e+01, 1.6518371582031250e+01,
       2.3897788524627686e+00, 5.6710296630859375e+01,
       1.7156630754470825e-02, 3932927, -1 ]
   - [ 8.8387680053710938e+01, 1.1623680114746094e+01,
       2.0946185588836670e+00, 5.7191223144531250e+01,
       1.8013970926403999e-02, 11141631, -1 ]
   - [ 8.9437805175781250e+01, 5.2145416259765625e+01,
       3.4828567504882812e+00, 2.3019161987304688e+02,
       1.5974858775734901e-02, 14484479, -1 ]
   - [ 9.5149269104003906e+01, 4.8895542144775391e+01,
       4.3334751129150391e+00, 2.3068946838378906e+02,
       1.8063819035887718e-02, 13566208, -1 ]
   - [ 1.0786090087890625e+02, 3.8347976684570312e+01,
       2.5772023200988770e+00, 2.3288539123535156e+02,
       2.0126169547438622e-02, 9437951, -1 ]
   - [ 1.1141583251953125e+02, 3.5240856170654297e+01,
       2.1077420711517334e+00, 2.3446820068359375e+02,
       1.6505924984812737e-02, 11600383, -1 ]
   - [ 1.3757478332519531e+02, 3.9479705810546875e+02,
       1.9148489236831665e+00, 3.0257183837890625e+02,
       2.3461587727069855e-02, 4653567, -1 ]
   - [ 1.4007337951660156e+02, 1.1475377082824707e+01,
       2.0130407810211182e+00, 2.3136456298828125e+02,
       1.6669515520334244e-02, 8258047, -1 ]
   - [ 1.4337382507324219e+02, 1.4071175575256348e+01,
       4.7502326965332031e+00, 2.3054414367675781e+02,
       1.8487595021724701e-02, 3473920, -1 ]
   - [ 1.5159568786621094e+02, 8.4674701690673828e+00,
       5.2361125946044922e+00, 2.2997938537597656e+02,
       1.8964732065796852e-02, 10551808, -1 ]
   - [ 2.9324108886718750e+02, 3.3242370605468750e+02,
       8.0659875869750977e+00, 8.3122497558593750e+01,
       3.2145861536264420e-02, 8388865, -1 ]
   - [ 2.9324108886718750e+02, 3.3242370605468750e+02,
       8.0659875869750977e+00, 2.8256701660156250e+02,
       3.2145861536264420e-02, 8388865, -1 ]
   - [ 2.9720870971679688e+02, 3.4313992309570312e+02,
       6.6578497886657715e+00, 2.8148782348632812e+02,
       1.5874784439802170e-02, 11207424, -1 ]
   - [ 3.0324472045898438e+02, 3.3128207397460938e+02,
       2.3070220947265625e+00, 1.0237402343750000e+02,
       2.7873970568180084e-02, 1377023, -1 ]
   - [ 3.0423699951171875e+02, 3.3582949829101562e+02,
       4.2199678421020508e+00, 2.7511056518554688e+02,
       1.8044212833046913e-02, 11665664, -1 ]
   - [ 3.0851266479492188e+02, 3.5991186523437500e+02,
       3.2839112281799316e+00, 1.3877714538574219e+02,
       1.9521581009030342e-02, 10224639, -1 ]
   - [ 3.1107891845703125e+02, 3.3072711181640625e+02,
       2.3878054618835449e+00, 7.9669860839843750e+01,
       2.1681629121303558e-02, 3867391, -1 ]
   - [ 3.1107891845703125e+02, 3.3072711181640625e+02,
       2.3878054618835449e+00, 2.7436035156250000e+02,
       2.1681629121303558e-02, 3867391, -1 ]
   - [ 3.1109664916992188e+02, 3.6711132812500000e+02,
       2.7245266437530518e+00, 1.1761474609375000e-01,
       2.7124145999550819e-02, 13435647, -1 ]
   - [ 3.1109664916992188e+02, 3.6711132812500000e+02,
       2.7245266437530518e+00, 1.1316473388671875e+02,
       2.7124145999550819e-02, 13435647, -1 ]
   - [ 3.1408059692382812e+02, 3.4412112426757812e+02,
       2.6091475486755371e+00, 2.7948956298828125e+02,
       1.7691317945718765e-02, 10289919, -1 ]
   - [ 3.1409176635742188e+02, 3.6470159912109375e+02,
       2.0200357437133789e+00, 1.1421128845214844e+02,
       2.3101320490241051e-02, 8520191, -1 ]
   - [ 3.1478094482421875e+02, 3.2379147338867188e+02,
       3.5613865852355957e+00, 8.7372497558593750e+01,
       1.4115920290350914e-02, 16122879, -1 ]
   - [ 3.1553726196289062e+02, 3.9130349731445312e+02,
       8.1135435104370117e+00, 3.2075915527343750e+02,
       2.2821795195341110e-02, 8782081, -1 ]
   - [ 3.1644696044921875e+02, 3.6276443481445312e+02,
       1.9367207288742065e+00, 1.0689624023437500e+02,
       2.3122807964682579e-02, 5439999, -1 ]
   - [ 3.1644696044921875e+02, 3.6276443481445312e+02,
       1.9367207288742065e+00, 2.8297567749023438e+02,
       2.3122807964682579e-02, 5439999, -1 ]
   - [ 3.1725897216796875e+02, 3.5594039916992188e+02,
       3.8169536590576172e+00, 1.0625779724121094e+02,
       1.3830443844199181e-02, 4391168, -1 ]
   - [ 3.1973825073242188e+02, 3.7012585449218750e+02,
       2.5785191059112549e+00, 1.1318966674804688e+02,
       1.6805281862616539e-02, 9437951, -1 ]
   - [ 3.2040658569335938e+02, 3.5162414550781250e+02,
       3.7905795574188232e+00, 1.0369830322265625e+02,
       2.1311542019248009e-02, 3866880, -1 ]
   - [ 3.2123696899414062e+02, 3.6369537353515625e+02,
       2.0343372821807861e+00, 1.0198236083984375e+02,
       2.0856907591223717e-02, 9044479, -1 ]
   - [ 3.2375323486328125e+02, 3.2145852661132812e+02,
       5.2994403839111328e+00, 4.8292419433593750e+01,
       1.3632955960929394e-02, 11403776, -1 ]
   - [ 3.2500839233398438e+02, 3.4555831909179688e+02,
       2.5223338603973389e+00, 2.7867376708984375e+02,
       1.5803452581167221e-02, 7865087, -1 ]
   - [ 3.2541510009765625e+02, 3.7242562866210938e+02,
       1.8594068288803101e+00, 1.1858593750000000e+02,
       2.0799387246370316e-02, 2490879, -1 ]
   - [ 3.2693090820312500e+02, 3.6941046142578125e+02,
       4.0032916069030762e+00, 1.2101177978515625e+02,
       2.8272235766053200e-02, 7864576, -1 ]
   - [ 3.3127047729492188e+02, 3.4597259521484375e+02,
       2.1139869689941406e+00, 2.7898275756835938e+02,
       1.4720832929015160e-02, 11796991, -1 ]
