%YAML:1.0
---
grayKeypoints:
   - [ 1.1870555877685547e+01, 2.4902288818359375e+02,
       1.9172919988632202e+00, 2.7035845947265625e+02,
       1.3686922378838062e-02, 4719103, -1 ]
   - [ 3.8703037261962891e+01, 4.7112820434570312e+02,
       1.9807928800582886e+00, 4.9467956542968750e+01,
       2.0236343145370483e-02, 7078399, -1 ]
   - [ 1.8960848999023438e+02, 6.5806756591796875e+02,
       2.4860031604766846e+00, 2.6256161499023438e+02,
       2.7844192460179329e-02, 6816511, -1 ]
   - [ 3.1855566406250000e+02, 3.5576861572265625e+02,
       4.0860781669616699e+00, 2.0408020019531250e+01,
       1.3611458241939545e-02, 9306368, -1 ]
   - [ 3.2248303222656250e+02, 3.7660244750976562e+02,
       9.4471683502197266e+00, 3.0356018066406250e+02,
       1.3692846521735191e-02, 3080705, -1 ]
   - [ 3.2513711547851562e+02, 3.7215121459960938e+02,
       1.9495133161544800e+00, 2.7667922973632812e+02,
       1.4549268409609795e-02, 5964287, -1 ]
   - [ 3.2870745849609375e+02, 3.6095184326171875e+02,
       1.3438455581665039e+01, 3.0593875122070312e+02,
       3.2113686203956604e-02, 11862785, -1 ]
   - [ 3.3248019409179688e+02, 3.7408078002929688e+02,
       4.3742556571960449e+00, 3.0594784545898438e+02,
       1.6507998108863831e-02, 14221568, -1 ]
   - [ 3.3792095947265625e+02, 3.5306488037109375e+02,
       2.5850188732147217e+00, 2.3173828125000000e+02,
       1.4761404134333134e-02, 9634559, -1 ]
   - [ 3.4041906738281250e+02, 3.5504730224609375e+02,
       2.0666291713714600e+00, 2.3837936401367188e+02,
       2.3648865520954132e-02, 10158591, -1 ]
   - [ 3.4065243530273438e+02, 3.6128762817382812e+02,
       3.0767879486083984e+00, 1.0410682678222656e+02,
       2.3545509204268456e-02, 5506047, -1 ]
   - [ 3.4338513183593750e+02, 3.7472256469726562e+02,
       3.5218522548675537e+00, 2.5974981689453125e+02,
       1.7725678160786629e-02, 15270911, -1 ]
   - [ 3.4338513183593750e+02, 3.7472256469726562e+02,
       3.5218522548675537e+00, 2.9943896484375000e+02,
       1.7725678160786629e-02, 15270911, -1 ]
   - [ 3.4520715332031250e+02, 3.5863668823242188e+02,
       9.0876998901367188e+00, 7.5434875488281250e+01,
       3.7830576300621033e-02, 262657, -1 ]
   - [ 3.4639349365234375e+02, 3.6702856445312500e+02,
       4.3860702514648438e+00, 8.6691162109375000e+01,
       1.8102446570992470e-02, 14418176, -1 ]
   - [ 3.5009265136718750e+02, 3.8532382202148438e+02,
       3.2982182502746582e+00, 2.9001428222656250e+02,
       1.7495758831501007e-02, 10552319, -1 ]
   - [ 3.5052593994140625e+02, 3.5550897216796875e+02,
       1.9576765298843384e+00, 2.6343261718750000e+02,
       2.5488331913948059e-02, 6226431, -1 ]
   - [ 3.5194812011718750e+02, 3.6004150390625000e+02,
       4.2730860710144043e+00, 6.9341003417968750e+01,
       2.9640221968293190e-02, 12583168, -1 ]
   - [ 3.5238531494140625e+02, 3.8182864379882812e+02,
       1.9411100149154663e+00, 2.9785186767578125e+02,
       2.1818624809384346e-02, 5636607, -1 ]
   - [ 3.5385635375976562e+02, 3.4291284179687500e+02,
       3.0163173675537109e+00, 8.7569580078125000e+01,
       2.0784007385373116e-02, 4064255, -1 ]
   - [ 3.5556430053710938e+02, 3.5198379516601562e+02,
       2.1817352771759033e+00, 3.0284466552734375e+02,
       1.7045369371771812e-02, 14090751, -1 ]
   - [ 3.5597473144531250e+02, 3.9617565917968750e+02,
       2.0050275802612305e+01, 2.9912945556640625e+02,
       2.8047522529959679e-02, 7406082, -1 ]
   - [ 3.5618704223632812e+02, 3.4663543701171875e+02,
       9.8078641891479492e+00, 8.6528686523437500e+01,
       2.1931998431682587e-02, 5833217, -1 ]
   - [ 3.5770449829101562e+02, 3.8638989257812500e+02,
       2.3903105258941650e+00, 2.7336990356445312e+02,
       1.8671602010726929e-02, 3998463, -1 ]
   - [ 3.6958486938476562e+02, 3.9366140747070312e+02,
       1.9167696237564087e+00, 3.3768252563476562e+02,
       2.0683698356151581e-02, 4719103, -1 ]
   - [ 3.8036090087890625e+02, 4.1770761108398438e+02,
       7.9934649467468262e+00, 2.8922338867187500e+02,
       2.2512299939990044e-02, 7733505, -1 ]
   - [ 3.8212048339843750e+02, 1.7535629272460938e+02,
       2.1133918762207031e+00, 2.2605664062500000e+02,
       1.9320482388138771e-02, 11796991, -1 ]
   - [ 3.8482479858398438e+02, 4.1990975952148438e+02,
       3.0160307884216309e+00, 2.7594149780273438e+02,
       1.3915518298745155e-02, 4064255, -1 ]
   - [ 3.8643112182617188e+02, 3.4029583740234375e+02,
       1.1553220748901367e+01, 1.0952790832519531e+02,
       1.5168943442404270e-02, 918273, -1 ]
   - [ 3.8661456298828125e+02, 4.0176184082031250e+02,
       3.4320437908172607e+00, 2.7463543701171875e+02,
       1.4825532212853432e-02, 13435903, -1 ]
   - [ 3.8689227294921875e+02, 4.2349343872070312e+02,
       2.0614590644836426e+00, 2.7740280151367188e+02,
       1.3907028362154961e-02, 9961983, -1 ]
   - [ 3.8788485717773438e+02, 4.0680770874023438e+02,
       5.1578478813171387e+00, 2.7784237670898438e+02,
       2.0607503131031990e-02, 9437696, -1 ]
   - [ 3.8829339599609375e+02, 2.9727276611328125e+02,
       3.6054310798645020e+00, 2.9639129638671875e+01,
       1.7761668190360069e-02, 262400, -1 ]
   - [ 3.9087042236328125e+02, 4.2101135253906250e+02,
       3.1048562526702881e+00, 2.7458325195312500e+02,
       2.2734647616744041e-02, 6161407, -1 ]
   - [ 3.9361398315429688e+02, 4.2407525634765625e+02,
       1.9977473020553589e+00, 2.6830538940429688e+02,
       1.8841154873371124e-02, 7733759, -1 ]
   - [ 3.9381356811523438e+02, 3.8147756958007812e+02,
       4.3258724212646484e+01, 2.9068014526367188e+02,
       3.0696893110871315e-02, 12845571, -1 ]
   - [ 3.9670050048828125e+02, 2.9765304565429688e+02,
       3.3306744098663330e+00, 2.8736450195312500e+02,
       2.0071087405085564e-02, 11273215, -1 ]
   - [ 3.9751727294921875e+02, 2.9005560302734375e+02,
       4.0055661201477051e+00, 7.9738647460937500e+01,
       1.3402361422777176e-02, 7864576, -1 ]
   - [ 3.9815493774414062e+02, 3.0310977172851562e+02,
       3.2034142017364502e+00, 2.8414434814453125e+02,
       1.3722822070121765e-02, 8455167, -1 ]
   - [ 3.9824026489257812e+02, 4.2235766601562500e+02,
       4.2165808677673340e+00, 2.7341940307617188e+02,
       1.6981862485408783e-02, 11600128, -1 ]
   - [ 3.9929849243164062e+02, 2.8868707275390625e+02,
       1.8796293735504150e+00, 8.4313598632812500e+01,
       1.5013875439763069e-02, 3277311, -1 ]
   - [ 3.9985540771484375e+02, 3.5091586303710938e+02,
       2.5359168052673340e+00, 1.4757214355468750e+02,
       1.6368355602025986e-02, 8258303, -1 ]
   - [ 4.0363589477539062e+02, 4.0826803588867188e+02,
       5.6655335426330566e+00, 2.7244799804687500e+02,
       2.1149162203073502e-02, 16253440, -1 ]
   - [ 4.0384048461914062e+02, 3.4754956054687500e+02,
       4.7770123481750488e+00, 1.3161216735839844e+02,
       2.0796341821551323e-02, 3932672, -1 ]
   - [ 4.0392962646484375e+02, 2.9815676879882812e+02,
       3.7597806453704834e+00, 1.0468103027343750e+02,
       1.6739144921302795e-02, 3277056, -1 ]
   - [ 4.0512576293945312e+02, 2.8966470336914062e+02,
       2.8911616802215576e+00, 9.0872833251953125e+01,
       1.3779057189822197e-02, 984063, -1 ]
   - [ 4.0907000732421875e+02, 4.7406250000000000e+02,
       4.0594415664672852e+00, 6.6383636474609375e+01,
       3.7265248596668243e-02, 8847616, -1 ]
   - [ 4.0907000732421875e+02, 4.7406250000000000e+02,
       4.0594415664672852e+00, 3.4744256591796875e+02,
       3.7265248596668243e-02, 8847616, -1 ]
   - [ 4.1112344360351562e+02, 4.6764480590820312e+02,
       4.0180683135986328e+00, 7.0020721435546875e+01,
       1.9855929538607597e-02, 8126720, -1 ]
   - [ 4.1275115966796875e+02, 3.0035775756835938e+02,
       4.0684175491333008e+00, 2.7051406860351562e+02,
       2.2768478840589523e-02, 8978688, -1 ]
   - [ 4.1327053833007812e+02, 3.0715277099609375e+02,
       5.6152472496032715e+00, 2.6789361572265625e+02,
       1.4468949288129807e-02, 15598080, -1 ]
