%YAML:1.0
---
grayKeypoints:
   - [ 7.1974563598632812e+01, 4.4559252929687500e+02,
       1.9362319707870483e+00, 2.4286972045898438e+02,
       2.2579079493880272e-02, 5439999, -1 ]
   - [ 1.8965905761718750e+02, 4.4181741333007812e+02,
       3.7815525531768799e+00, 2.4313847351074219e+02,
       1.7425920814275742e-02, 3735808, -1 ]
   - [ 2.1691993713378906e+02, 3.4702233886718750e+02,
       1.8480781316757202e+00, 6.7884063720703125e+01,
       1.8145242705941200e-02, 2097663, -1 ]
   - [ 2.1691993713378906e+02, 3.4702233886718750e+02,
       1.8480781316757202e+00, 2.4058776855468750e+02,
       1.8145242705941200e-02, 2097663, -1 ]
   - [ 2.7749856567382812e+02, 6.2509082031250000e+02,
       5.2537188529968262e+00, 2.1474243164062500e+01,
       1.5060941688716412e-02, 10813952, -1 ]
   - [ 2.7749856567382812e+02, 6.2509082031250000e+02,
       5.2537188529968262e+00, 3.2476239013671875e+02,
       1.5060941688716412e-02, 10813952, -1 ]
   - [ 2.8626312255859375e+02, 6.2864099121093750e+02,
       5.1213397979736328e+00, 2.8505117797851562e+02,
       2.2913353517651558e-02, 8978944, -1 ]
   - [ 2.8638223266601562e+02, 6.3660241699218750e+02,
       6.5444359779357910e+00, 2.9197268676757812e+02,
       1.3484771363437176e-02, 9962240, -1 ]
   - [ 2.9710485839843750e+02, 4.7311999511718750e+02,
       4.0778722763061523e+00, 3.0534484863281250e+01,
       1.7897900193929672e-02, 9175296, -1 ]
   - [ 2.9886434936523438e+02, 5.8695562744140625e+02,
       1.9756092071533203e+01, 6.9993682861328125e+01,
       2.7808159589767456e-02, 6357506, -1 ]
   - [ 3.0142297363281250e+02, 4.7668246459960938e+02,
       4.7056283950805664e+00, 2.9278106689453125e+01,
       3.8627177476882935e-02, 2818560, -1 ]
   - [ 3.0653723144531250e+02, 4.7781393432617188e+02,
       3.1846926212310791e+00, 2.1025073242187500e+02,
       1.5060522593557835e-02, 7996415, -1 ]
   - [ 3.1143746948242188e+02, 4.5982791137695312e+02,
       5.6640524864196777e+00, 3.7304840087890625e+01,
       2.2656911984086037e-02, 16253440, -1 ]
   - [ 3.1222076416015625e+02, 6.3427838134765625e+02,
       9.4412889480590820e+00, 2.9851275634765625e+02,
       2.0237868651747704e-02, 3080705, -1 ]
   - [ 3.2800274658203125e+02, 4.9034948730468750e+02,
       4.5464720726013184e+00, 2.6773565673828125e+02,
       1.4468244276940823e-02, 328192, -1 ]
   - [ 3.4910998535156250e+02, 5.5006811523437500e+02,
       6.9875785827636719e+01, 2.7383282470703125e+02,
       2.6636980473995209e-02, 14156036, -1 ]
   - [ 3.8855545043945312e+02, 6.0287030029296875e+02,
       3.0498166084289551e+00, 8.0761993408203125e+01,
       1.4717376790940762e-02, 4850687, -1 ]
   - [ 3.9908248901367188e+02, 4.4150659179687500e+02,
       6.0460784912109375e+01, 2.5462771606445312e+02,
       6.1351504176855087e-02, 3670276, -1 ]
   - [ 4.0393737792968750e+02, 6.1189245605468750e+02,
       3.1652479171752930e+01, 8.6630737304687500e+01,
       3.5991989076137543e-02, 7012611, -1 ]
   - [ 4.1943551635742188e+02, 8.2377374267578125e+02,
       3.3860919475555420e+00, 6.0872558593750000e+01,
       1.5708470717072487e-02, 12452863, -1 ]
   - [ 4.1943551635742188e+02, 8.2377374267578125e+02,
       3.3860919475555420e+00, 2.4620384216308594e+02,
       1.5708470717072487e-02, 12452863, -1 ]
   - [ 4.6236648559570312e+02, 4.5121875000000000e+02,
       1.9940267801284790e+00, 2.4742768859863281e+02,
       2.1736390888690948e-02, 7537151, -1 ]
   - [ 4.6700683593750000e+02, 4.4910205078125000e+02,
       2.2153496742248535e+00, 2.4310180664062500e+02,
       2.4390786886215210e-02, 15204863, -1 ]
   - [ 4.6724325561523438e+02, 3.9599227905273438e+02,
       1.2637032508850098e+01, 9.2543243408203125e+01,
       3.2044582068920135e-02, 7406337, -1 ]
   - [ 4.7002899169921875e+02, 6.0653472900390625e+02,
       2.1641790390014648e+01, 8.8868530273437500e+01,
       3.3633533865213394e-02, 12911106, -1 ]
   - [ 4.7570040893554688e+02, 5.3016125488281250e+02,
       7.5518760681152344e+01, 2.4403265380859375e+02,
       3.5542871803045273e-02, 3015172, -1 ]
   - [ 4.7923904418945312e+02, 4.2374621582031250e+02,
       3.2628337860107422e+01, 9.9104187011718750e+01,
       5.0929073244333267e-02, 9175299, -1 ]
   - [ 4.7923904418945312e+02, 4.2374621582031250e+02,
       3.2628337860107422e+01, 2.3652160644531250e+02,
       5.0929073244333267e-02, 9175299, -1 ]
   - [ 4.8535458374023438e+02, 4.0809854125976562e+02,
       4.2909555435180664e+00, 9.0525085449218750e+01,
       1.8078554421663284e-02, 12845312, -1 ]
   - [ 4.9305630493164062e+02, 5.5624743652343750e+02,
       4.4507423400878906e+01, 4.2435913085937500e+00,
       3.6709666252136230e-02, 14942723, -1 ]
   - [ 4.9305630493164062e+02, 5.5624743652343750e+02,
       4.4507423400878906e+01, 7.3724548339843750e+01,
       3.6709666252136230e-02, 14942723, -1 ]
   - [ 4.9612359619140625e+02, 3.8783541870117188e+02,
       2.4043476581573486e+00, 6.8442352294921875e+01,
       2.4176737293601036e-02, 4391679, -1 ]
   - [ 4.9915267944335938e+02, 4.3274041748046875e+02,
       9.9435892105102539e+00, 2.4765942382812500e+02,
       2.9687877744436264e-02, 6816257, -1 ]
   - [ 5.0157540893554688e+02, 4.0293557739257812e+02,
       3.4722652435302734e+00, 8.9053466796875000e+01,
       1.5986137092113495e-02, 14287871, -1 ]
   - [ 5.0181372070312500e+02, 5.8812908935546875e+02,
       5.3809924125671387e+00, 7.8732055664062500e+01,
       1.3821494765579700e-02, 12517888, -1 ]
   - [ 5.0641946411132812e+02, 3.3539480590820312e+02,
       1.0015847015380859e+02, 1.0188619995117188e+02,
       2.2795027121901512e-02, 6750980, -1 ]
   - [ 5.0641946411132812e+02, 3.3539480590820312e+02,
       1.0015847015380859e+02, 3.5429382324218750e+02,
       2.2795027121901512e-02, 6750980, -1 ]
   - [ 5.0772955322265625e+02, 6.2215142822265625e+02,
       6.2748522758483887e+00, 3.5426681518554688e+02,
       3.3942811191082001e-02, 6947584, -1 ]
   - [ 5.0875747680664062e+02, 4.2422961425781250e+02,
       6.1876020431518555e+00, 2.2372206115722656e+02,
       3.5503163933753967e-02, 5899008, -1 ]
   - [ 5.1026544189453125e+02, 5.7821600341796875e+02,
       2.5628936290740967e+00, 2.7612918090820312e+02,
       1.5762541443109512e-02, 8979199, -1 ]
   - [ 5.1044219970703125e+02, 4.1619924926757812e+02,
       4.1515054702758789e+00, 2.2604418945312500e+02,
       1.5870442613959312e-02, 10486016, -1 ]
   - [ 5.1070999145507812e+02, 6.3572583007812500e+02,
       8.3017568588256836e+00, 3.4659481811523438e+02,
       3.5886801779270172e-02, 10486017, -1 ]
   - [ 5.1103149414062500e+02, 4.6692507934570312e+02,
       4.3164363861083984e+01, 1.1582336425781250e+01,
       3.6133866757154465e-02, 12714499, -1 ]
   - [ 5.1103149414062500e+02, 4.6692507934570312e+02,
       4.3164363861083984e+01, 2.3392512512207031e+02,
       3.6133866757154465e-02, 12714499, -1 ]
   - [ 5.1502581787109375e+02, 4.2591305541992188e+02,
       2.7976865768432617e+00, 8.2422760009765625e+01,
       1.6369957476854324e-02, 15336191, -1 ]
   - [ 5.1619555664062500e+02, 6.1404962158203125e+02,
       5.8331904411315918e+00, 7.9521392822265625e+01,
       1.8789157271385193e-02, 1639168, -1 ]
   - [ 5.1733276367187500e+02, 4.1346487426757812e+02,
       3.7540168762207031e+00, 2.2112753295898438e+02,
       2.2235238924622536e-02, 3211520, -1 ]
   - [ 5.1885107421875000e+02, 5.4975378417968750e+02,
       5.9262094497680664e+00, 2.1340057373046875e+01,
       5.2116282284259796e-02, 2818816, -1 ]
   - [ 5.2470129394531250e+02, 4.1596810913085938e+02,
       5.9406595230102539e+00, 2.5606561279296875e+02,
       2.3803282529115677e-02, 2949888, -1 ]
   - [ 5.2570526123046875e+02, 6.8285540771484375e+02,
       4.8711218833923340e+00, 3.1157635498046875e+02,
       1.6464015468955040e-02, 5308928, -1 ]
   - [ 5.3289471435546875e+02, 6.3913653564453125e+02,
       3.7870223999023438e+01, 2.0080661010742188e+02,
       5.9596914798021317e-02, 3277315, -1 ]
