%YAML:1.0
---
grayKeypoints:
   - [ 6.0245900154113770e+00, 9.5427801513671875e+02,
       1.8719615936279297e+00, 2.7689181518554688e+02,
       1.4747782610356808e-02, 3015167, -1 ]
   - [ 2.9856014251708984e+01, 1.7314753723144531e+02,
       1.8007000684738159e+00, 3.2626763916015625e+02,
       1.3470030389726162e-02, 197119, -1 ]
   - [ 4.7931124877929688e+02, 1.4238552246093750e+03,
       4.0296626091003418e+00, 2.5762567138671875e+02,
       1.6041407361626625e-02, 8323328, -1 ]
   - [ 4.8586105346679688e+02, 1.4233278808593750e+03,
       4.8493533134460449e+00, 2.6165563964843750e+02,
       1.5521426685154438e-02, 4981248, -1 ]
   - [ 6.9024267578125000e+02, 5.5836877441406250e+02,
       3.9447503089904785e+00, 1.0607263183593750e+02,
       1.4369484968483448e-02, 6750464, -1 ]
   - [ 7.1363525390625000e+02, 8.6692279052734375e+02,
       2.2150503158569336e+01, 3.0699765014648438e+02,
       1.4477785676717758e-02, 14615042, -1 ]
   - [ 7.3287951660156250e+02, 8.4030065917968750e+02,
       2.7328165054321289e+01, 3.0267236328125000e+02,
       3.1962066888809204e-02, 13107970, -1 ]
   - [ 7.5900366210937500e+02, 4.0223974609375000e+02,
       8.4946212768554688e+00, 1.1859199523925781e+02,
       1.4328205026686192e-02, 12124417, -1 ]
   - [ 7.5900366210937500e+02, 4.0223974609375000e+02,
       8.4946212768554688e+00, 3.0289828491210938e+02,
       1.4328205026686192e-02, 12124417, -1 ]
   - [ 7.6510766601562500e+02, 8.3697204589843750e+02,
       1.6325933456420898e+01, 7.7540771484375000e+01,
       3.5816878080368042e-02, 9240834, -1 ]
   - [ 7.9295025634765625e+02, 8.8288232421875000e+02,
       2.5492713451385498e+00, 2.7146902465820312e+02,
       1.9593842327594757e-02, 8651519, -1 ]
   - [ 7.9408941650390625e+02, 9.1375408935546875e+02,
       4.6835433959960938e+01, 2.9648364257812500e+02,
       2.7347603812813759e-02, 1901315, -1 ]
   - [ 8.1668872070312500e+02, 1.1359119873046875e+03,
       2.1295278072357178e+00, 8.1052520751953125e+01,
       2.6734713464975357e-02, 12321279, -1 ]
   - [ 8.1668872070312500e+02, 1.1359119873046875e+03,
       2.1295278072357178e+00, 2.8136126708984375e+02,
       2.6734713464975357e-02, 12321279, -1 ]
   - [ 8.1763659667968750e+02, 8.4976385498046875e+02,
       6.5933586120605469e+01, 2.9799682617187500e+02,
       3.1196968629956245e-02, 9961732, -1 ]
   - [ 8.4573107910156250e+02, 7.9870037841796875e+02,
       2.3832260131835938e+01, 1.0965074157714844e+02,
       1.5616957098245621e-02, 3212034, -1 ]
   - [ 8.4582171630859375e+02, 9.4408697509765625e+02,
       1.6715539932250977e+01, 3.0407574462890625e+02,
       2.5399671867489815e-02, 10944770, -1 ]
   - [ 8.7721160888671875e+02, 7.2296478271484375e+02,
       2.7164361953735352e+01, 9.2155700683593750e+01,
       1.9810821861028671e-02, 12649218, -1 ]
   - [ 8.8473254394531250e+02, 8.8856396484375000e+02,
       7.6781150817871094e+01, 2.7965509033203125e+02,
       3.2307561486959457e-02, 4260356, -1 ]
   - [ 8.9003735351562500e+02, 8.1883288574218750e+02,
       1.7487985610961914e+01, 1.3299822998046875e+02,
       1.9958250224590302e-02, 14221570, -1 ]
   - [ 8.9003735351562500e+02, 8.1883288574218750e+02,
       1.7487985610961914e+01, 2.7515441894531250e+02,
       1.9958250224590302e-02, 14221570, -1 ]
   - [ 8.9101916503906250e+02, 9.1798474121093750e+02,
       2.5942196846008301e+00, 2.7200769042968750e+02,
       1.3698255643248558e-02, 9896703, -1 ]
   - [ 8.9831805419921875e+02, 9.4289434814453125e+02,
       2.2250993251800537e+00, 9.0409667968750000e+01,
       2.1803613752126694e-02, 15467007, -1 ]
   - [ 8.9831805419921875e+02, 9.4289434814453125e+02,
       2.2250993251800537e+00, 2.6948101806640625e+02,
       2.1803613752126694e-02, 15467007, -1 ]
   - [ 8.9951000976562500e+02, 8.4848999023437500e+02,
       1.3904761314392090e+01, 9.8871612548828125e+01,
       2.4064799770712852e-02, 14353153, -1 ]
   - [ 9.0248675537109375e+02, 9.2122210693359375e+02,
       2.5097804069519043e+00, 2.7637091064453125e+02,
       1.6928322613239288e-02, 7471871, -1 ]
   - [ 9.0634143066406250e+02, 8.5600567626953125e+02,
       2.2147438526153564e+00, 9.2577301025390625e+01,
       2.3633636534214020e-02, 15139327, -1 ]
   - [ 9.1287896728515625e+02, 7.2391821289062500e+02,
       3.1952178478240967e+00, 1.0696826171875000e+02,
       2.2601075470447540e-02, 8258559, -1 ]
   - [ 9.2269268798828125e+02, 9.5040173339843750e+02,
       8.3084907531738281e+00, 2.6985671997070312e+02,
       1.8985014408826828e-02, 10551553, -1 ]
   - [ 9.2351110839843750e+02, 8.5194323730468750e+02,
       1.2758995056152344e+01, 8.9423858642578125e+01,
       2.0972030237317085e-02, 8127233, -1 ]
   - [ 9.2495727539062500e+02, 8.3109014892578125e+02,
       1.2216577529907227e+01, 1.3036720275878906e+02,
       3.1547039747238159e-02, 4981505, -1 ]
   - [ 9.2789733886718750e+02, 9.2614215087890625e+02,
       2.5571968555450439e+00, 2.6698333740234375e+02,
       1.4215627685189247e-02, 8848127, -1 ]
   - [ 9.3477062988281250e+02, 7.7739477539062500e+02,
       3.2018486022949219e+01, 2.5137628173828125e+02,
       1.3821595348417759e-02, 7799043, -1 ]
   - [ 9.3568646240234375e+02, 9.3404974365234375e+02,
       1.1026789665222168e+01, 2.6686541748046875e+02,
       3.6531142890453339e-02, 14287361, -1 ]
   - [ 9.3997882080078125e+02, 8.6777069091796875e+02,
       1.1056437492370605e+01, 9.4475555419921875e+01,
       2.4029141291975975e-02, 14483969, -1 ]
   - [ 9.4015765380859375e+02, 8.6186181640625000e+02,
       2.9158945083618164e+00, 9.5461853027343750e+01,
       1.8763666972517967e-02, 1639423, -1 ]
   - [ 9.4725195312500000e+02, 7.2789691162109375e+02,
       7.7803368568420410e+00, 2.8316540527343750e+02,
       2.8940515592694283e-02, 5767425, -1 ]
   - [ 9.4840106201171875e+02, 8.2070214843750000e+02,
       1.6684530258178711e+01, 2.5905017089843750e+02,
       3.8838949054479599e-02, 10813698, -1 ]
   - [ 9.5974975585937500e+02, 9.5156561279296875e+02,
       1.8939998626708984e+01, 2.5666839599609375e+02,
       1.4483881182968616e-02, 3277314, -1 ]
   - [ 9.6183306884765625e+02, 1.0420612792968750e+03,
       1.8340637683868408e+00, 9.0770782470703125e+01,
       1.9342372193932533e-02, 1507839, -1 ]
   - [ 9.6842181396484375e+02, 7.2634564208984375e+02,
       2.0129734039306641e+01, 1.1845863342285156e+02,
       1.5085997991263866e-02, 7668226, -1 ]
   - [ 9.6886981201171875e+02, 1.0424819335937500e+03,
       2.2237012386322021e+00, 9.2140869140625000e+01,
       1.8021875992417336e-02, 15467007, -1 ]
   - [ 9.7343621826171875e+02, 7.6064221191406250e+02,
       2.0759786605834961e+01, 1.6466505432128906e+02,
       1.7119744792580605e-02, 9896450, -1 ]
   - [ 9.7343621826171875e+02, 7.6064221191406250e+02,
       2.0759786605834961e+01, 2.6190692138671875e+02,
       1.7119744792580605e-02, 9896450, -1 ]
   - [ 9.7635772705078125e+02, 5.1204986572265625e+02,
       3.3561806678771973e+00, 1.0896644592285156e+02,
       1.5952352434396744e-02, 11797503, -1 ]
   - [ 9.7635772705078125e+02, 5.1204986572265625e+02,
       3.3561806678771973e+00, 2.9706005859375000e+02,
       1.5952352434396744e-02, 11797503, -1 ]
   - [ 9.7652996826171875e+02, 7.9571173095703125e+02,
       1.9510242462158203e+01, 2.6672625732421875e+02,
       1.8823733553290367e-02, 5440002, -1 ]
   - [ 9.8403540039062500e+02, 5.1450231933593750e+02,
       2.7047095298767090e+00, 1.1198472595214844e+02,
       1.4849328435957432e-02, 12911359, -1 ]
   - [ 9.8403540039062500e+02, 5.1450231933593750e+02,
       2.7047095298767090e+00, 2.7660516357421875e+02,
       1.4849328435957432e-02, 12911359, -1 ]
   - [ 9.9228314208984375e+02, 8.6502496337890625e+02,
       1.9324274063110352e+00, 9.8218261718750000e+01,
       1.4971976168453693e-02, 5308927, -1 ]
   - [ 1.0051947021484375e+03, 8.6332415771484375e+02,
       2.5621256828308105e+00, 8.9686401367187500e+01,
       2.1211761981248856e-02, 8979199, -1 ]
