%YAML:1.0
---
grayKeypoints:
   - [ 7.3448959350585938e+01, 1.0719100189208984e+02,
       1.9889522790908813e+00, 2.5466575622558594e+02,
       1.3907184824347496e-02, 7406079, -1 ]
   - [ 1.9039299011230469e+02, 6.6693115234375000e+02,
       2.4873101711273193e+00, 2.5423753356933594e+02,
       2.7410203590989113e-02, 6816511, -1 ]
   - [ 2.0181494140625000e+02, 6.6558685302734375e+02,
       1.9743245840072632e+00, 9.9577056884765625e+01,
       2.9369704425334930e-02, 6881791, -1 ]
   - [ 2.0181494140625000e+02, 6.6558685302734375e+02,
       1.9743245840072632e+00, 2.5474784851074219e+02,
       2.9369704425334930e-02, 6881791, -1 ]
   - [ 2.5480664062500000e+02, 1.8657643127441406e+02,
       2.4224603176116943e+00, 3.1672906494140625e+02,
       1.3957313261926174e-02, 4915967, -1 ]
   - [ 3.1442672729492188e+02, 3.8227716064453125e+02,
       9.1391401290893555e+00, 3.0133181762695312e+02,
       1.3431790284812450e-02, 721409, -1 ]
   - [ 3.2420059204101562e+02, 3.7967120361328125e+02,
       4.1594271659851074e+00, 2.9513452148437500e+02,
       1.6464019194245338e-02, 10617088, -1 ]
   - [ 3.2848779296875000e+02, 3.5896411132812500e+02,
       2.1822612285614014e+00, 2.2872404479980469e+02,
       1.5614089556038380e-02, 14090751, -1 ]
   - [ 3.3118582153320312e+02, 3.6041845703125000e+02,
       2.1414215564727783e+00, 2.3464602661132812e+02,
       2.4386035278439522e-02, 12714495, -1 ]
   - [ 3.3201242065429688e+02, 3.6656332397460938e+02,
       2.7379028797149658e+00, 1.0394152832031250e+02,
       2.4299612268805504e-02, 13763327, -1 ]
   - [ 3.3499078369140625e+02, 3.7986245727539062e+02,
       3.4602229595184326e+00, 2.6458807373046875e+02,
       1.8316484987735748e-02, 14025727, -1 ]
   - [ 3.3499078369140625e+02, 3.7986245727539062e+02,
       3.4602229595184326e+00, 2.8929855346679688e+02,
       1.8316484987735748e-02, 14025727, -1 ]
   - [ 3.3602777099609375e+02, 3.6370733642578125e+02,
       8.9325323104858398e+00, 7.8611114501953125e+01,
       3.7702020257711411e-02, 15728897, -1 ]
   - [ 3.3757174682617188e+02, 3.7204495239257812e+02,
       4.2079234123229980e+00, 8.1806060791015625e+01,
       1.9397137686610222e-02, 11469056, -1 ]
   - [ 3.3923223876953125e+02, 3.5747885131835938e+02,
       2.9085433483123779e+00, 2.6707009887695312e+02,
       1.7067654058337212e-02, 1442815, -1 ]
   - [ 3.3938644409179688e+02, 3.4379867553710938e+02,
       4.4077124595642090e+00, 8.0681365966796875e+01,
       1.4977742917835712e-02, 14811392, -1 ]
   - [ 3.4069940185546875e+02, 3.9025286865234375e+02,
       4.4170446395874023e+00, 2.8607620239257812e+02,
       1.5236139297485352e-02, 14942464, -1 ]
   - [ 3.4164328002929688e+02, 3.6051815795898438e+02,
       1.9553264379501343e+00, 2.6742971801757812e+02,
       2.8003780171275139e-02, 6160895, -1 ]
   - [ 3.4284100341796875e+02, 3.6494726562500000e+02,
       4.3135404586791992e+00, 7.0123474121093750e+01,
       2.9578261077404022e-02, 13238528, -1 ]
   - [ 3.4387176513671875e+02, 3.8696960449218750e+02,
       1.8738559484481812e+00, 2.9823767089843750e+02,
       2.5228623300790787e-02, 3080703, -1 ]
   - [ 3.4452746582031250e+02, 3.4791757202148438e+02,
       3.1868422031402588e+00, 8.5392242431640625e+01,
       2.1166244521737099e-02, 8061951, -1 ]
   - [ 3.4456542968750000e+02, 3.4465390014648438e+02,
       1.9425781965255737e+00, 8.8066986083984375e+01,
       1.6975577920675278e-02, 5702143, -1 ]
   - [ 3.4606951904296875e+02, 3.9279135131835938e+02,
       5.4555830955505371e+00, 2.8194842529296875e+02,
       1.4063160866498947e-02, 13500928, -1 ]
   - [ 3.4652822875976562e+02, 3.5690109252929688e+02,
       2.2754399776458740e+00, 3.0129940795898438e+02,
       1.5625191852450371e-02, 393983, -1 ]
   - [ 3.4804324340820312e+02, 4.0077941894531250e+02,
       1.9866315841674805e+01, 2.9740576171875000e+02,
       2.7882233262062073e-02, 6750722, -1 ]
   - [ 3.5255007934570312e+02, 3.4152868652343750e+02,
       6.9559707641601562e+00, 8.9477233886718750e+01,
       1.6634859144687653e-02, 14353152, -1 ]
   - [ 3.5650048828125000e+02, 3.4344213867187500e+02,
       2.8200893402099609e+00, 8.7288452148437500e+01,
       1.5274606645107269e-02, 15926015, -1 ]
   - [ 3.6819616699218750e+02, 4.1771597290039062e+02,
       4.7744207382202148e+00, 3.3336392211914062e+02,
       2.0982490852475166e-02, 3867136, -1 ]
   - [ 3.7678683471679688e+02, 3.4435354614257812e+02,
       1.1616917610168457e+01, 1.0838035583496094e+02,
       1.4630620367825031e-02, 1311489, -1 ]
   - [ 3.7761795043945312e+02, 3.0131945800781250e+02,
       3.3495373725891113e+00, 2.6579101562500000e+01,
       1.8969805911183357e-02, 11666431, -1 ]
   - [ 3.8029235839843750e+02, 4.1067913818359375e+02,
       4.8450102806091309e+00, 2.7380078125000000e+02,
       2.0278990268707275e-02, 4915712, -1 ]
   - [ 3.8392456054687500e+02, 4.2509835815429688e+02,
       3.0768392086029053e+00, 2.7424765014648438e+02,
       2.4767203256487846e-02, 5506047, -1 ]
   - [ 3.8395242309570312e+02, 4.0730032348632812e+02,
       2.0245139598846436e+00, 2.7352600097656250e+02,
       1.4207824133336544e-02, 8651263, -1 ]
   - [ 3.8690066528320312e+02, 4.2782968139648438e+02,
       1.9364868402481079e+00, 2.6592132568359375e+02,
       1.8561748787760735e-02, 5439999, -1 ]
   - [ 3.8695950317382812e+02, 3.4576269531250000e+02,
       4.2492938041687012e+00, 2.9619250488281250e+02,
       1.4613364823162556e-02, 12189952, -1 ]
   - [ 3.8756500244140625e+02, 4.0132797241210938e+02,
       1.8784183263778687e+00, 2.7149560546875000e+02,
       1.3640579767525196e-02, 3277311, -1 ]
   - [ 3.9038494873046875e+02, 3.0083218383789062e+02,
       1.4099990844726562e+01, 8.3826477050781250e+01,
       2.1408362314105034e-02, 15336193, -1 ]
   - [ 3.9069079589843750e+02, 3.5485964965820312e+02,
       2.5655617713928223e+00, 1.4676525878906250e+02,
       1.6680305823683739e-02, 9110271, -1 ]
   - [ 3.9383731079101562e+02, 3.0199191284179688e+02,
       3.7938225269317627e+00, 1.0401918029785156e+02,
       1.6047818586230278e-02, 3932416, -1 ]
   - [ 3.9383731079101562e+02, 3.0199191284179688e+02,
       3.7938225269317627e+00, 2.7177957153320312e+02,
       1.6047818586230278e-02, 3932416, -1 ]
   - [ 3.9447604370117188e+02, 3.5125265502929688e+02,
       4.4975867271423340e+00, 1.3140571594238281e+02,
       2.0907193422317505e-02, 16253184, -1 ]
   - [ 3.9447604370117188e+02, 3.5125265502929688e+02,
       4.4975867271423340e+00, 2.8949584960937500e+02,
       2.0907193422317505e-02, 16253184, -1 ]
   - [ 3.9732714843750000e+02, 2.9343524169921875e+02,
       2.5830819606781006e+00, 9.3896148681640625e+01,
       1.3819771818816662e-02, 9569023, -1 ]
   - [ 3.9963195800781250e+02, 4.7820907592773438e+02,
       1.9192491769790649e+00, 3.4577801513671875e+02,
       1.7999321222305298e-02, 4784639, -1 ]
   - [ 3.9984457397460938e+02, 4.1827206420898438e+02,
       3.7676472663879395e+00, 8.8267242431640625e+01,
       1.3477257452905178e-02, 3473664, -1 ]
   - [ 4.0056286621093750e+02, 3.6356509399414062e+02,
       2.1634006500244141e+00, 9.7497924804687500e+01,
       1.7315831035375595e-02, 13435391, -1 ]
   - [ 4.0056286621093750e+02, 3.6356509399414062e+02,
       2.1634006500244141e+00, 2.4323712158203125e+02,
       1.7315831035375595e-02, 13435391, -1 ]
   - [ 4.0207742309570312e+02, 2.9905154418945312e+02,
       2.4930939674377441e+00, 1.0106753540039062e+02,
       1.6447270289063454e-02, 7013119, -1 ]
   - [ 4.0208151245117188e+02, 3.0364788818359375e+02,
       4.2467665672302246e+00, 2.6967086791992188e+02,
       2.3212088271975517e-02, 12124416, -1 ]
   - [ 4.0304116821289062e+02, 4.7703515625000000e+02,
       3.8872134685516357e+00, 6.5534515380859375e+01,
       3.7873562425374985e-02, 5701888, -1 ]
   - [ 4.0304116821289062e+02, 4.7703515625000000e+02,
       3.8872134685516357e+00, 3.4542153930664062e+02,
       3.7873562425374985e-02, 5701888, -1 ]
