%YAML:1.0
---
grayKeypoints:
   - [ 7.0321989059448242e+00, 5.5937713623046875e+02,
       2.5384404659271240e+00, 2.0984196472167969e+02,
       1.7787789925932884e-02, 8323839, -1 ]
   - [ 7.0321989059448242e+00, 5.5937713623046875e+02,
       2.5384404659271240e+00, 3.5643243408203125e+02,
       1.7787789925932884e-02, 8323839, -1 ]
   - [ 8.9117975234985352e+00, 5.5263995361328125e+02,
       2.5662686824798584e+00, 1.9821624755859375e+01,
       2.3641714826226234e-02, 9110271, -1 ]
   - [ 8.9117975234985352e+00, 5.5263995361328125e+02,
       2.5662686824798584e+00, 1.9513342285156250e+02,
       2.3641714826226234e-02, 9110271, -1 ]
   - [ 1.4558841705322266e+01, 5.7036035156250000e+02,
       2.6653821468353271e+00, 3.0451538085937500e+01,
       1.8003504723310471e-02, 11862783, -1 ]
   - [ 1.4558841705322266e+01, 5.7036035156250000e+02,
       2.6653821468353271e+00, 2.0815031433105469e+02,
       1.8003504723310471e-02, 11862783, -1 ]
   - [ 9.4824966430664062e+01, 4.0713931274414062e+02,
       2.0460927486419678e+00, 9.5223876953125000e+01,
       1.8315689638257027e-02, 9437695, -1 ]
   - [ 9.4824966430664062e+01, 4.0713931274414062e+02,
       2.0460927486419678e+00, 2.2045202636718750e+02,
       1.8315689638257027e-02, 9437695, -1 ]
   - [ 1.2799517059326172e+02, 1.8873518371582031e+02,
       2.3477973937988281e+00, 9.8363891601562500e+01,
       1.6334177926182747e-02, 2687743, -1 ]
   - [ 1.2799517059326172e+02, 1.8873518371582031e+02,
       2.3477973937988281e+00, 2.8806030273437500e+02,
       1.6334177926182747e-02, 2687743, -1 ]
   - [ 1.3384382629394531e+02, 4.7098791503906250e+02,
       1.8388725519180298e+00, 3.2142669677734375e+01,
       3.1337019056081772e-02, 1704447, -1 ]
   - [ 1.3384382629394531e+02, 4.7098791503906250e+02,
       1.8388725519180298e+00, 2.1324403381347656e+02,
       3.1337019056081772e-02, 1704447, -1 ]
   - [ 2.0266841125488281e+02, 3.2139715576171875e+02,
       1.8368132114410400e+00, 6.6631195068359375e+01,
       2.5007495656609535e-02, 1638911, -1 ]
   - [ 2.0266841125488281e+02, 3.2139715576171875e+02,
       1.8368132114410400e+00, 2.1375112915039062e+02,
       2.5007495656609535e-02, 1638911, -1 ]
   - [ 2.5239834594726562e+02, 4.4942477416992188e+02,
       2.7875473499298096e+00, 2.3958865356445312e+02,
       2.6129495352506638e-02, 15074047, -1 ]
   - [ 2.6208596801757812e+02, 3.4483605957031250e+02,
       2.1660096645355225e+00, 2.5820587158203125e+01,
       2.9868138954043388e-02, 13566463, -1 ]
   - [ 2.6208596801757812e+02, 3.4483605957031250e+02,
       2.1660096645355225e+00, 2.1594085693359375e+02,
       2.9868138954043388e-02, 13566463, -1 ]
   - [ 2.8737265014648438e+02, 3.3538015747070312e+02,
       1.8175572156906128e+00, 2.1210043334960938e+02,
       1.8441736698150635e-02, 852479, -1 ]
   - [ 3.6757049560546875e+02, 4.6036627197265625e+02,
       4.0034689903259277e+00, 2.3430755615234375e+01,
       1.9040271639823914e-02, 7864576, -1 ]
   - [ 3.7175827026367188e+02, 4.4834912109375000e+02,
       3.9539291858673096e+00, 2.6717346191406250e+01,
       1.5896627679467201e-02, 6947072, -1 ]
   - [ 3.7216815185546875e+02, 6.2057757568359375e+02,
       2.1501595973968506e+00, 1.5383148193359375e+01,
       1.6428295522928238e-02, 13042175, -1 ]
   - [ 3.7434060668945312e+02, 6.2874798583984375e+02,
       3.8621342182159424e+00, 1.6082763671875000e+00,
       2.0564727485179901e-02, 5243136, -1 ]
   - [ 3.7434060668945312e+02, 6.2874798583984375e+02,
       3.8621342182159424e+00, 3.2067892456054688e+02,
       2.0564727485179901e-02, 5243136, -1 ]
   - [ 3.7650115966796875e+02, 4.6383309936523438e+02,
       1.5532198905944824e+01, 2.1954467773437500e+01,
       2.6005361229181290e-02, 5636354, -1 ]
   - [ 3.7711700439453125e+02, 4.6399755859375000e+02,
       3.3266372680664062e+00, 1.8844912719726562e+02,
       2.1734302863478661e-02, 11142143, -1 ]
   - [ 3.7935464477539062e+02, 4.4521942138671875e+02,
       5.4267764091491699e+00, 2.8281524658203125e+01,
       2.4788577109575272e-02, 13107712, -1 ]
   - [ 3.8480487060546875e+02, 6.3187066650390625e+02,
       5.6690535545349121e+00, 2.7883459472656250e+02,
       2.4010205641388893e-02, 16318976, -1 ]
   - [ 3.8591885375976562e+02, 4.3151705932617188e+02,
       3.4315090179443359e+00, 2.8933532714843750e+01,
       2.6743099093437195e-02, 13435903, -1 ]
   - [ 3.9124142456054688e+02, 5.8505963134765625e+02,
       2.2679220199584961e+01, 6.1441467285156250e+01,
       2.7454998344182968e-02, 16318978, -1 ]
   - [ 3.9786538696289062e+02, 3.4431460571289062e+02,
       2.2965409755706787e+00, 2.3892422485351562e+02,
       1.5114617533981800e-02, 1049343, -1 ]
   - [ 3.9932379150390625e+02, 4.6975793457031250e+02,
       6.7287492752075195e+00, 2.6330792236328125e+02,
       1.6616012901067734e-02, 11993856, -1 ]
   - [ 4.0526828002929688e+02, 4.7517184448242188e+02,
       4.8434252738952637e+00, 2.5762741088867188e+02,
       1.5333260409533978e-02, 4915712, -1 ]
   - [ 4.0920928955078125e+02, 6.4527075195312500e+02,
       7.8475928306579590e+00, 2.8934082031250000e+02,
       1.3668807223439217e-02, 6422785, -1 ]
   - [ 4.1172048950195312e+02, 3.9895343017578125e+02,
       3.9700286388397217e+00, 4.8662292480468750e+01,
       3.2581105828285217e-02, 7209216, -1 ]
   - [ 4.1344161987304688e+02, 6.3375085449218750e+02,
       1.0000079154968262e+01, 2.8907971191406250e+02,
       2.1185593679547310e-02, 7209473, -1 ]
   - [ 4.1367074584960938e+02, 4.7245312500000000e+02,
       4.4833159446716309e+00, 2.5536683654785156e+02,
       1.7844555899500847e-02, 16056576, -1 ]
   - [ 4.2377926635742188e+02, 4.7042694091796875e+02,
       5.6977972984313965e+00, 2.5142259216308594e+02,
       1.7397766932845116e-02, 16646656, -1 ]
   - [ 4.3844897460937500e+02, 5.3616802978515625e+02,
       7.5644248962402344e+01, 6.2959777832031250e+01,
       2.7527166530489922e-02, 3146244, -1 ]
   - [ 4.3844897460937500e+02, 5.3616802978515625e+02,
       7.5644248962402344e+01, 2.6889849853515625e+02,
       2.7527166530489922e-02, 3146244, -1 ]
   - [ 4.4288021850585938e+02, 6.4408996582031250e+02,
       6.9579367637634277e+00, 2.7571557617187500e+02,
       1.4722822234034538e-02, 14418688, -1 ]
   - [ 4.5408941650390625e+02, 6.2786322021484375e+02,
       8.6220874786376953e+00, 2.7526214599609375e+02,
       1.3887189328670502e-02, 13172993, -1 ]
   - [ 4.5433392333984375e+02, 4.5810617065429688e+02,
       3.4756550788879395e+00, 2.4985224914550781e+02,
       2.0713087171316147e-02, 14353407, -1 ]
   - [ 4.7160568237304688e+02, 4.1245422363281250e+02,
       6.9220367431640625e+01, 2.5375888061523438e+02,
       6.1591509729623795e-02, 13435140, -1 ]
   - [ 4.7165499877929688e+02, 3.6943856811523438e+02,
       5.7353458404541016e+00, 7.4392120361328125e+01,
       3.2791707664728165e-02, 393984, -1 ]
   - [ 4.8956585693359375e+02, 5.8699975585937500e+02,
       2.2237966060638428e+00, 6.7118652343750000e+01,
       1.6748119145631790e-02, 15467007, -1 ]
   - [ 5.0703234863281250e+02, 5.9520996093750000e+02,
       3.4223133087158203e+01, 7.9257476806640625e+01,
       3.6180313676595688e-02, 12648707, -1 ]
   - [ 5.3769854736328125e+02, 3.5346270751953125e+02,
       1.1891700744628906e+01, 8.4954467773437500e+01,
       3.2370880246162415e-02, 3015425, -1 ]
   - [ 5.4356439208984375e+02, 2.7252609252929688e+02,
       2.5393307209014893e+00, 3.4808758544921875e+02,
       1.6845751553773880e-02, 8323839, -1 ]
   - [ 5.4763653564453125e+02, 3.5929299926757812e+02,
       3.1085519790649414e+00, 8.5127716064453125e+01,
       1.5724413096904755e-02, 6292479, -1 ]
   - [ 5.4826507568359375e+02, 3.6340322875976562e+02,
       3.3710649013519287e+00, 8.8673431396484375e+01,
       2.3453369736671448e-02, 12125183, -1 ]
   - [ 5.5244323730468750e+02, 3.5860568237304688e+02,
       4.2226228713989258e+00, 8.1292541503906250e+01,
       1.8032966181635857e-02, 11731200, -1 ]
