%YAML:1.0
---
grayKeypoints:
   - [ 1.7895427703857422e+01, 2.2545550537109375e+02,
       2.0067131519317627e+00, 4.9518646240234375e+01,
       1.4712516218423843e-02, 7995903, -1 ]
   - [ 1.7895427703857422e+01, 2.2545550537109375e+02,
       2.0067131519317627e+00, 2.5502601623535156e+02,
       1.4712516218423843e-02, 7995903, -1 ]
   - [ 1.4575875854492188e+02, 5.9735180664062500e+02,
       2.3001916408538818e+00, 2.6180139160156250e+02,
       2.6236472651362419e-02, 1180415, -1 ]
   - [ 1.5800177001953125e+02, 5.9618121337890625e+02,
       2.0548675060272217e+00, 9.2290496826171875e+01,
       3.1453598290681839e-02, 9765375, -1 ]
   - [ 2.8179949951171875e+02, 3.3588708496093750e+02,
       9.2195386886596680e+00, 3.0775671386718750e+02,
       1.5216569416224957e-02, 1311233, -1 ]
   - [ 2.8930844116210938e+02, 3.2233581542968750e+02,
       1.2861366271972656e+01, 3.0733569335937500e+02,
       3.2439727336168289e-02, 8717057, -1 ]
   - [ 2.9134210205078125e+02, 3.0932827758789062e+02,
       2.2074372768402100e+00, 6.4580139160156250e+01,
       1.6461219638586044e-02, 14942719, -1 ]
   - [ 2.9419302368164062e+02, 3.3556094360351562e+02,
       3.9106159210205078e+00, 2.9272503662109375e+02,
       1.7210034653544426e-02, 6160640, -1 ]
   - [ 2.9731787109375000e+02, 3.1597994995117188e+02,
       2.0130074024200439e+00, 2.2842619323730469e+02,
       1.3703150674700737e-02, 8258047, -1 ]
   - [ 2.9980352783203125e+02, 3.1752340698242188e+02,
       2.2802665233612061e+00, 2.3631083679199219e+02,
       2.0472221076488495e-02, 590591, -1 ]
   - [ 3.0018597412109375e+02, 3.2332824707031250e+02,
       2.6196587085723877e+00, 1.1430854797363281e+02,
       2.2045098245143890e-02, 10617599, -1 ]
   - [ 3.0450503540039062e+02, 3.3678027343750000e+02,
       3.3890407085418701e+00, 2.6745245361328125e+02,
       1.8507158383727074e-02, 12518399, -1 ]
   - [ 3.0450503540039062e+02, 3.3678027343750000e+02,
       3.3890407085418701e+00, 3.0084967041015625e+02,
       1.8507158383727074e-02, 12518399, -1 ]
   - [ 3.0531668090820312e+02, 3.2115911865234375e+02,
       8.9002943038940430e+00, 8.1063232421875000e+01,
       3.7627179175615311e-02, 15466753, -1 ]
   - [ 3.0621792602539062e+02, 3.1495269775390625e+02,
       2.6637561321258545e+00, 2.6407720947265625e+02,
       1.5313262119889259e-02, 11797247, -1 ]
   - [ 3.0676947021484375e+02, 3.2909490966796875e+02,
       4.3123965263366699e+00, 8.6937622070312500e+01,
       1.9029652699828148e-02, 13238528, -1 ]
   - [ 3.0752539062500000e+02, 3.0226855468750000e+02,
       3.2740857601165771e+00, 8.6211639404296875e+01,
       1.5831604599952698e-02, 10028031, -1 ]
   - [ 3.1188217163085938e+02, 3.0601708984375000e+02,
       3.0351176261901855e+00, 8.7972778320312500e+01,
       1.9859336316585541e-02, 4523007, -1 ]
   - [ 3.1451342773437500e+02, 3.1518862915039062e+02,
       2.0935230255126953e+00, 2.9992218017578125e+02,
       1.6307858750224113e-02, 11076095, -1 ]
   - [ 3.1512976074218750e+02, 3.0977761840820312e+02,
       9.3867063522338867e+00, 9.0825805664062500e+01,
       2.2909367457032204e-02, 2621953, -1 ]
   - [ 3.1711779785156250e+02, 3.2183343505859375e+02,
       2.3103663921356201e+00, 1.9261657714843750e+01,
       1.3532362878322601e-02, 1508095, -1 ]
   - [ 3.1951306152343750e+02, 3.0326547241210938e+02,
       1.8882890939712524e+00, 9.3019256591796875e+01,
       1.6191728413105011e-02, 3604991, -1 ]
   - [ 3.2192803955078125e+02, 2.9926718139648438e+02,
       8.9585628509521484e+00, 9.3151245117187500e+01,
       1.6566969454288483e-02, 15991041, -1 ]
   - [ 3.3183105468750000e+02, 3.2931707763671875e+02,
       3.3931026458740234e+01, 3.0297863769531250e+02,
       2.9433233663439751e-02, 11993347, -1 ]
   - [ 3.3183367919921875e+02, 3.7557556152343750e+02,
       3.0919442176818848e+00, 3.3975460815429688e+02,
       1.5932289883494377e-02, 5899263, -1 ]
   - [ 3.3286230468750000e+02, 3.6769039916992188e+02,
       2.5871818065643311e+00, 1.9117706298828125e+01,
       1.6649231314659119e-02, 9700095, -1 ]
   - [ 3.3286230468750000e+02, 3.6769039916992188e+02,
       2.5871818065643311e+00, 3.3960580444335938e+02,
       1.6649231314659119e-02, 9700095, -1 ]
   - [ 3.3300595092773438e+02, 3.6131677246093750e+02,
       1.8782027959823608e+00, 3.3138543701171875e+02,
       1.5741040930151939e-02, 3211775, -1 ]
   - [ 3.3516986083984375e+02, 3.6532159423828125e+02,
       2.0453314781188965e+00, 3.3748480224609375e+02,
       1.4296528883278370e-02, 9437695, -1 ]
   - [ 3.4128131103515625e+02, 2.8938748168945312e+02,
       3.0888175964355469e+00, 1.9658491516113281e+02,
       1.4192976057529449e-02, 5768191, -1 ]
   - [ 3.4128131103515625e+02, 2.8938748168945312e+02,
       3.0888175964355469e+00, 3.4812814331054688e+02,
       1.4192976057529449e-02, 5768191, -1 ]
   - [ 3.4546963500976562e+02, 3.0518103027343750e+02,
       1.1063203811645508e+01, 1.1188638305664062e+02,
       1.4822700060904026e-02, 14549505, -1 ]
   - [ 3.4586837768554688e+02, 3.8048934936523438e+02,
       2.7291533946990967e+00, 2.8094021606445312e+02,
       1.5015443786978722e-02, 13566719, -1 ]
   - [ 3.4826916503906250e+02, 3.9501919555664062e+02,
       1.3986701965332031e+01, 2.7711871337890625e+02,
       1.5912085771560669e-02, 14746369, -1 ]
   - [ 3.4892559814453125e+02, 3.2481466674804688e+02,
       3.0515003204345703e+00, 7.3959777832031250e+01,
       2.1696621552109718e-02, 4916223, -1 ]
   - [ 3.4962304687500000e+02, 3.6857388305664062e+02,
       4.2296619415283203e+00, 2.7843347167968750e+02,
       2.1380180492997169e-02, 11796736, -1 ]
   - [ 3.4984280395507812e+02, 2.6630972290039062e+02,
       3.3788812160491943e+00, 3.0435241699218750e+01,
       1.6083871945738792e-02, 12321791, -1 ]
   - [ 3.5225143432617188e+02, 3.8187396240234375e+02,
       2.7235600948333740e+00, 2.7670764160156250e+02,
       2.3079287260770798e-02, 13435647, -1 ]
   - [ 3.5363973999023438e+02, 2.6828878784179688e+02,
       1.9792463779449463e+00, 2.7438275146484375e+02,
       1.3423774391412735e-02, 7012863, -1 ]
   - [ 3.5838662719726562e+02, 3.1602386474609375e+02,
       2.3559334278106689e+00, 1.4816799926757812e+02,
       1.7607510089874268e-02, 2949887, -1 ]
   - [ 3.5846313476562500e+02, 3.8310403442382812e+02,
       3.9298341274261475e+00, 2.7424594116210938e+02,
       1.6871867701411247e-02, 6488320, -1 ]
   - [ 3.6196182250976562e+02, 3.5117883300781250e+02,
       3.8333770751953125e+01, 2.8551483154296875e+02,
       3.0826438218355179e-02, 4129283, -1 ]
   - [ 3.6214205932617188e+02, 3.1298461914062500e+02,
       4.3439130783081055e+00, 1.3455171203613281e+02,
       2.0846452564001083e-02, 13762816, -1 ]
   - [ 3.6214205932617188e+02, 3.1298461914062500e+02,
       4.3439130783081055e+00, 2.9660705566406250e+02,
       2.0846452564001083e-02, 13762816, -1 ]
   - [ 3.6269131469726562e+02, 2.6714880371093750e+02,
       1.3512282371520996e+01, 9.4539916992187500e+01,
       2.0928511396050453e-02, 12256001, -1 ]
   - [ 3.6451422119140625e+02, 3.7057617187500000e+02,
       4.9446477890014648e+00, 2.7855944824218750e+02,
       2.0967071875929832e-02, 6423040, -1 ]
   - [ 3.6563558959960938e+02, 2.5961965942382812e+02,
       1.9081878662109375e+00, 9.5481842041015625e+01,
       1.4677579514682293e-02, 4391423, -1 ]
   - [ 3.6621731567382812e+02, 3.7627279663085938e+02,
       3.1981494426727295e+00, 8.9665344238281250e+01,
       1.5787897631525993e-02, 8324095, -1 ]
   - [ 3.6764038085937500e+02, 3.2506729125976562e+02,
       2.1982104778289795e+00, 1.0799658203125000e+02,
       1.5087407082319260e-02, 14615039, -1 ]
   - [ 3.6764038085937500e+02, 3.2506729125976562e+02,
       2.1982104778289795e+00, 2.4925567626953125e+02,
       1.5087407082319260e-02, 14615039, -1 ]
   - [ 3.6801437377929688e+02, 4.3005010986328125e+02,
       3.3952958583831787e+00, 7.2052581787109375e+01,
       4.0223583579063416e-02, 12649471, -1 ]
