%YAML:1.0
---
grayKeypoints:
   - [ 2.5766479492187500e+02, 6.8864831542968750e+02,
       2.4709098339080811e+00, 2.5494497680664062e+02,
       2.5888174772262573e-02, 6357759, -1 ]
   - [ 3.7615591430664062e+02, 4.0580871582031250e+02,
       5.3065881729125977e+00, 3.2942169189453125e+02,
       1.4040518552064896e-02, 11534848, -1 ]
   - [ 3.7755874633789062e+02, 4.1402127075195312e+02,
       1.1337892532348633e+01, 3.0717382812500000e+02,
       1.5149919316172600e-02, 16318977, -1 ]
   - [ 3.8137307739257812e+02, 3.9413247680664062e+02,
       2.2780110836029053e+00, 3.9909729003906250e+01,
       1.4383611269295216e-02, 459519, -1 ]
   - [ 3.8583743286132812e+02, 4.1189773559570312e+02,
       2.0628669261932373e+00, 3.1430694580078125e+02,
       1.3879451900720596e-02, 10027519, -1 ]
   - [ 3.8734399414062500e+02, 4.0099215698242188e+02,
       1.2620091438293457e+01, 3.0623214721679688e+02,
       3.3431101590394974e-02, 7340801, -1 ]
   - [ 3.8799212646484375e+02, 3.8874237060546875e+02,
       1.9154243469238281e+00, 6.5571472167968750e+01,
       1.7460135743021965e-02, 4653567, -1 ]
   - [ 4.0054812622070312e+02, 1.8407290649414062e+02,
       2.0221750736236572e+00, 1.7788804626464844e+02,
       3.0291363596916199e-02, 8585727, -1 ]
   - [ 4.0280685424804688e+02, 3.9895599365234375e+02,
       8.4161958694458008e+00, 7.6508270263671875e+01,
       3.5588547587394714e-02, 11469057, -1 ]
   - [ 4.0296890258789062e+02, 3.9333197021484375e+02,
       2.5058472156524658e+00, 2.6717745971679688e+02,
       1.5341367572546005e-02, 7406335, -1 ]
   - [ 4.0342370605468750e+02, 4.1349169921875000e+02,
       3.1439504623413086e+00, 2.6184164428710938e+02,
       1.8004637211561203e-02, 7078911, -1 ]
   - [ 4.0507318115234375e+02, 4.0634274291992188e+02,
       4.1091356277465820e+00, 8.2129638671875000e+01,
       1.8190305680036545e-02, 9699584, -1 ]
   - [ 4.0734704589843750e+02, 3.8481915283203125e+02,
       3.3166625499725342e+00, 8.6713653564453125e+01,
       1.8421974033117294e-02, 10945535, -1 ]
   - [ 4.1072778320312500e+02, 3.8107693481445312e+02,
       2.5775527954101562e+00, 8.9308654785156250e+01,
       1.5083297155797482e-02, 9437951, -1 ]
   - [ 4.1079406738281250e+02, 3.9282324218750000e+02,
       2.1415603160858154e+00, 2.9813500976562500e+02,
       1.4936726540327072e-02, 12714495, -1 ]
   - [ 4.1114416503906250e+02, 3.8785260009765625e+02,
       8.7182006835937500e+00, 8.9835540771484375e+01,
       2.3946044966578484e-02, 14024961, -1 ]
   - [ 4.1200210571289062e+02, 4.1988793945312500e+02,
       2.6676614284515381e+00, 2.8736431884765625e+02,
       2.0627826452255249e-02, 11928319, -1 ]
   - [ 4.1822106933593750e+02, 4.3617282104492188e+02,
       2.2622726440429688e+01, 2.9560754394531250e+02,
       2.7105025947093964e-02, 16122370, -1 ]
   - [ 4.1934634399414062e+02, 3.7853225708007812e+02,
       6.8523631095886230e+00, 9.4259582519531250e+01,
       1.9763188436627388e-02, 13304576, -1 ]
   - [ 4.2742605590820312e+02, 4.3172735595703125e+02,
       3.5722126960754395e+00, 3.2227905273437500e+02,
       1.5842435881495476e-02, 16319487, -1 ]
   - [ 4.3345220947265625e+02, 4.3441400146484375e+02,
       2.3451089859008789e+00, 3.2153988647460938e+02,
       1.3546970672905445e-02, 2556671, -1 ]
   - [ 4.3484317016601562e+02, 4.2810733032226562e+02,
       2.1959881782531738e+00, 3.2675305175781250e+02,
       1.4613877981901169e-02, 14549503, -1 ]
   - [ 4.3638989257812500e+02, 4.3833688354492188e+02,
       2.2825324535369873e+00, 3.3371417236328125e+02,
       1.3660456053912640e-02, 656127, -1 ]
   - [ 4.4211181640625000e+02, 4.5064367675781250e+02,
       7.8541865348815918e+00, 3.0587994384765625e+02,
       2.6304828003048897e-02, 6422785, -1 ]
   - [ 4.4268566894531250e+02, 3.7919598388671875e+02,
       1.1415747642517090e+01, 1.0883285522460938e+02,
       1.5618845820426941e-02, 66305, -1 ]
   - [ 4.4531243896484375e+02, 3.4180349731445312e+02,
       3.2335464954376221e+00, 1.7105834960937500e+01,
       1.6160277649760246e-02, 9110527, -1 ]
   - [ 4.4531243896484375e+02, 3.4180349731445312e+02,
       3.2335464954376221e+00, 2.7474090576171875e+02,
       1.6160277649760246e-02, 9110527, -1 ]
   - [ 4.4612930297851562e+02, 3.9909448242187500e+02,
       2.6850898265838623e+00, 6.5275329589843750e+01,
       2.2781914100050926e-02, 12387071, -1 ]
   - [ 4.4612930297851562e+02, 3.9909448242187500e+02,
       2.6850898265838623e+00, 2.0078572082519531e+02,
       2.2781914100050926e-02, 12387071, -1 ]
   - [ 4.4614270019531250e+02, 4.5813522338867188e+02,
       2.1659457683563232e+00, 3.0704852294921875e+02,
       1.8848510459065437e-02, 13566463, -1 ]
   - [ 4.4950131225585938e+02, 4.5555163574218750e+02,
       1.8529675006866455e+00, 2.7654931640625000e+02,
       1.4661353081464767e-02, 2294271, -1 ]
   - [ 4.4969140625000000e+02, 4.3921920776367188e+02,
       2.3955667018890381e+00, 2.7049133300781250e+02,
       1.7585271969437599e-02, 4129535, -1 ]
   - [ 4.5044525146484375e+02, 4.3548348999023438e+02,
       3.2147214412689209e+00, 2.7452264404296875e+02,
       1.3478210195899010e-02, 8717311, -1 ]
   - [ 4.5269168090820312e+02, 4.5309671020507812e+02,
       3.0066249370574951e+00, 2.7345422363281250e+02,
       2.2506570443511009e-02, 3867647, -1 ]
   - [ 4.5605773925781250e+02, 4.5584576416015625e+02,
       1.8541291952133179e+00, 2.7188598632812500e+02,
       1.3367097824811935e-02, 2294271, -1 ]
   - [ 4.5829965209960938e+02, 3.4132714843750000e+02,
       1.3290259361267090e+01, 8.9219268798828125e+01,
       2.0240614190697670e-02, 11076353, -1 ]
   - [ 4.5896661376953125e+02, 3.8643743896484375e+02,
       6.2477531433105469e+00, 1.2911817932128906e+02,
       2.1533880382776260e-02, 6619904, -1 ]
   - [ 4.5896661376953125e+02, 3.8643743896484375e+02,
       6.2477531433105469e+00, 2.8703759765625000e+02,
       2.1533880382776260e-02, 6619904, -1 ]
   - [ 4.6013400268554688e+02, 4.5405505371093750e+02,
       3.7254340648651123e+00, 2.6811981201171875e+02,
       1.6004346311092377e-02, 2621696, -1 ]
   - [ 4.6030999755859375e+02, 3.4222674560546875e+02,
       3.4431407451629639e+00, 1.0470364379882812e+02,
       1.4740320853888988e-02, 13632511, -1 ]
   - [ 4.6122976684570312e+02, 4.2312692260742188e+02,
       3.8379791259765625e+01, 2.7383062744140625e+02,
       3.1749747693538666e-02, 4194819, -1 ]
   - [ 4.6525979614257812e+02, 3.9766543579101562e+02,
       2.7550704479217529e+00, 1.1112573242187500e+02,
       1.5171403065323830e-02, 14222079, -1 ]
   - [ 4.6525979614257812e+02, 3.9766543579101562e+02,
       2.7550704479217529e+00, 1.7241941833496094e+02,
       1.5171403065323830e-02, 14222079, -1 ]
   - [ 4.6525979614257812e+02, 3.9766543579101562e+02,
       2.7550704479217529e+00, 2.1360551452636719e+02,
       1.5171403065323830e-02, 14222079, -1 ]
   - [ 4.6575119018554688e+02, 3.8913925170898438e+02,
       9.2191534042358398e+00, 1.4064117431640625e+02,
       1.9549744203686714e-02, 1311233, -1 ]
   - [ 4.6688305664062500e+02, 4.4678323364257812e+02,
       3.2004132270812988e+00, 8.6448730468750000e+01,
       1.3930352404713631e-02, 8389631, -1 ]
   - [ 4.6728503417968750e+02, 4.1005715942382812e+02,
       4.0391626358032227e+00, 9.9566741943359375e+01,
       1.4540563337504864e-02, 8519936, -1 ]
   - [ 4.6887768554687500e+02, 4.0338381958007812e+02,
       6.5483450889587402e+00, 9.8602264404296875e+01,
       2.4275328963994980e-02, 10027776, -1 ]
   - [ 4.6948666381835938e+02, 3.5001623535156250e+02,
       4.9555463790893555e+00, 2.5980609130859375e+02,
       1.3808739371597767e-02, 6554112, -1 ]
   - [ 4.7024749755859375e+02, 3.4411041259765625e+02,
       3.7714982032775879e+00, 2.6675033569335938e+02,
       2.0414503291249275e-02, 3539200, -1 ]
   - [ 4.7349002075195312e+02, 4.0930374145507812e+02,
       2.1704201698303223e+00, 9.4884796142578125e+01,
       1.4664555899798870e-02, 13697535, -1 ]
