%YAML:1.0
---
grayKeypoints:
   - [ 5.1261611938476562e+01, 5.6081829833984375e+02,
       2.4685039520263672e+00, 9.7170471191406250e+01,
       3.8255706429481506e-02, 6292223, -1 ]
   - [ 5.1261611938476562e+01, 5.6081829833984375e+02,
       2.4685039520263672e+00, 2.5684423828125000e+02,
       3.8255706429481506e-02, 6292223, -1 ]
   - [ 5.2672142028808594e+01, 5.6351452636718750e+02,
       2.0159168243408203e+00, 2.5547358703613281e+02,
       1.4768177643418312e-02, 8389119, -1 ]
   - [ 1.7812236022949219e+02, 4.1566839599609375e+02,
       2.3189289569854736e+00, 1.1960983276367188e+02,
       2.3357611149549484e-02, 1770239, -1 ]
   - [ 1.7812236022949219e+02, 4.1566839599609375e+02,
       2.3189289569854736e+00, 3.2372259521484375e+02,
       2.3357611149549484e-02, 1770239, -1 ]
   - [ 1.8952035522460938e+02, 3.6806735229492188e+02,
       2.7951967716217041e+00, 3.5171087646484375e+02,
       1.5851974487304688e-02, 15270655, -1 ]
   - [ 1.8974301147460938e+02, 5.3950543212890625e+02,
       2.0061833858489990e+00, 2.9110772705078125e+02,
       2.0381415262818336e-02, 7995903, -1 ]
   - [ 1.9221806335449219e+02, 3.5464331054687500e+02,
       7.6705660820007324e+00, 3.9936370849609375e+01,
       1.7639039084315300e-02, 4718849, -1 ]
   - [ 1.9254571533203125e+02, 3.5529031372070312e+02,
       7.0745806694030762e+00, 4.0055297851562500e+01,
       1.7810067161917686e-02, 15598336, -1 ]
   - [ 1.9402162170410156e+02, 5.3971502685546875e+02,
       2.7804062366485596e+00, 2.7753775024414062e+02,
       2.2817807272076607e-02, 14877439, -1 ]
   - [ 1.9478683471679688e+02, 3.6580621337890625e+02,
       5.2304253578186035e+00, 3.5770294189453125e+01,
       4.3815452605485916e-02, 10486272, -1 ]
   - [ 2.0091047668457031e+02, 3.4720556640625000e+02,
       5.0828714370727539e+00, 4.1807037353515625e+01,
       1.8653050065040588e-02, 8389120, -1 ]
   - [ 2.0205487060546875e+02, 3.6499575805664062e+02,
       4.1894812583923340e+00, 2.0588299560546875e+02,
       2.3217996582388878e-02, 11141376, -1 ]
   - [ 2.0549511718750000e+02, 5.7743682861328125e+02,
       2.0992209911346436e+00, 2.5743569946289062e+02,
       1.5971373766660690e-02, 11272703, -1 ]
   - [ 2.0725050354003906e+02, 3.4924203491210938e+02,
       4.9918184280395508e+00, 4.3164062500000000e+01,
       2.6997957378625870e-02, 7078400, -1 ]
   - [ 2.0892674255371094e+02, 3.3714495849609375e+02,
       6.5791153907775879e+00, 4.3120910644531250e+01,
       2.0666729658842087e-02, 10355456, -1 ]
   - [ 2.1084863281250000e+02, 3.7480975341796875e+02,
       4.2232055664062500e+00, 2.8337030029296875e+02,
       1.4144498854875565e-02, 11731200, -1 ]
   - [ 2.1156823730468750e+02, 5.2788171386718750e+02,
       2.4275814056396484e+01, 6.8879364013671875e+01,
       2.9822548851370811e-02, 4522754, -1 ]
   - [ 2.1413165283203125e+02, 5.4310626220703125e+02,
       4.2925496101379395e+00, 2.8531097412109375e+02,
       1.9621150568127632e-02, 12910848, -1 ]
   - [ 2.1609651184082031e+02, 3.3108898925781250e+02,
       5.0949397087097168e+00, 4.4188262939453125e+01,
       1.9293922930955887e-02, 8585728, -1 ]
   - [ 2.1736967468261719e+02, 3.8049337768554688e+02,
       2.7457115650177002e+00, 2.7960961914062500e+02,
       1.4341871254146099e-02, 14025471, -1 ]
   - [ 2.1741462707519531e+02, 3.7606771850585938e+02,
       4.4338908195495605e+00, 2.8102087402343750e+02,
       1.4538921415805817e-02, 15204608, -1 ]
   - [ 2.1762245178222656e+02, 3.3741793823242188e+02,
       3.4634139537811279e+00, 4.1869049072265625e+01,
       3.3800058066844940e-02, 14091263, -1 ]
   - [ 2.2171697998046875e+02, 5.3996069335937500e+02,
       2.4351975917816162e+00, 1.0024511718750000e+02,
       2.1297145634889603e-02, 5309183, -1 ]
   - [ 2.2291241455078125e+02, 5.4359436035156250e+02,
       2.4684650897979736e+00, 9.8919982910156250e+01,
       1.9323417916893959e-02, 6292223, -1 ]
   - [ 2.2377679443359375e+02, 5.0377886962890625e+02,
       9.7738742828369141e+00, 6.5849639892578125e+01,
       1.3772655278444290e-02, 5571073, -1 ]
   - [ 2.2406002807617188e+02, 5.4882824707031250e+02,
       2.1978421211242676e+00, 2.9130941772460938e+02,
       1.4312363229691982e-02, 14615039, -1 ]
   - [ 2.2432955932617188e+02, 5.4625488281250000e+02,
       5.7265477180480957e+00, 2.9131530761718750e+02,
       2.0981255918741226e-02, 328448, -1 ]
   - [ 2.2633741760253906e+02, 3.7608401489257812e+02,
       5.7099323272705078e+00, 2.7664538574218750e+02,
       1.7615363001823425e-02, 131840, -1 ]
   - [ 2.2717677307128906e+02, 3.7790344238281250e+02,
       2.8021719455718994e+00, 2.7221655273437500e+02,
       1.8262282013893127e-02, 15467263, -1 ]
   - [ 2.2764175415039062e+02, 3.2241235351562500e+02,
       4.4933915138244629e+00, 5.0157318115234375e+01,
       1.9923904910683632e-02, 16187648, -1 ]
   - [ 2.2859712219238281e+02, 4.9423556518554688e+02,
       3.2951614856719971e+00, 6.2045196533203125e+01,
       1.5803115442395210e-02, 10486783, -1 ]
   - [ 2.3350596618652344e+02, 5.5096600341796875e+02,
       5.5209751129150391e+00, 2.8888916015625000e+02,
       1.5489012934267521e-02, 14352896, -1 ]
   - [ 2.3657409667968750e+02, 5.4547912597656250e+02,
       2.3314321041107178e+00, 1.2849128723144531e+02,
       1.4355028048157692e-02, 2163455, -1 ]
   - [ 2.4032621765136719e+02, 5.2980773925781250e+02,
       2.8321583271026611e+00, 5.7917663574218750e+01,
       1.3370815664529800e-02, 16253695, -1 ]
   - [ 2.4053828430175781e+02, 5.1908276367187500e+02,
       1.8229073286056519e+00, 9.2132751464843750e+01,
       1.4897091314196587e-02, 1049087, -1 ]
   - [ 2.4237620544433594e+02, 5.2859246826171875e+02,
       4.0126117706298828e+01, 8.4016662597656250e+01,
       3.2145593315362930e-02, 7471619, -1 ]
   - [ 2.4269786071777344e+02, 5.3346002197265625e+02,
       2.9334647655487061e+00, 5.6501647949218750e+01,
       1.4460582286119461e-02, 2098175, -1 ]
   - [ 2.4474325561523438e+02, 5.4885479736328125e+02,
       2.0008141994476318e+00, 1.1876150512695312e+02,
       1.3424637727439404e-02, 7799295, -1 ]
   - [ 2.4484381103515625e+02, 5.2702856445312500e+02,
       2.9344174861907959e+00, 6.5765411376953125e+01,
       1.3880812563002110e-02, 2098175, -1 ]
   - [ 2.4484381103515625e+02, 5.2702856445312500e+02,
       2.9344174861907959e+00, 3.1982836914062500e+02,
       1.3880812563002110e-02, 2098175, -1 ]
   - [ 2.4795870971679688e+02, 5.5071197509765625e+02,
       2.0336382389068604e+00, 1.2067552185058594e+02,
       1.5967175364494324e-02, 8978943, -1 ]
   - [ 2.4803187561035156e+02, 3.0806423950195312e+02,
       5.0968384742736816e+00, 6.2705413818359375e+01,
       1.9964665174484253e-02, 8585728, -1 ]
   - [ 2.4895478820800781e+02, 3.7481350708007812e+02,
       6.5494852066040039e+00, 2.7085107421875000e+02,
       1.8981201574206352e-02, 10027776, -1 ]
   - [ 2.5041902160644531e+02, 5.5719207763671875e+02,
       4.9336671829223633e+00, 2.8943786621093750e+02,
       1.9576387479901314e-02, 6226432, -1 ]
   - [ 2.5276963806152344e+02, 5.1846276855468750e+02,
       2.7109181880950928e+00, 8.5606201171875000e+01,
       1.8546178936958313e-02, 13042431, -1 ]
   - [ 2.5567961120605469e+02, 3.0559164428710938e+02,
       3.7078194618225098e+00, 6.5423553466796875e+01,
       2.2738309577107430e-02, 2294016, -1 ]
   - [ 2.5981149291992188e+02, 3.0898361206054688e+02,
       4.0744013786315918e+00, 6.6873901367187500e+01,
       3.2093767076730728e-02, 9109760, -1 ]
   - [ 2.6395568847656250e+02, 5.1377905273437500e+02,
       4.0915412902832031e+00, 9.7756011962890625e+01,
       1.4852097257971764e-02, 9437440, -1 ]
   - [ 2.6719198608398438e+02, 5.1618225097656250e+02,
       1.8510954380035400e+00, 5.2286621093750000e+01,
       2.0381296053528786e-02, 2163199, -1 ]
   - [ 2.6863400268554688e+02, 5.1657775878906250e+02,
       3.3127706050872803e+00, 9.6824523925781250e+01,
       1.8749093636870384e-02, 10879999, -1 ]
