%YAML:1.0
---
grayKeypoints:
   - [ 5.0455669403076172e+01, 7.4091192626953125e+02,
       2.1738297939300537e+00, 2.2967031860351562e+02,
       1.5294553712010384e-02, 13828607, -1 ]
   - [ 8.0952354431152344e+01, 5.6267810058593750e+02,
       3.3802018165588379e+00, 8.4990844726562500e+00,
       1.3476543128490448e-02, 12321791, -1 ]
   - [ 8.0952354431152344e+01, 5.6267810058593750e+02,
       3.3802018165588379e+00, 1.6698081970214844e+02,
       1.3476543128490448e-02, 12321791, -1 ]
   - [ 8.8663414001464844e+01, 1.1951288604736328e+02,
       1.8859084844589233e+00, 2.5744207763671875e+02,
       3.8611851632595062e-02, 3539455, -1 ]
   - [ 8.8806961059570312e+01, 8.4239343261718750e+02,
       2.2662594318389893e+00, 1.1027694702148438e+02,
       2.3600086569786072e-02, 131839, -1 ]
   - [ 8.8806961059570312e+01, 8.4239343261718750e+02,
       2.2662594318389893e+00, 2.4401306152343750e+02,
       2.3600086569786072e-02, 131839, -1 ]
   - [ 1.1144009399414062e+02, 6.0290838623046875e+02,
       2.9821202754974365e+00, 1.2804666137695312e+02,
       1.7397776246070862e-02, 3277823, -1 ]
   - [ 1.2191529083251953e+02, 1.9442538452148438e+02,
       4.1313366889953613e+00, 7.7374877929687500e+00,
       1.7902126535773277e-02, 10092800, -1 ]
   - [ 1.2191529083251953e+02, 1.9442538452148438e+02,
       4.1313366889953613e+00, 3.3330676269531250e+02,
       1.7902126535773277e-02, 10092800, -1 ]
   - [ 1.2427783203125000e+02, 1.7485038757324219e+02,
       5.0024766921997070e+00, 5.2830322265625000e+01,
       1.5850156545639038e-02, 7275008, -1 ]
   - [ 1.2677344512939453e+02, 2.2371683120727539e+01,
       2.3051886558532715e+00, 2.4854693603515625e+02,
       4.2831465601921082e-02, 1377023, -1 ]
   - [ 1.2838467407226562e+02, 1.9295341491699219e+02,
       4.1203217506408691e+00, 2.8304327392578125e+02,
       1.6519946977496147e-02, 9896192, -1 ]
   - [ 1.2926144409179688e+02, 1.6591052246093750e+02,
       9.3941640853881836e+00, 4.9567993164062500e+01,
       1.5019879676401615e-02, 2687489, -1 ]
   - [ 1.3218721008300781e+02, 1.8244458007812500e+02,
       1.6974184036254883e+01, 2.4361613464355469e+02,
       3.1319156289100647e-02, 12058882, -1 ]
   - [ 1.3545498657226562e+02, 1.6754075622558594e+02,
       2.2964019775390625e+00, 5.8074829101562500e+01,
       1.7411250621080399e-02, 1049343, -1 ]
   - [ 1.3660304260253906e+02, 1.9054647827148438e+02,
       4.7228217124938965e+00, 2.5196453857421875e+02,
       1.7491133883595467e-02, 3080704, -1 ]
   - [ 1.3871620178222656e+02, 1.7437136840820312e+02,
       1.0913057327270508e+01, 4.9853240966796875e+01,
       2.6136245578527451e-02, 13500929, -1 ]
   - [ 1.3993952941894531e+02, 1.8483865356445312e+02,
       4.9673743247985840e+00, 2.6627484130859375e+02,
       1.5712244436144829e-02, 6750720, -1 ]
   - [ 1.4012525939941406e+02, 1.9614268493652344e+02,
       3.7942733764648438e+00, 2.4947505187988281e+02,
       1.4071594923734665e-02, 3997952, -1 ]
   - [ 1.4080239868164062e+02, 1.5911083984375000e+02,
       4.9492516517639160e+00, 5.7249694824218750e+01,
       1.4612904749810696e-02, 6488576, -1 ]
   - [ 1.4886587524414062e+02, 2.0562416076660156e+02,
       1.8414432525634766e+01, 2.4840701293945312e+02,
       2.1767091006040573e-02, 1245698, -1 ]
   - [ 1.5113232421875000e+02, 1.7467445373535156e+02,
       4.6096363067626953e+00, 2.8800671386718750e+02,
       1.5115436166524887e-02, 1311232, -1 ]
   - [ 1.5518112182617188e+02, 1.5010220336914062e+02,
       9.8193521499633789e+00, 6.9182861328125000e+01,
       1.5284749679267406e-02, 5898753, -1 ]
   - [ 1.5656927490234375e+02, 1.5213023376464844e+02,
       6.1118502616882324e+00, 7.0136291503906250e+01,
       1.5392344444990158e-02, 5047040, -1 ]
   - [ 1.5689419555664062e+02, 1.9696754455566406e+02,
       6.1274905204772949e+00, 1.2118469238281250e+01,
       1.8380248919129372e-02, 5178112, -1 ]
   - [ 1.5689419555664062e+02, 1.9696754455566406e+02,
       6.1274905204772949e+00, 2.4637263488769531e+02,
       1.8380248919129372e-02, 5178112, -1 ]
   - [ 1.5973970031738281e+02, 2.0183840942382812e+02,
       2.9409515857696533e+00, 2.7856384277343750e+01,
       1.3886502012610435e-02, 2229247, -1 ]
   - [ 1.6331629943847656e+02, 1.9192030334472656e+02,
       4.8864731788635254e+00, 5.3613555908203125e+01,
       1.8595658242702484e-02, 5571072, -1 ]
   - [ 1.6331629943847656e+02, 1.9192030334472656e+02,
       4.8864731788635254e+00, 2.5181919860839844e+02,
       1.8595658242702484e-02, 5571072, -1 ]
   - [ 1.6352470397949219e+02, 1.8011549377441406e+02,
       4.4908485412597656e+00, 2.7067199707031250e+02,
       1.4199774712324142e-02, 16187648, -1 ]
   - [ 1.6526274108886719e+02, 1.5730262756347656e+02,
       5.8414492607116699e+00, 7.2246307373046875e+01,
       2.1842690184712410e-02, 1770240, -1 ]
   - [ 1.6597047424316406e+02, 1.5045396423339844e+02,
       4.9033637046813965e+00, 7.6465423583984375e+01,
       1.5263372100889683e-02, 5833216, -1 ]
   - [ 1.7393658447265625e+02, 1.4800019836425781e+02,
       5.3280463218688965e+00, 6.9430633544921875e+01,
       1.7064791172742844e-02, 11796992, -1 ]
   - [ 1.7490164184570312e+02, 1.8860562133789062e+02,
       9.5734968185424805e+00, 9.2309051513671875e+01,
       2.1005528047680855e-02, 4063745, -1 ]
   - [ 1.7490164184570312e+02, 1.8860562133789062e+02,
       9.5734968185424805e+00, 2.5597525024414062e+02,
       2.1005528047680855e-02, 4063745, -1 ]
   - [ 1.7723864746093750e+02, 1.6964761352539062e+02,
       5.9264292716979980e+00, 2.7040713500976562e+02,
       2.1069886162877083e-02, 2818816, -1 ]
   - [ 1.7857667541503906e+02, 1.5625305175781250e+02,
       1.1564781188964844e+01, 7.3670257568359375e+01,
       2.4244068190455437e-02, 983809, -1 ]
   - [ 1.8177268981933594e+02, 2.1848124694824219e+02,
       1.2256356239318848e+01, 2.7952703857421875e+02,
       1.9327372312545776e-02, 5243649, -1 ]
   - [ 1.8196549987792969e+02, 1.9850364685058594e+02,
       2.7296464443206787e+00, 9.6178771972656250e+01,
       1.8828561529517174e-02, 13566719, -1 ]
   - [ 1.8269723510742188e+02, 1.7813278198242188e+02,
       5.1590433120727539e+00, 2.6803952026367188e+02,
       2.1816611289978027e-02, 9503232, -1 ]
   - [ 1.8280500793457031e+02, 1.4468029785156250e+02,
       3.5177857875823975e+00, 8.0044311523437500e+01,
       1.4098536223173141e-02, 15205375, -1 ]
   - [ 1.8329881286621094e+02, 1.4998756408691406e+02,
       5.4142537117004395e+00, 7.4845642089843750e+01,
       2.0164044573903084e-02, 12976640, -1 ]
   - [ 1.8459608459472656e+02, 2.0028575134277344e+02,
       5.1284461021423340e+00, 9.5806854248046875e+01,
       2.0874749869108200e-02, 9044480, -1 ]
   - [ 1.8758586120605469e+02, 1.9513948059082031e+02,
       4.3153958320617676e+00, 9.6472412109375000e+01,
       1.4402941800653934e-02, 13304064, -1 ]
   - [ 1.8966534423828125e+02, 1.4431169128417969e+02,
       2.6327736377716064e+00, 8.8760498046875000e+01,
       1.6086282208561897e-02, 10945279, -1 ]
   - [ 1.9186242675781250e+02, 1.8113063049316406e+02,
       1.4727739334106445e+01, 2.4121244812011719e+02,
       1.6258582472801208e-02, 1769730, -1 ]
   - [ 1.9259062194824219e+02, 1.7781097412109375e+02,
       8.4374408721923828e+00, 2.6585858154296875e+02,
       1.7631487920880318e-02, 11665665, -1 ]
   - [ 1.9261550903320312e+02, 3.8182037353515625e+01,
       7.4793868064880371e+00, 3.4807788085937500e+02,
       1.6673889011144638e-02, 2949377, -1 ]
   - [ 1.9340217590332031e+02, 2.0393453979492188e+02,
       1.9539083242416382e+00, 2.3958135986328125e+02,
       1.6180647537112236e-02, 6095359, -1 ]
   - [ 1.9343835449218750e+02, 1.4207359313964844e+02,
       5.8629560470581055e+00, 7.0945373535156250e+01,
       1.8191792070865631e-02, 2032384, -1 ]
   - [ 1.9390745544433594e+02, 1.5927244567871094e+02,
       4.2701654434204102e+00, 2.7408218383789062e+02,
       1.4283342286944389e-02, 12517632, -1 ]
