%YAML:1.0
---
grayKeypoints:
   - [ 2.4021197509765625e+02, 7.1166912841796875e+02,
       2.1245336532592773e+00, 2.5898187255859375e+02,
       1.8427431583404541e-02, 12124671, -1 ]
   - [ 3.4502484130859375e+02, 2.7909826660156250e+02,
       2.1021015644073486e+00, 1.0733399963378906e+02,
       1.5770506113767624e-02, 11403775, -1 ]
   - [ 3.5668762207031250e+02, 4.3319738769531250e+02,
       1.0914576530456543e+01, 3.0717895507812500e+02,
       1.4798780903220177e-02, 13566465, -1 ]
   - [ 3.6632757568359375e+02, 4.2003021240234375e+02,
       1.3640368461608887e+01, 3.0323229980468750e+02,
       3.2076839357614517e-02, 12976897, -1 ]
   - [ 3.7956008911132812e+02, 2.0103108215332031e+02,
       4.1663804054260254e+00, 1.7800849914550781e+02,
       1.4844158664345741e-02, 10748160, -1 ]
   - [ 3.7956008911132812e+02, 2.0103108215332031e+02,
       4.1663804054260254e+00, 2.9264257812500000e+02,
       1.4844158664345741e-02, 10748160, -1 ]
   - [ 3.8244427490234375e+02, 4.1837515258789062e+02,
       8.1250829696655273e+00, 7.7540924072265625e+01,
       3.6282777786254883e-02, 8913153, -1 ]
   - [ 3.8258297729492188e+02, 4.3303704833984375e+02,
       3.3811104297637939e+00, 2.8023794555664062e+02,
       1.3497869484126568e-02, 12321791, -1 ]
   - [ 3.8336990356445312e+02, 4.2572052001953125e+02,
       4.0752711296081543e+00, 8.5412719726562500e+01,
       1.7691532149910927e-02, 9109760, -1 ]
   - [ 3.8941937255859375e+02, 4.0687390136718750e+02,
       8.9661722183227539e+00, 9.0481475830078125e+01,
       2.3986268788576126e-02, 16056577, -1 ]
   - [ 3.9181375122070312e+02, 4.0014541625976562e+02,
       2.7752022743225098e+00, 9.1708251953125000e+01,
       1.3553423807024956e-02, 14746367, -1 ]
   - [ 3.9694528198242188e+02, 4.5677465820312500e+02,
       2.3427442550659180e+01, 2.9679763793945312e+02,
       2.7371613308787346e-02, 1966850, -1 ]
   - [ 4.0874014282226562e+02, 4.2479171752929688e+02,
       3.2953418731689453e+01, 2.9800866699218750e+02,
       3.1279221177101135e-02, 9896195, -1 ]
   - [ 4.2292388916015625e+02, 3.9932308959960938e+02,
       1.1885886192321777e+01, 1.0967724609375000e+02,
       1.5643557533621788e-02, 3015425, -1 ]
   - [ 4.2295394897460938e+02, 4.7201583862304688e+02,
       8.3917703628540039e+00, 3.0407904052734375e+02,
       2.5502884760499001e-02, 11272449, -1 ]
   - [ 4.3833267211914062e+02, 3.6132000732421875e+02,
       1.3429541587829590e+01, 9.2152893066406250e+01,
       1.9940024241805077e-02, 11797249, -1 ]
   - [ 4.4218408203125000e+02, 4.4412789916992188e+02,
       3.8401119232177734e+01, 2.7966845703125000e+02,
       3.2267879694700241e-02, 4260355, -1 ]
   - [ 4.4472711181640625e+02, 3.5469061279296875e+02,
       2.5118501186370850e+00, 9.1919281005859375e+01,
       1.4114509336650372e-02, 7537407, -1 ]
   - [ 4.4598599243164062e+02, 3.6715811157226562e+02,
       2.9871732711791992e+01, 1.2070852661132812e+02,
       1.5154535882174969e-02, 2818307, -1 ]
   - [ 4.4978665161132812e+02, 4.2407635498046875e+02,
       7.1071982383728027e+00, 9.8546752929687500e+01,
       2.4063775315880775e-02, 15926016, -1 ]
   - [ 4.5699612426757812e+02, 4.0528598022460938e+02,
       2.8885262012481689e+00, 2.6911328125000000e+02,
       1.6513664275407791e-02, 918527, -1 ]
   - [ 4.5747598266601562e+02, 5.2058508300781250e+02,
       5.4081172943115234e+00, 6.9791137695312500e+01,
       1.8262600526213646e-02, 12911104, -1 ]
   - [ 4.6195843505859375e+02, 4.2594940185546875e+02,
       6.3152861595153809e+00, 8.9368957519531250e+01,
       2.1207306534051895e-02, 7406336, -1 ]
   - [ 4.6218612670898438e+02, 4.1544680786132812e+02,
       6.1046137809753418e+00, 1.3112832641601562e+02,
       3.1540580093860626e-02, 4915968, -1 ]
   - [ 4.6283761596679688e+02, 4.2794851684570312e+02,
       2.4740581512451172e+00, 9.1129150390625000e+01,
       1.9522691145539284e-02, 6488831, -1 ]
   - [ 4.6667578125000000e+02, 3.5329672241210938e+02,
       2.0993885993957520e+00, 9.9954803466796875e+01,
       1.4974170364439487e-02, 11272703, -1 ]
   - [ 4.6721762084960938e+02, 3.8854525756835938e+02,
       1.5997659683227539e+01, 2.5134956359863281e+02,
       1.3747392222285271e-02, 7799042, -1 ]
   - [ 4.6767602539062500e+02, 4.6625433349609375e+02,
       3.9833123683929443e+00, 2.6948797607421875e+02,
       3.8093697279691696e-02, 7471360, -1 ]
   - [ 4.6994662475585938e+02, 4.3370373535156250e+02,
       5.4913282394409180e+00, 9.3570922851562500e+01,
       2.4075755849480629e-02, 13959680, -1 ]
   - [ 4.7349798583984375e+02, 3.6385427856445312e+02,
       3.8950836658477783e+00, 2.7586843872070312e+02,
       2.8773358091711998e-02, 5832960, -1 ]
   - [ 4.7416110229492188e+02, 4.1025646972656250e+02,
       8.4043178558349609e+00, 2.5912240600585938e+02,
       3.8929089903831482e-02, 11337985, -1 ]
   - [ 4.7984567260742188e+02, 4.7566003417968750e+02,
       9.4665088653564453e+00, 2.5535827636718750e+02,
       1.4509466476738453e-02, 3277313, -1 ]
   - [ 4.8402749633789062e+02, 3.6305676269531250e+02,
       1.0101314544677734e+01, 1.1891358947753906e+02,
       1.5052719041705132e-02, 7930369, -1 ]
   - [ 4.8662261962890625e+02, 3.8019351196289062e+02,
       1.0374911308288574e+01, 1.6695196533203125e+02,
       1.7269216477870941e-02, 9896449, -1 ]
   - [ 4.8662261962890625e+02, 3.8019351196289062e+02,
       1.0374911308288574e+01, 2.6220431518554688e+02,
       1.7269216477870941e-02, 9896449, -1 ]
   - [ 4.8842684936523438e+02, 3.9778060913085938e+02,
       9.7247953414916992e+00, 2.6705505371093750e+02,
       1.8914643675088882e-02, 5177857, -1 ]
   - [ 5.0821694946289062e+02, 4.2991079711914062e+02,
       4.3124861717224121e+00, 9.4637176513671875e+01,
       2.3956423625349998e-02, 13238528, -1 ]
   - [ 5.1162823486328125e+02, 3.6809655761718750e+02,
       2.2764194011688232e+00, 1.0159939575195312e+02,
       1.4850887469947338e-02, 459519, -1 ]
   - [ 5.1238378906250000e+02, 3.6531295776367188e+02,
       2.1852765083312988e+00, 1.0306634521484375e+02,
       1.3348028063774109e-02, 14221823, -1 ]
   - [ 5.1313848876953125e+02, 5.3347961425781250e+02,
       3.5176346302032471e+00, 9.3941528320312500e+01,
       1.3580529019236565e-02, 15205375, -1 ]
   - [ 5.1687072753906250e+02, 3.6930154418945312e+02,
       2.9202334880828857e+00, 9.6307342529296875e+01,
       1.3581013306975365e-02, 1770495, -1 ]
   - [ 5.1748712158203125e+02, 4.0278100585937500e+02,
       2.6806714534759521e+00, 2.7031240844726562e+02,
       1.7818512395024300e-02, 12255999, -1 ]
   - [ 5.2697943115234375e+02, 5.2675701904296875e+02,
       2.5280873775482178e+00, 9.9948699951171875e+01,
       2.4742301553487778e-02, 7996159, -1 ]
   - [ 5.3099926757812500e+02, 4.3580520629882812e+02,
       4.5448608398437500e+00, 9.1561035156250000e+01,
       2.0969172939658165e-02, 328192, -1 ]
   - [ 5.3355560302734375e+02, 3.7055615234375000e+02,
       1.9196437597274780e+00, 8.9648803710937500e+01,
       1.6753166913986206e-02, 4850175, -1 ]
   - [ 5.3676403808593750e+02, 4.2611065673828125e+02,
       4.0085172653198242e+00, 9.7593505859375000e+01,
       1.8001893535256386e-02, 7930112, -1 ]
   - [ 5.4360540771484375e+02, 3.6373336791992188e+02,
       1.0075576782226562e+01, 8.4730651855468750e+01,
       1.6451824456453323e-02, 7733761, -1 ]
   - [ 5.4360687255859375e+02, 4.3080676269531250e+02,
       2.1400105953216553e+00, 8.2444091796875000e+01,
       1.9722053781151772e-02, 12648959, -1 ]
   - [ 5.4769018554687500e+02, 4.8070651245117188e+02,
       6.4127688407897949e+00, 2.8281628417968750e+02,
       1.4380324631929398e-02, 8520448, -1 ]
   - [ 5.4922418212890625e+02, 4.3489544677734375e+02,
       4.8184533119201660e+00, 8.7541564941406250e+01,
       1.6338912770152092e-02, 4522496, -1 ]
   - [ 5.5394244384765625e+02, 4.6553344726562500e+02,
       6.5060076713562012e+00, 2.7211349487304688e+02,
       2.1412359550595284e-02, 9569024, -1 ]
