%YAML:1.0
---
grayKeypoints:
   - [ 9.5026695251464844e+01, 1.0852811431884766e+02,
       1.8607443571090698e+00, 7.3974609375000000e-01,
       1.3833277858793736e-02, 2556415, -1 ]
   - [ 9.5026695251464844e+01, 1.0852811431884766e+02,
       1.8607443571090698e+00, 1.7574588012695312e+02,
       1.3833277858793736e-02, 2556415, -1 ]
   - [ 9.5026695251464844e+01, 1.0852811431884766e+02,
       1.8607443571090698e+00, 2.3617465209960938e+02,
       1.3833277858793736e-02, 2556415, -1 ]
   - [ 9.7078804016113281e+01, 7.3860211372375488e+00,
       1.8751043081283569e+00, 1.8057968139648438e+02,
       1.5319094061851501e-02, 3146239, -1 ]
   - [ 9.7078804016113281e+01, 7.3860211372375488e+00,
       1.8751043081283569e+00, 3.5520080566406250e+02,
       1.5319094061851501e-02, 3146239, -1 ]
   - [ 1.2970022583007812e+02, 1.1353647460937500e+03,
       2.5026917457580566e+00, 1.0907705688476562e+02,
       2.5869004428386688e-02, 7275263, -1 ]
   - [ 1.2970022583007812e+02, 1.1353647460937500e+03,
       2.5026917457580566e+00, 2.9516500854492188e+02,
       2.5869004428386688e-02, 7275263, -1 ]
   - [ 2.9198608398437500e+02, 5.2040631103515625e+02,
       5.1708273887634277e+00, 1.1646339416503906e+02,
       2.5457434356212616e-02, 9634304, -1 ]
   - [ 2.9198608398437500e+02, 5.2040631103515625e+02,
       5.1708273887634277e+00, 2.9422775268554688e+02,
       2.5457434356212616e-02, 9634304, -1 ]
   - [ 2.9850772094726562e+02, 8.6570910644531250e+02,
       1.9868898391723633e+01, 3.0357131958007812e+02,
       1.4150876551866531e-02, 6750722, -1 ]
   - [ 3.1385910034179688e+02, 8.3579937744140625e+02,
       2.9439573287963867e+01, 3.0052258300781250e+02,
       3.2970599830150604e-02, 1769731, -1 ]
   - [ 3.3918902587890625e+02, 8.2402709960937500e+02,
       5.4043107032775879e+00, 2.3935935974121094e+02,
       1.6207402572035789e-02, 12845568, -1 ]
   - [ 3.4709664916992188e+02, 8.6428173828125000e+02,
       7.6469664573669434e+00, 2.7823803710937500e+02,
       1.5292666852474213e-02, 4522241, -1 ]
   - [ 3.5124102783203125e+02, 8.3056304931640625e+02,
       1.9000556945800781e+01, 7.7725769042968750e+01,
       3.8144621998071671e-02, 3473922, -1 ]
   - [ 3.6823205566406250e+02, 8.1607061767578125e+02,
       4.3527455329895020e+00, 3.0017761230468750e+02,
       1.5029679983854294e-02, 13893888, -1 ]
   - [ 3.6975946044921875e+02, 8.8628247070312500e+02,
       4.3635802268981934e+00, 2.8128173828125000e+02,
       1.4075469225645065e-02, 14090496, -1 ]
   - [ 3.7113305664062500e+02, 8.0502618408203125e+02,
       2.0307804107666016e+01, 9.1146667480468750e+01,
       2.3483678698539734e-02, 8323586, -1 ]
   - [ 3.7297842407226562e+02, 3.5014337158203125e+02,
       7.5259447097778320e+00, 1.8464819335937500e+02,
       2.0135886967182159e-02, 3342593, -1 ]
   - [ 3.7297842407226562e+02, 3.5014337158203125e+02,
       7.5259447097778320e+00, 3.0641436767578125e+02,
       2.0135886967182159e-02, 3342593, -1 ]
   - [ 3.7297842407226562e+02, 3.5014337158203125e+02,
       7.5259447097778320e+00, 3.4581201171875000e+02,
       2.0135886967182159e-02, 3342593, -1 ]
   - [ 3.7314968872070312e+02, 8.7565930175781250e+02,
       2.9684560298919678e+00, 2.8112991333007812e+02,
       1.3635702431201935e-02, 2950143, -1 ]
   - [ 3.7392645263671875e+02, 8.6735272216796875e+02,
       3.6857635974884033e+00, 2.7126123046875000e+02,
       1.4763934537768364e-02, 1835264, -1 ]
   - [ 3.7539071655273438e+02, 8.8235137939453125e+02,
       2.6455981731414795e+00, 2.7133551025390625e+02,
       1.9180236384272575e-02, 11338495, -1 ]
   - [ 3.8053283691406250e+02, 9.0686395263671875e+02,
       3.7118236541748047e+01, 2.9972558593750000e+02,
       2.7395710349082947e-02, 1835523, -1 ]
   - [ 3.8278451538085938e+02, 7.8020355224609375e+02,
       2.1360155105590820e+01, 9.2739532470703125e+01,
       1.6007654368877411e-02, 11993602, -1 ]
   - [ 4.0523440551757812e+02, 9.0203894042968750e+02,
       5.2619862556457520e+00, 3.2562405395507812e+02,
       1.3985058292746544e-02, 10879488, -1 ]
   - [ 4.2897964477539062e+02, 9.5158532714843750e+02,
       1.5376332283020020e+01, 3.0515524291992188e+02,
       2.4477072060108185e-02, 4915458, -1 ]
   - [ 4.3610537719726562e+02, 7.9386022949218750e+02,
       2.3871282577514648e+01, 1.0993026733398438e+02,
       1.6460852697491646e-02, 3277570, -1 ]
   - [ 4.4677075195312500e+02, 9.1958374023437500e+02,
       8.4867906570434570e+00, 2.7975427246093750e+02,
       1.4763929881155491e-02, 12058881, -1 ]
   - [ 4.4867507934570312e+02, 9.3112731933593750e+02,
       1.0977538108825684e+01, 2.7773126220703125e+02,
       2.0669534802436829e-02, 13959681, -1 ]
   - [ 4.5239126586914062e+02, 9.5727331542968750e+02,
       6.2153363227844238e+00, 2.7747985839843750e+02,
       2.1984424442052841e-02, 6226688, -1 ]
   - [ 4.6735198974609375e+02, 7.1338519287109375e+02,
       1.2016638755798340e+01, 9.9569519042968750e+01,
       1.7577648162841797e-02, 3801857, -1 ]
   - [ 4.6735198974609375e+02, 7.1338519287109375e+02,
       1.2016638755798340e+01, 2.9970910644531250e+02,
       1.7577648162841797e-02, 3801857, -1 ]
   - [ 4.6809780883789062e+02, 9.5168103027343750e+02,
       2.8458611965179443e+00, 9.7002258300781250e+01,
       1.3430953025817871e-02, 16581375, -1 ]
   - [ 4.6809780883789062e+02, 9.5168103027343750e+02,
       2.8458611965179443e+00, 2.6954620361328125e+02,
       1.3430953025817871e-02, 16581375, -1 ]
   - [ 4.6905087280273438e+02, 8.8811285400390625e+02,
       8.1333801269531250e+01, 2.8025488281250000e+02,
       3.2203350216150284e-02, 8389124, -1 ]
   - [ 4.7164779663085938e+02, 9.2854638671875000e+02,
       2.0455222129821777e+00, 2.7086187744140625e+02,
       1.8041729927062988e-02, 9437695, -1 ]
   - [ 4.7536441040039062e+02, 8.0972167968750000e+02,
       1.0661755561828613e+01, 1.2817990112304688e+02,
       2.1716803312301636e-02, 11862529, -1 ]
   - [ 4.7536441040039062e+02, 8.0972167968750000e+02,
       1.0661755561828613e+01, 2.8869717407226562e+02,
       2.1716803312301636e-02, 11862529, -1 ]
   - [ 4.7660614013671875e+02, 7.0743872070312500e+02,
       2.0225675106048584e+00, 1.0633470153808594e+02,
       1.9136624410748482e-02, 8585727, -1 ]
   - [ 4.8065020751953125e+02, 9.5191357421875000e+02,
       4.1778297424316406e+00, 9.4620147705078125e+01,
       1.6080208122730255e-02, 10944768, -1 ]
   - [ 4.8065020751953125e+02, 9.5191357421875000e+02,
       4.1778297424316406e+00, 2.7193585205078125e+02,
       1.6080208122730255e-02, 10944768, -1 ]
   - [ 4.9372534179687500e+02, 1.0909197998046875e+03,
       9.0843315124511719e+00, 3.2691403198242188e+02,
       2.3493010550737381e-02, 262657, -1 ]
   - [ 4.9506552124023438e+02, 1.9004470825195312e+01,
       3.4685490131378174e+00, 9.2707061767578125e+01,
       1.5853410586714745e-02, 14156799, -1 ]
   - [ 4.9506552124023438e+02, 1.9004470825195312e+01,
       3.4685490131378174e+00, 2.8239627075195312e+02,
       1.5853410586714745e-02, 14156799, -1 ]
   - [ 4.9540499877929688e+02, 7.0884295654296875e+02,
       6.5413947105407715e+00, 1.0134252929687500e+02,
       1.7019672319293022e-02, 9962240, -1 ]
   - [ 4.9612509155273438e+02, 9.2518988037109375e+02,
       4.1474967002868652e+00, 2.7821264648437500e+02,
       1.4535186812281609e-02, 10420480, -1 ]
   - [ 4.9659082031250000e+02, 9.5134814453125000e+02,
       3.2833957672119141e+00, 9.6314514160156250e+01,
       2.1205164492130280e-02, 10224639, -1 ]
   - [ 4.9659082031250000e+02, 9.5134814453125000e+02,
       3.2833957672119141e+00, 2.6585617065429688e+02,
       2.1205164492130280e-02, 10224639, -1 ]
   - [ 4.9768402099609375e+02, 8.4745385742187500e+02,
       1.5203143119812012e+01, 1.0260165405273438e+02,
       2.4549219757318497e-02, 4063490, -1 ]
   - [ 4.9826828002929688e+02, 7.1944726562500000e+02,
       9.6848287582397461e+00, 2.6869873046875000e+02,
       2.2215139120817184e-02, 4915713, -1 ]
