%YAML:1.0
---
grayKeypoints:
   - [ 7.8638717651367188e+01, 3.0538592529296875e+02,
       1.9223114252090454e+00, 1.9854736328125000e+00,
       3.6185581237077713e-02, 4915711, -1 ]
   - [ 7.8638717651367188e+01, 3.0538592529296875e+02,
       1.9223114252090454e+00, 2.6309265136718750e+01,
       3.6185581237077713e-02, 4915711, -1 ]
   - [ 7.8638717651367188e+01, 3.0538592529296875e+02,
       1.9223114252090454e+00, 8.0264831542968750e+01,
       3.6185581237077713e-02, 4915711, -1 ]
   - [ 7.8638717651367188e+01, 3.0538592529296875e+02,
       1.9223114252090454e+00, 2.0486819458007812e+02,
       3.6185581237077713e-02, 4915711, -1 ]
   - [ 7.8638717651367188e+01, 3.0538592529296875e+02,
       1.9223114252090454e+00, 2.3651339721679688e+02,
       3.6185581237077713e-02, 4915711, -1 ]
   - [ 7.8638717651367188e+01, 3.0538592529296875e+02,
       1.9223114252090454e+00, 2.7799554443359375e+02,
       3.6185581237077713e-02, 4915711, -1 ]
   - [ 1.3912716674804688e+02, 3.3438949584960938e+02,
       1.8062013387680054e+00, 7.8830322265625000e+01,
       4.3412256985902786e-02, 393727, -1 ]
   - [ 1.3912716674804688e+02, 3.3438949584960938e+02,
       1.8062013387680054e+00, 2.7148391723632812e+02,
       4.3412256985902786e-02, 393727, -1 ]
   - [ 1.3912716674804688e+02, 3.3438949584960938e+02,
       1.8062013387680054e+00, 3.5373431396484375e+02,
       4.3412256985902786e-02, 393727, -1 ]
   - [ 1.4527774047851562e+02, 6.2760900878906250e+02,
       2.2344980239868164e+00, 3.9196502685546875e+01,
       1.5456117689609528e-02, 15794687, -1 ]
   - [ 1.4527774047851562e+02, 6.2760900878906250e+02,
       2.2344980239868164e+00, 2.3469723510742188e+02,
       1.5456117689609528e-02, 15794687, -1 ]
   - [ 1.9738488769531250e+02, 8.0851922607421875e+02,
       2.3611419200897217e+00, 7.9660278320312500e+01,
       1.5411147847771645e-02, 3080959, -1 ]
   - [ 2.0970524597167969e+02, 8.0600708007812500e+02,
       2.0748858451843262e+00, 7.4458374023437500e+01,
       1.4239605516195297e-02, 10420735, -1 ]
   - [ 2.2008395385742188e+02, 4.5357244873046875e+02,
       8.0630292892456055e+00, 3.3501586914062500e+01,
       1.7590323463082314e-02, 8323329, -1 ]
   - [ 2.2199066162109375e+02, 6.1439593505859375e+02,
       2.0204131603240967e+00, 3.4836526489257812e+02,
       1.7093505710363388e-02, 8520191, -1 ]
   - [ 2.2285758972167969e+02, 4.6884814453125000e+02,
       2.0589046478271484e+00, 3.2604180908203125e+02,
       2.5438204407691956e-02, 9896447, -1 ]
   - [ 2.2411114501953125e+02, 6.2308618164062500e+02,
       2.7122368812561035e+00, 3.2414166259765625e+02,
       2.0511636510491371e-02, 13107967, -1 ]
   - [ 2.2453921508789062e+02, 4.6393600463867188e+02,
       4.8432455062866211e+00, 3.1168762207031250e+01,
       4.5724943280220032e-02, 4915712, -1 ]
   - [ 2.2634947204589844e+02, 4.4784829711914062e+02,
       4.2150712013244629e+00, 3.2858520507812500e+01,
       1.8120668828487396e-02, 11600128, -1 ]
   - [ 2.2828756713867188e+02, 4.5516326904296875e+02,
       4.1461348533630371e+00, 3.1007537841796875e+01,
       2.5038164108991623e-02, 10354944, -1 ]
   - [ 2.3145162963867188e+02, 4.5741250610351562e+02,
       2.1715981960296631e+00, 2.0961508178710938e+02,
       1.3870602473616600e-02, 13763071, -1 ]
   - [ 2.3443351745605469e+02, 6.2609545898437500e+02,
       5.0382523536682129e+00, 2.8230847167968750e+02,
       2.5922333821654320e-02, 7733760, -1 ]
   - [ 2.3473823547363281e+02, 4.4551776123046875e+02,
       5.9671549797058105e+00, 3.5333068847656250e+01,
       2.6591455563902855e-02, 3277568, -1 ]
   - [ 2.3660301208496094e+02, 4.3161334228515625e+02,
       5.1375346183776855e+00, 3.5531921386718750e+01,
       2.1427694708108902e-02, 9175552, -1 ]
   - [ 2.4251452636718750e+02, 4.3308023071289062e+02,
       3.4276046752929688e+00, 3.4491424560546875e+01,
       2.8790585696697235e-02, 13304831, -1 ]
   - [ 2.4362911987304688e+02, 4.7595001220703125e+02,
       2.2361800670623779e+00, 2.7081427001953125e+02,
       1.6741896048188210e-02, 15860223, -1 ]
   - [ 2.4493862915039062e+02, 4.6951766967773438e+02,
       9.6142454147338867e+00, 2.7423089599609375e+02,
       1.8006356433033943e-02, 4391425, -1 ]
   - [ 2.5160346984863281e+02, 4.7605548095703125e+02,
       2.4093263149261475e+00, 2.6922912597656250e+02,
       1.4112039469182491e-02, 4522751, -1 ]
   - [ 2.5502038574218750e+02, 4.7103625488281250e+02,
       5.5616207122802734e+00, 2.6551919555664062e+02,
       1.8353708088397980e-02, 14942720, -1 ]
   - [ 2.6065173339843750e+02, 6.2237097167968750e+02,
       2.3653333187103271e+00, 8.4956695556640625e+01,
       1.6703879460692406e-02, 3212031, -1 ]
   - [ 2.6119155883789062e+02, 6.2703979492187500e+02,
       4.3756375312805176e+00, 7.8437011718750000e+01,
       1.7386626452207565e-02, 14287104, -1 ]
   - [ 2.6259411621093750e+02, 6.3038928222656250e+02,
       9.1076955795288086e+00, 2.9252606201171875e+02,
       2.0152255892753601e-02, 459265, -1 ]
   - [ 2.6435208129882812e+02, 7.9934887695312500e+02,
       2.1282069683074951e+00, 7.8959259033203125e+01,
       1.9478771835565567e-02, 12255743, -1 ]
   - [ 2.6622024536132812e+02, 4.6863833618164062e+02,
       6.0748267173767090e+00, 2.6148861694335938e+02,
       2.1063607186079025e-02, 4588288, -1 ]
   - [ 2.7145498657226562e+02, 4.7486544799804688e+02,
       6.0418348312377930e+00, 2.6010797119140625e+02,
       1.8795520067214966e-02, 4195072, -1 ]
   - [ 2.7962997436523438e+02, 4.7226840209960938e+02,
       4.0751228332519531e+00, 2.6041976928710938e+02,
       2.0594764500856400e-02, 9109760, -1 ]
   - [ 2.7975549316406250e+02, 6.1497467041015625e+02,
       3.3975951671600342e+00, 5.6735992431640625e+01,
       1.5298140235245228e-02, 12715007, -1 ]
   - [ 2.8148147583007812e+02, 5.6283984375000000e+02,
       1.0927390098571777e+01, 7.2080474853515625e+01,
       1.8813582137227058e-02, 13632001, -1 ]
   - [ 2.8148147583007812e+02, 5.6283984375000000e+02,
       1.0927390098571777e+01, 2.5601593017578125e+02,
       1.8813582137227058e-02, 13632001, -1 ]
   - [ 2.8986105346679688e+02, 6.1588641357421875e+02,
       4.3041767120361328e+01, 6.9735534667968750e+01,
       2.6185709983110428e-02, 12517891, -1 ]
   - [ 2.8986459350585938e+02, 4.7095300292968750e+02,
       5.4981322288513184e+00, 2.5922396850585938e+02,
       1.8768874928355217e-02, 14090752, -1 ]
   - [ 2.9131845092773438e+02, 6.4292553710937500e+02,
       6.0768408775329590e+00, 2.8166430664062500e+02,
       1.6082419082522392e-02, 4588288, -1 ]
   - [ 2.9976638793945312e+02, 5.9281103515625000e+02,
       4.0212721824645996e+00, 8.3428405761718750e+01,
       1.3577315956354141e-02, 8192256, -1 ]
   - [ 3.0037332153320312e+02, 6.2833410644531250e+02,
       7.8148398399353027e+00, 2.7901425170898438e+02,
       1.3922220095992088e-02, 6095105, -1 ]
   - [ 3.0337472534179688e+02, 5.3426599121093750e+02,
       7.6740287780761719e+01, 2.6966467285156250e+02,
       2.8735347092151642e-02, 4194820, -1 ]
   - [ 3.0486853027343750e+02, 5.9555310058593750e+02,
       3.1470296382904053e+00, 9.2092407226562500e+01,
       1.9154747948050499e-02, 7144447, -1 ]
   - [ 3.2322518920898438e+02, 4.6074685668945312e+02,
       3.8530728816986084e+00, 2.5109906005859375e+02,
       2.3737262934446335e-02, 5046528, -1 ]
   - [ 3.2340072631835938e+02, 4.6043811035156250e+02,
       3.3451335430145264e+00, 2.5134747314453125e+02,
       2.4089427664875984e-02, 11535359, -1 ]
   - [ 3.3561117553710938e+02, 4.1989028930664062e+02,
       6.8275833129882812e+01, 8.7224334716796875e+01,
       6.0603786259889603e-02, 12452100, -1 ]
   - [ 3.3561117553710938e+02, 4.1989028930664062e+02,
       6.8275833129882812e+01, 2.5671798706054688e+02,
       6.0603786259889603e-02, 12452100, -1 ]
   - [ 3.3913977050781250e+02, 5.8956243896484375e+02,
       1.8071502447128296e+00, 7.8131652832031250e+01,
       1.9512301310896873e-02, 459263, -1 ]
