%YAML:1.0
---
grayKeypoints:
   - [ 2.7442712783813477e+01, 7.5786279296875000e+02,
       2.0407996177673340e+00, 2.0138549804687500e-01,
       1.4836197718977928e-02, 9241087, -1 ]
   - [ 2.7442712783813477e+01, 7.5786279296875000e+02,
       2.0407996177673340e+00, 2.1152832031250000e+02,
       1.4836197718977928e-02, 9241087, -1 ]
   - [ 2.0095312500000000e+02, 6.7428552246093750e+02,
       2.1491467952728271e+00, 2.6175769042968750e+02,
       1.3494042679667473e-02, 12976639, -1 ]
   - [ 2.0207743835449219e+02, 6.7110321044921875e+02,
       2.4044158458709717e+00, 2.6193115234375000e+02,
       2.7441550046205521e-02, 4391679, -1 ]
   - [ 2.0757556152343750e+02, 6.7065924072265625e+02,
       2.0171935558319092e+00, 2.6667700195312500e+02,
       2.6851771399378777e-02, 8389119, -1 ]
   - [ 2.0940158081054688e+02, 6.7337457275390625e+02,
       2.4755959510803223e+00, 2.6810211181640625e+02,
       1.8805591389536858e-02, 6488831, -1 ]
   - [ 2.1251438903808594e+02, 6.7030810546875000e+02,
       1.9826964139938354e+00, 2.6629400634765625e+02,
       3.1041644513607025e-02, 7143935, -1 ]
   - [ 3.3057376098632812e+02, 4.2613671875000000e+02,
       9.7861852645874023e+00, 3.1576196289062500e+02,
       1.3822585344314575e-02, 5636609, -1 ]
   - [ 3.4205160522460938e+02, 4.1673104858398438e+02,
       1.1897192955017090e+01, 3.1194281005859375e+02,
       3.2520417124032974e-02, 3080961, -1 ]
   - [ 3.5611096191406250e+02, 4.3053271484375000e+02,
       3.0561003684997559e+00, 2.8196069335937500e+02,
       1.7072008922696114e-02, 5047295, -1 ]
   - [ 3.5703598022460938e+02, 4.1654397583007812e+02,
       7.8789873123168945e+00, 8.2155944824218750e+01,
       4.0097463876008987e-02, 6684929, -1 ]
   - [ 3.5829983520507812e+02, 4.1051339721679688e+02,
       2.0343174934387207e+00, 2.8132022094726562e+02,
       1.6627280041575432e-02, 9044479, -1 ]
   - [ 3.5860519409179688e+02, 4.2359429931640625e+02,
       3.9752240180969238e+00, 8.3213470458984375e+01,
       1.9571386277675629e-02, 7340288, -1 ]
   - [ 3.5932867431640625e+02, 4.1292510986328125e+02,
       1.8373047113418579e+00, 2.6846090698242188e+02,
       2.0885769277811050e-02, 1638911, -1 ]
   - [ 3.6188037109375000e+02, 4.0205575561523438e+02,
       2.3330304622650146e+00, 8.9441345214843750e+01,
       2.2145096212625504e-02, 2228991, -1 ]
   - [ 3.6333282470703125e+02, 4.3703796386718750e+02,
       1.9297691583633423e+00, 2.9324359130859375e+02,
       2.1503271535038948e-02, 5177855, -1 ]
   - [ 3.6442376708984375e+02, 4.1056091308593750e+02,
       2.1910805702209473e+00, 3.0026007080078125e+02,
       1.4892893843352795e-02, 14352895, -1 ]
   - [ 3.6564242553710938e+02, 4.0591748046875000e+02,
       8.6918897628784180e+00, 9.5334289550781250e+01,
       2.4666333571076393e-02, 13762817, -1 ]
   - [ 3.6784695434570312e+02, 4.5262841796875000e+02,
       2.1053882598876953e+01, 3.0123452758789062e+02,
       2.5504758581519127e-02, 10945026, -1 ]
   - [ 3.7044625854492188e+02, 2.1050148010253906e+02,
       2.7504191398620605e+00, 1.7935333251953125e+02,
       2.4373762309551239e-02, 14091007, -1 ]
   - [ 3.7044625854492188e+02, 2.1050148010253906e+02,
       2.7504191398620605e+00, 3.5126211547851562e+02,
       2.4373762309551239e-02, 14091007, -1 ]
   - [ 3.7326129150390625e+02, 3.9643572998046875e+02,
       7.7135577201843262e+00, 9.8129455566406250e+01,
       1.9603800028562546e-02, 5177601, -1 ]
   - [ 3.8020831298828125e+02, 4.4798025512695312e+02,
       2.3902518749237061e+00, 3.3309011840820312e+02,
       1.9521431997418404e-02, 3998463, -1 ]
   - [ 3.8024554443359375e+02, 4.2421347045898438e+02,
       3.0592941284179688e+01, 2.9892523193359375e+02,
       3.0386721715331078e-02, 4522243, -1 ]
   - [ 3.8097869873046875e+02, 4.5903277587890625e+02,
       4.1962051391601562e+00, 3.3741912841796875e+02,
       1.4753845520317554e-02, 11272448, -1 ]
   - [ 3.8097869873046875e+02, 4.5903277587890625e+02,
       4.1962051391601562e+00, 3.5938269042968750e+02,
       1.4753845520317554e-02, 11272448, -1 ]
   - [ 3.8163934326171875e+02, 2.5550604248046875e+02,
       1.8837413787841797e+00, 4.4590026855468750e+01,
       1.3773593120276928e-02, 3473919, -1 ]
   - [ 3.8252468872070312e+02, 4.5343826293945312e+02,
       1.8925018310546875e+00, 3.2790283203125000e+02,
       1.5477266162633896e-02, 3801599, -1 ]
   - [ 3.8714309692382812e+02, 4.6727621459960938e+02,
       6.4962439537048340e+00, 3.2856878662109375e+02,
       2.1657146513462067e-02, 9437952, -1 ]
   - [ 3.9034613037109375e+02, 4.6958334350585938e+02,
       7.7995820045471191e+00, 3.0846197509765625e+02,
       2.1818239241838455e-02, 5964033, -1 ]
   - [ 3.9171334838867188e+02, 3.8887994384765625e+02,
       3.1389911174774170e+00, 1.9372210693359375e+02,
       1.4157973229885101e-02, 6947839, -1 ]
   - [ 3.9416006469726562e+02, 4.0188287353515625e+02,
       9.9545850753784180e+00, 1.1219488525390625e+02,
       1.4955096878111362e-02, 6881793, -1 ]
   - [ 3.9781640625000000e+02, 4.5706188964843750e+02,
       2.4537611007690430e+00, 2.7910293579101562e+02,
       1.5171878039836884e-02, 5833471, -1 ]
   - [ 3.9797048950195312e+02, 4.6056253051757812e+02,
       3.4897706508636475e+00, 2.7856408691406250e+02,
       2.1598644554615021e-02, 14615551, -1 ]
   - [ 3.9815255737304688e+02, 4.6069934082031250e+02,
       3.7894837856292725e+00, 2.7868823242187500e+02,
       2.1309215575456619e-02, 3866880, -1 ]
   - [ 3.9885467529296875e+02, 4.7230801391601562e+02,
       2.4223754405975342e+00, 2.8154922485351562e+02,
       2.5620386004447937e-02, 4915967, -1 ]
   - [ 3.9985290527343750e+02, 3.6808392333984375e+02,
       2.3732686042785645e+00, 5.3066314697265625e+01,
       1.4298656024038792e-02, 3474175, -1 ]
   - [ 4.0028656005859375e+02, 3.6913919067382812e+02,
       4.0783581733703613e+00, 3.8189392089843750e+01,
       1.3770807534456253e-02, 9175296, -1 ]
   - [ 4.0512997436523438e+02, 4.5459848022460938e+02,
       6.5646448135375977e+00, 2.7978265380859375e+02,
       1.5019157901406288e-02, 10224384, -1 ]
   - [ 4.0761669921875000e+02, 3.6949246215820312e+02,
       3.1221444606781006e+00, 2.8681478881835938e+02,
       2.0395223051309586e-02, 6554623, -1 ]
   - [ 4.0918930053710938e+02, 4.0967755126953125e+02,
       4.3704538345336914e+00, 1.3586117553710938e+02,
       1.9907299429178238e-02, 14221568, -1 ]
   - [ 4.1231906127929688e+02, 3.6973165893554688e+02,
       1.3099467277526855e+01, 9.6255737304687500e+01,
       2.0926371216773987e-02, 10027777, -1 ]
   - [ 4.1274383544921875e+02, 4.6742904663085938e+02,
       2.8413019180297852e+00, 8.6089447021484375e+01,
       1.7307173460721970e-02, 16450303, -1 ]
   - [ 4.1274383544921875e+02, 4.6742904663085938e+02,
       2.8413019180297852e+00, 2.7755505371093750e+02,
       1.7307173460721970e-02, 16450303, -1 ]
   - [ 4.1457904052734375e+02, 4.2065280151367188e+02,
       2.2159199714660645e+00, 1.1691505432128906e+02,
       1.4507750049233437e-02, 15204863, -1 ]
   - [ 4.1457904052734375e+02, 4.2065280151367188e+02,
       2.2159199714660645e+00, 2.3909027099609375e+02,
       1.4507750049233437e-02, 15204863, -1 ]
   - [ 4.1492550659179688e+02, 3.6276364135742188e+02,
       2.4134368896484375e+00, 9.7246276855468750e+01,
       1.4226682484149933e-02, 4653823, -1 ]
   - [ 4.1548925781250000e+02, 4.1352514648437500e+02,
       8.4881467819213867e+00, 1.4597360229492188e+02,
       1.8076473847031593e-02, 12058881, -1 ]
   - [ 4.1548925781250000e+02, 4.1352514648437500e+02,
       8.4881467819213867e+00, 2.7158856201171875e+02,
       1.8076473847031593e-02, 12058881, -1 ]
   - [ 4.1605377197265625e+02, 4.7522106933593750e+02,
       5.5458464622497559e+00, 2.7595028686523438e+02,
       1.7591066658496857e-02, 14680576, -1 ]
   - [ 4.1810015869140625e+02, 3.6365298461914062e+02,
       2.8897116184234619e+00, 9.8516876220703125e+01,
       1.4851124025881290e-02, 984063, -1 ]
