%YAML:1.0
---
grayKeypoints:
   - [ 3.1779485702514648e+01, 1.1307415771484375e+02,
       5.7321848869323730e+00, 2.7758895874023438e+02,
       1.6852563247084618e-02, 393984, -1 ]
   - [ 3.3984409332275391e+01, 1.0561429595947266e+02,
       5.7959680557250977e+00, 2.7774072265625000e+02,
       1.4627872966229916e-02, 1180416, -1 ]
   - [ 1.3238639831542969e+02, 7.4505325317382812e+01,
       1.8612312078475952e+00, 2.8002105712890625e+02,
       1.3437584042549133e-02, 2556415, -1 ]
   - [ 3.1627249145507812e+02, 6.6812286376953125e+02,
       2.1371133327484131e+00, 2.6495886230468750e+02,
       1.6101649031043053e-02, 12583423, -1 ]
   - [ 3.6023165893554688e+02, 1.5804905891418457e+01,
       1.8588064908981323e+00, 1.9053466796875000e+01,
       1.4122833497822285e-02, 2490879, -1 ]
   - [ 4.5437042236328125e+02, 6.6582342529296875e+02,
       3.0802452564239502e+00, 2.7162664794921875e+02,
       1.3741300441324711e-02, 5571583, -1 ]
   - [ 6.0472882080078125e+02, 1.3953469238281250e+03,
       4.1264500617980957e+00, 8.1786529541015625e+01,
       2.5589182972908020e-02, 10027264, -1 ]
   - [ 6.0472882080078125e+02, 1.3953469238281250e+03,
       4.1264500617980957e+00, 2.5696783447265625e+02,
       2.5589182972908020e-02, 10027264, -1 ]
   - [ 6.7308624267578125e+02, 2.3080736160278320e+01,
       1.9894344806671143e+00, 3.3113693237304688e+02,
       1.3501011766493320e-02, 7406079, -1 ]
   - [ 6.7612078857421875e+02, 1.1063863525390625e+03,
       4.7872328758239746e+00, 2.6850692749023438e+02,
       1.4690215699374676e-02, 4063744, -1 ]
   - [ 7.0851879882812500e+02, 6.4299816894531250e+02,
       2.6155567169189453e+00, 2.7489132690429688e+02,
       1.5333626419305801e-02, 10486527, -1 ]
   - [ 7.6558264160156250e+02, 5.4942053222656250e+02,
       4.9999690055847168e+00, 9.9170074462890625e+01,
       2.3452339693903923e-02, 7209472, -1 ]
   - [ 7.9609796142578125e+02, 8.5321081542968750e+02,
       1.9873542785644531e+01, 3.0289154052734375e+02,
       1.5030107460916042e-02, 6750722, -1 ]
   - [ 8.1053759765625000e+02, 8.2525164794921875e+02,
       2.6094650268554688e+01, 3.0042755126953125e+02,
       3.2158788293600082e-02, 9765634, -1 ]
   - [ 8.4114642333984375e+02, 8.1973760986328125e+02,
       1.6051240921020508e+01, 7.6276519775390625e+01,
       3.7358652800321579e-02, 7995650, -1 ]
   - [ 8.4415350341796875e+02, 8.3387768554687500e+02,
       8.2847003936767578e+00, 8.2514038085937500e+01,
       1.8471322953701019e-02, 10289409, -1 ]
   - [ 8.4485723876953125e+02, 8.1320745849609375e+02,
       3.7483112812042236e+00, 2.7260983276367188e+02,
       1.4035150408744812e-02, 3080448, -1 ]
   - [ 8.4980053710937500e+02, 7.8564636230468750e+02,
       1.8326596021652222e+00, 8.2933227539062500e+01,
       2.1517448127269745e-02, 1442303, -1 ]
   - [ 8.5417529296875000e+02, 7.8483966064453125e+02,
       2.5910906791687012e+00, 8.8340515136718750e+01,
       1.3477162458002567e-02, 9831167, -1 ]
   - [ 8.5489404296875000e+02, 7.9645507812500000e+02,
       1.7592599868774414e+01, 8.6179260253906250e+01,
       2.3091044276952744e-02, 14680322, -1 ]
   - [ 8.5891076660156250e+02, 7.8497979736328125e+02,
       2.2501134872436523e+00, 8.7753479003906250e+01,
       1.6013748943805695e-02, 16318975, -1 ]
   - [ 8.6469445800781250e+02, 8.4962359619140625e+02,
       2.3984272480010986e+00, 8.6239959716796875e+01,
       1.7164660617709160e-02, 4195071, -1 ]
   - [ 8.6469445800781250e+02, 8.4962359619140625e+02,
       2.3984272480010986e+00, 2.6999584960937500e+02,
       1.7164660617709160e-02, 4195071, -1 ]
   - [ 8.6876153564453125e+02, 7.7555072021484375e+02,
       1.6076705932617188e+01, 8.8481872558593750e+01,
       1.8792441114783287e-02, 8126722, -1 ]
   - [ 8.6895965576171875e+02, 8.6344366455078125e+02,
       2.1195056438446045e+00, 2.6829821777343750e+02,
       2.6757091283798218e-02, 11993599, -1 ]
   - [ 8.7128259277343750e+02, 8.8951318359375000e+02,
       4.0924949645996094e+01, 2.9457720947265625e+02,
       2.7147792279720306e-02, 8847875, -1 ]
   - [ 8.9422399902343750e+02, 8.2985321044921875e+02,
       6.6368896484375000e+01, 2.9826666259765625e+02,
       3.0658647418022156e-02, 10420484, -1 ]
   - [ 9.1267675781250000e+02, 1.1125301513671875e+03,
       1.8399696350097656e+00, 2.6807971191406250e+02,
       1.4386628754436970e-02, 1769983, -1 ]
   - [ 9.1664569091796875e+02, 7.7901989746093750e+02,
       2.1992223739624023e+01, 1.0473616027832031e+02,
       1.4631847850978374e-02, 14090754, -1 ]
   - [ 9.2625323486328125e+02, 8.1615539550781250e+02,
       6.0217719078063965e+00, 8.2431579589843750e+01,
       1.7206631600856781e-02, 3932928, -1 ]
   - [ 9.3497448730468750e+02, 7.0249200439453125e+02,
       6.4283900260925293e+00, 2.8157006835937500e+02,
       1.7737539485096931e-02, 8651520, -1 ]
   - [ 9.3803411865234375e+02, 9.0009246826171875e+02,
       1.0665384292602539e+01, 2.7200839233398438e+02,
       2.0851861685514450e-02, 11862529, -1 ]
   - [ 9.4313323974609375e+02, 7.0124176025390625e+02,
       2.6955469131469727e+01, 8.8020690917968750e+01,
       2.0099742338061333e-02, 12059394, -1 ]
   - [ 9.5069622802734375e+02, 8.9658947753906250e+02,
       2.4682624340057373e+00, 2.7047515869140625e+02,
       1.4414310455322266e-02, 6292223, -1 ]
   - [ 9.5669238281250000e+02, 8.6403320312500000e+02,
       7.9238349914550781e+01, 2.6980181884765625e+02,
       3.0929435044527054e-02, 6488580, -1 ]
   - [ 9.7534179687500000e+02, 8.9624047851562500e+02,
       2.3428432941436768e+00, 2.7530130004882812e+02,
       1.8783316016197205e-02, 2491135, -1 ]
   - [ 9.7921917724609375e+02, 7.9396917724609375e+02,
       6.1479735374450684e+00, 8.1127838134765625e+01,
       3.0347956344485283e-02, 5440256, -1 ]
   - [ 9.7921917724609375e+02, 7.9396917724609375e+02,
       6.1479735374450684e+00, 2.6848748779296875e+02,
       3.0347956344485283e-02, 5440256, -1 ]
   - [ 9.8222058105468750e+02, 8.8822222900390625e+02,
       1.0081707000732422e+01, 2.6625396728515625e+02,
       1.4386669732630253e-02, 7799297, -1 ]
   - [ 9.8324316406250000e+02, 7.8695629882812500e+02,
       5.4556879997253418e+00, 2.6637591552734375e+02,
       1.8474768847227097e-02, 13500928, -1 ]
   - [ 9.9107464599609375e+02, 1.0218814697265625e+03,
       5.1029481887817383e+00, 6.0837615966796875e+01,
       1.4687146991491318e-02, 8716800, -1 ]
   - [ 9.9197564697265625e+02, 9.1600805664062500e+02,
       2.0658919811248779e+00, 2.5310693359375000e+02,
       2.4279240518808365e-02, 10158591, -1 ]
   - [ 9.9451556396484375e+02, 8.2736431884765625e+02,
       1.2208230018615723e+01, 8.7934387207031250e+01,
       1.9624354317784309e-02, 4915969, -1 ]
   - [ 9.9599139404296875e+02, 8.0625476074218750e+02,
       1.2197264671325684e+01, 1.3427879333496094e+02,
       3.2633349299430847e-02, 4850433, -1 ]
   - [ 1.0000968017578125e+03, 9.2427618408203125e+02,
       1.0506358146667480e+01, 2.6639929199218750e+02,
       1.8129035830497742e-02, 10813953, -1 ]
   - [ 1.0016912231445312e+03, 7.5248724365234375e+02,
       3.2318386077880859e+01, 2.4871060180664062e+02,
       1.4693014323711395e-02, 8519939, -1 ]
   - [ 1.0090190429687500e+03, 9.0599481201171875e+02,
       6.4778132438659668e+00, 2.6235083007812500e+02,
       4.7238826751708984e-02, 9241344, -1 ]
   - [ 1.0101116943359375e+03, 9.2506976318359375e+02,
       3.6612839698791504e+00, 1.1328468322753906e+02,
       1.3371842913329601e-02, 1376512, -1 ]
   - [ 1.0113283081054688e+03, 8.4180517578125000e+02,
       1.0592163085937500e+01, 9.2510559082031250e+01,
       2.5800878182053566e-02, 11403777, -1 ]
   - [ 1.0129542236328125e+03, 7.0367224121093750e+02,
       6.6556344032287598e+00, 8.0626312255859375e+01,
       3.3422302454710007e-02, 11207424, -1 ]
   - [ 1.0129542236328125e+03, 7.0367224121093750e+02,
       6.6556344032287598e+00, 2.8129339599609375e+02,
       3.3422302454710007e-02, 11207424, -1 ]
