%YAML:1.0
---
grayKeypoints:
   - [ 8.3116256713867188e+01, 5.3150061035156250e+02,
       2.2333409786224365e+00, 1.0176629638671875e+02,
       4.2183171957731247e-02, 15794687, -1 ]
   - [ 2.0440013122558594e+02, 3.4262557983398438e+02,
       2.0572593212127686e+00, 3.5170858764648438e+02,
       1.6001239418983459e-02, 9830911, -1 ]
   - [ 2.0769450378417969e+02, 3.3324566650390625e+02,
       5.1242213249206543e+00, 4.1343109130859375e+01,
       1.8938587978482246e-02, 8978944, -1 ]
   - [ 2.0941996765136719e+02, 3.4103289794921875e+02,
       5.0883021354675293e+00, 4.0198638916015625e+01,
       4.4010885059833527e-02, 8454656, -1 ]
   - [ 2.1362373352050781e+02, 4.9725485229492188e+02,
       2.0382726192474365e+00, 5.4332397460937500e+01,
       1.4234310016036034e-02, 9175551, -1 ]
   - [ 2.1523870849609375e+02, 3.3283874511718750e+02,
       3.9988079071044922e+00, 3.7623779296875000e+01,
       3.0395464971661568e-02, 7733504, -1 ]
   - [ 2.1663232421875000e+02, 3.4039892578125000e+02,
       4.2039875984191895e+00, 2.0609574890136719e+02,
       2.0527103915810585e-02, 11403520, -1 ]
   - [ 2.1729869079589844e+02, 5.1434271240234375e+02,
       2.7842688560485840e+00, 2.7806311035156250e+02,
       2.3807326331734657e-02, 15008511, -1 ]
   - [ 2.2268507385253906e+02, 3.2462512207031250e+02,
       5.3719477653503418e+00, 4.6102233886718750e+01,
       2.6253815740346909e-02, 12386816, -1 ]
   - [ 2.2327943420410156e+02, 3.1209454345703125e+02,
       8.5325498580932617e+00, 4.4353363037109375e+01,
       1.7459077760577202e-02, 12452097, -1 ]
   - [ 2.2807696533203125e+02, 4.7471548461914062e+02,
       1.6365213394165039e+01, 7.1208618164062500e+01,
       2.5530541315674782e-02, 9437442, -1 ]
   - [ 2.2912257385253906e+02, 5.0280822753906250e+02,
       2.0836009979248047e+01, 6.9151641845703125e+01,
       2.7140840888023376e-02, 10158594, -1 ]
   - [ 2.3235375976562500e+02, 3.1396572875976562e+02,
       3.1510579586029053e+00, 4.3481170654296875e+01,
       3.4203995019197464e-02, 7209983, -1 ]
   - [ 2.3513394165039062e+02, 5.1254705810546875e+02,
       3.9932320117950439e+00, 2.7064575195312500e+02,
       1.4342076145112514e-02, 7667968, -1 ]
   - [ 2.3598640441894531e+02, 3.0381973266601562e+02,
       4.9113821983337402e+00, 4.9710845947265625e+01,
       1.9255150109529495e-02, 5898752, -1 ]
   - [ 2.3636044311523438e+02, 8.4306665039062500e+02,
       1.8652395009994507e+00, 2.4208793640136719e+02,
       1.5304050408303738e-02, 2753023, -1 ]
   - [ 2.3710850524902344e+02, 5.1859283447265625e+02,
       4.4166526794433594e+00, 2.9047583007812500e+02,
       2.0914603024721146e-02, 14942464, -1 ]
   - [ 2.3863636779785156e+02, 3.0835086059570312e+02,
       3.3267581462860107e+00, 4.9458312988281250e+01,
       2.4983657523989677e-02, 11142143, -1 ]
   - [ 2.4057577514648438e+02, 3.5717660522460938e+02,
       2.1864647865295410e+00, 2.7891137695312500e+02,
       1.7300302162766457e-02, 14221823, -1 ]
   - [ 2.4173007202148438e+02, 5.1499920654296875e+02,
       2.5342168807983398e+00, 1.0642459106445312e+02,
       2.1808847784996033e-02, 8192767, -1 ]
   - [ 2.4265565490722656e+02, 3.5257681274414062e+02,
       5.4326214790344238e+00, 2.7614807128906250e+02,
       1.8335172906517982e-02, 13238784, -1 ]
   - [ 2.4310707092285156e+02, 3.5438632202148438e+02,
       2.6797111034393311e+00, 2.7502514648437500e+02,
       1.8684273585677147e-02, 12255999, -1 ]
   - [ 2.4354217529296875e+02, 2.9999490356445312e+02,
       2.8905313014984131e+00, 5.3031616210937500e+01,
       2.1495470777153969e-02, 984063, -1 ]
   - [ 2.4546925354003906e+02, 5.1916320800781250e+02,
       2.0865178108215332e+00, 1.0414639282226562e+02,
       1.8258186057209969e-02, 10879487, -1 ]
   - [ 2.4686921691894531e+02, 5.2198382568359375e+02,
       5.5556297302246094e+00, 2.9192144775390625e+02,
       2.0911181345582008e-02, 14811648, -1 ]
   - [ 2.4707824707031250e+02, 8.3842150878906250e+02,
       1.8472559452056885e+00, 6.7435577392578125e+01,
       1.8146252259612083e-02, 2032127, -1 ]
   - [ 2.4929753112792969e+02, 4.6477966308593750e+02,
       7.4361147880554199e+00, 6.6155059814453125e+01,
       2.3599941283464432e-02, 2490625, -1 ]
   - [ 2.5016542053222656e+02, 4.7002374267578125e+02,
       2.9278979301452637e+00, 6.5613189697265625e+01,
       1.3573769479990005e-02, 1901567, -1 ]
   - [ 2.5372004699707031e+02, 2.9195761108398438e+02,
       3.9450814723968506e+00, 6.0274536132812500e+01,
       1.7158854752779007e-02, 6816000, -1 ]
   - [ 2.5585263061523438e+02, 5.2708630371093750e+02,
       5.1133856773376465e+00, 2.9099322509765625e+02,
       1.6588285565376282e-02, 8847872, -1 ]
   - [ 2.5882055664062500e+02, 3.5705722045898438e+02,
       2.1684231758117676e+00, 2.6881808471679688e+02,
       2.1203402429819107e-02, 13631999, -1 ]
   - [ 2.5929736328125000e+02, 5.0533428955078125e+02,
       2.8259789943695068e+00, 5.7913208007812500e+01,
       1.5153449028730392e-02, 16057087, -1 ]
   - [ 2.6164907836914062e+02, 5.0869140625000000e+02,
       2.4366204738616943e+00, 5.6794464111328125e+01,
       1.5738213434815407e-02, 5374719, -1 ]
   - [ 2.6518417358398438e+02, 5.0445452880859375e+02,
       3.9319896697998047e+01, 8.8728027343750000e+01,
       3.1383361667394638e-02, 5964291, -1 ]
   - [ 2.6884976196289062e+02, 2.7427807617187500e+02,
       1.7010303497314453e+01, 7.0094055175781250e+01,
       1.4650736935436726e-02, 12189954, -1 ]
   - [ 2.7026428222656250e+02, 2.8462442016601562e+02,
       2.5526816844940186e+00, 6.5283081054687500e+01,
       2.1084561944007874e-02, 8717055, -1 ]
   - [ 2.7060971069335938e+02, 5.2631860351562500e+02,
       4.7451791763305664e+00, 2.8413827514648438e+02,
       1.3628336600959301e-02, 3408384, -1 ]
   - [ 2.7166659545898438e+02, 4.9430627441406250e+02,
       2.7479403018951416e+00, 8.3650787353515625e+01,
       1.9102374091744423e-02, 14025471, -1 ]
   - [ 2.7216732788085938e+02, 5.3356622314453125e+02,
       4.4538240432739258e+00, 2.8951123046875000e+02,
       2.1011188626289368e-02, 15532288, -1 ]
   - [ 2.7504016113281250e+02, 2.8676153564453125e+02,
       3.9291157722473145e+00, 6.8027679443359375e+01,
       3.3483669161796570e-02, 6488320, -1 ]
   - [ 2.8163156127929688e+02, 4.8530798339843750e+02,
       2.7529442310333252e+00, 2.2511230468750000e+02,
       1.4377637766301632e-02, 14156543, -1 ]
   - [ 2.8343179321289062e+02, 4.9059399414062500e+02,
       2.1336600780487061e+00, 5.7061645507812500e+01,
       1.7722828313708305e-02, 12452351, -1 ]
   - [ 2.9106161499023438e+02, 4.8912826538085938e+02,
       4.0951485633850098e+00, 9.6456329345703125e+01,
       1.5266647562384605e-02, 9502976, -1 ]
   - [ 2.9264715576171875e+02, 2.7812612915039062e+02,
       1.7988992929458618e+00, 7.8371215820312500e+01,
       2.4773698300123215e-02, 131583, -1 ]
   - [ 2.9296630859375000e+02, 4.8049597167968750e+02,
       2.3678300380706787e+00, 7.6102050781250000e+01,
       1.4307440258562565e-02, 3277567, -1 ]
   - [ 2.9508328247070312e+02, 4.7453811645507812e+02,
       4.1076617240905762e+00, 7.3854644775390625e+01,
       1.4886341989040375e-02, 9699584, -1 ]
   - [ 2.9508328247070312e+02, 4.7453811645507812e+02,
       4.1076617240905762e+00, 1.1641921997070312e+02,
       1.4886341989040375e-02, 9699584, -1 ]
   - [ 2.9749652099609375e+02, 2.7703738403320312e+02,
       1.8348718881607056e+00, 7.8047332763671875e+01,
       2.1622136235237122e-02, 1573375, -1 ]
   - [ 2.9953137207031250e+02, 5.0246166992187500e+02,
       5.4146461486816406e+00, 2.2449583435058594e+02,
       1.5389054082334042e-02, 12976640, -1 ]
   - [ 2.9953137207031250e+02, 5.0246166992187500e+02,
       5.4146461486816406e+00, 3.5232217407226562e+02,
       1.5389054082334042e-02, 12976640, -1 ]
   - [ 3.0164605712890625e+02, 2.7942935180664062e+02,
       3.2229676246643066e+00, 7.9907928466796875e+01,
       2.6947917416691780e-02, 8848383, -1 ]
