%YAML:1.0
---
grayKeypoints:
   - [ 1.5926209449768066e+01, 4.3300027465820312e+02,
       2.0276691913604736e+00, 1.5949893188476562e+02,
       1.5704331919550896e-02, 8782335, -1 ]
   - [ 1.8660242080688477e+01, 4.3163400268554688e+02,
       1.9569237232208252e+00, 1.5955290222167969e+02,
       1.4022253453731537e-02, 6226431, -1 ]
   - [ 9.8773666381835938e+01, 7.3781079101562500e+02,
       1.9307583570480347e+00, 2.7155053710937500e+02,
       1.4843651093542576e-02, 5243391, -1 ]
   - [ 1.1110206604003906e+02, 4.7570050048828125e+02,
       1.9465141296386719e+00, 5.1129516601562500e+01,
       1.6410458832979202e-02, 5833215, -1 ]
   - [ 1.1110206604003906e+02, 4.7570050048828125e+02,
       1.9465141296386719e+00, 1.6263490295410156e+02,
       1.6410458832979202e-02, 5833215, -1 ]
   - [ 1.1110206604003906e+02, 4.7570050048828125e+02,
       1.9465141296386719e+00, 2.6682278442382812e+02,
       1.6410458832979202e-02, 5833215, -1 ]
   - [ 1.1717958068847656e+02, 3.8818716430664062e+02,
       6.0915427207946777e+00, 1.5023022460937500e+02,
       1.4813220128417015e-02, 4784896, -1 ]
   - [ 1.1903659057617188e+02, 3.6923312377929688e+02,
       2.2109172344207764e+00, 3.1621054077148438e+02,
       2.1192202344536781e-02, 15008255, -1 ]
   - [ 1.2055472564697266e+02, 3.9258706665039062e+02,
       2.8004186153411865e+00, 1.5284483337402344e+02,
       1.3717971742153168e-02, 15401727, -1 ]
   - [ 1.2185396575927734e+02, 3.7870013427734375e+02,
       9.2060060501098633e+00, 1.5567726135253906e+02,
       3.2425574958324432e-02, 1245697, -1 ]
   - [ 1.2185396575927734e+02, 3.7870013427734375e+02,
       9.2060060501098633e+00, 3.3228793334960938e+02,
       3.2425574958324432e-02, 1245697, -1 ]
   - [ 1.3021711730957031e+02, 3.7491006469726562e+02,
       4.9580206871032715e+00, 3.3112106323242188e+02,
       1.5784692019224167e-02, 6619648, -1 ]
   - [ 1.3137622070312500e+02, 3.9724929809570312e+02,
       7.7052164077758789e+00, 1.3910546875000000e+02,
       3.0711997300386429e-02, 5046529, -1 ]
   - [ 1.3137622070312500e+02, 3.9724929809570312e+02,
       7.7052164077758789e+00, 3.4156921386718750e+02,
       3.0711997300386429e-02, 5046529, -1 ]
   - [ 1.3689553833007812e+02, 3.8573184204101562e+02,
       7.3152899742126465e+00, 3.3884463500976562e+02,
       1.8869837746024132e-02, 1310977, -1 ]
   - [ 1.7769551086425781e+02, 8.1737518310546875e+02,
       2.4400162696838379e+00, 1.0339352416992188e+02,
       4.4773288071155548e-02, 5440255, -1 ]
   - [ 1.7769551086425781e+02, 8.1737518310546875e+02,
       2.4400162696838379e+00, 1.8186209106445312e+02,
       4.4773288071155548e-02, 5440255, -1 ]
   - [ 1.7769551086425781e+02, 8.1737518310546875e+02,
       2.4400162696838379e+00, 2.8929486083984375e+02,
       4.4773288071155548e-02, 5440255, -1 ]
   - [ 1.7982495117187500e+02, 8.4965264892578125e+02,
       1.9795608520507812e+00, 7.9110382080078125e+01,
       1.4852088876068592e-02, 7012863, -1 ]
   - [ 1.7982495117187500e+02, 8.4965264892578125e+02,
       1.9795608520507812e+00, 2.1303700256347656e+02,
       1.4852088876068592e-02, 7012863, -1 ]
   - [ 1.7982495117187500e+02, 8.4965264892578125e+02,
       1.9795608520507812e+00, 2.8497015380859375e+02,
       1.4852088876068592e-02, 7012863, -1 ]
   - [ 2.3208024597167969e+02, 6.2647406005859375e+02,
       1.8906688690185547e+00, 1.8385516357421875e+02,
       1.3862128369510174e-02, 3736063, -1 ]
   - [ 2.3208024597167969e+02, 6.2647406005859375e+02,
       1.8906688690185547e+00, 3.3151980590820312e+02,
       1.3862128369510174e-02, 3736063, -1 ]
   - [ 2.9394326782226562e+02, 8.3745379638671875e+02,
       2.1497778892517090e+00, 1.4275845336914062e+02,
       3.6400046199560165e-02, 12976639, -1 ]
   - [ 3.1689685058593750e+02, 2.9791427612304688e+02,
       4.1073803901672363e+00, 4.3142333984375000e+01,
       3.5547897219657898e-02, 9699584, -1 ]
   - [ 3.2157595825195312e+02, 2.9289654541015625e+02,
       2.4908235073089600e+00, 4.2783874511718750e+01,
       2.5753440335392952e-02, 6947583, -1 ]
   - [ 3.2157595825195312e+02, 2.9289654541015625e+02,
       2.4908235073089600e+00, 2.2027511596679688e+02,
       2.5753440335392952e-02, 6947583, -1 ]
   - [ 3.2322631835937500e+02, 2.9799304199218750e+02,
       3.8627686500549316e+00, 2.0853970336914062e+02,
       1.9841380417346954e-02, 5243136, -1 ]
   - [ 3.2431600952148438e+02, 2.8565255737304688e+02,
       2.3604264259338379e+00, 4.9875122070312500e+01,
       1.3991225510835648e-02, 3080959, -1 ]
   - [ 3.2454232788085938e+02, 2.9401470947265625e+02,
       2.2384173870086670e+00, 2.2312095642089844e+02,
       1.3869222253561020e-02, 15925759, -1 ]
   - [ 3.2743038940429688e+02, 2.8298107910156250e+02,
       2.0749928951263428e+00, 5.3115509033203125e+01,
       1.3565189205110073e-02, 10420735, -1 ]
   - [ 3.2803585815429688e+02, 2.8659356689453125e+02,
       2.9718024730682373e+00, 5.0869781494140625e+01,
       2.2384470328688622e-02, 3015679, -1 ]
   - [ 3.2876000976562500e+02, 2.9762203979492188e+02,
       1.8964704513549805e+01, 4.1584411621093750e+01,
       1.5137839131057262e-02, 3342850, -1 ]
   - [ 3.2876000976562500e+02, 2.9762203979492188e+02,
       1.8964704513549805e+01, 2.9589733886718750e+02,
       1.5137839131057262e-02, 3342850, -1 ]
   - [ 3.3068618774414062e+02, 2.8023544311523438e+02,
       2.6419632434844971e+00, 5.3813354492187500e+01,
       1.4634045772254467e-02, 11207423, -1 ]
   - [ 3.3624221801757812e+02, 2.7685281372070312e+02,
       1.8733825683593750e+00, 4.8861541748046875e+01,
       1.3478613458573818e-02, 3080703, -1 ]
   - [ 3.3644598388671875e+02, 3.0477069091796875e+02,
       9.7044849395751953e+00, 2.8886193847656250e+02,
       1.5768632292747498e-02, 5046785, -1 ]
   - [ 3.3841409301757812e+02, 2.7861895751953125e+02,
       2.7230794429779053e+00, 5.4045227050781250e+01,
       3.0281320214271545e-02, 13370111, -1 ]
   - [ 3.4216412353515625e+02, 3.0895632934570312e+02,
       4.1322455406188965e+00, 2.8276947021484375e+02,
       1.4125642366707325e-02, 10158336, -1 ]
   - [ 3.4683367919921875e+02, 3.1773297119140625e+02,
       8.0215301513671875e+00, 2.8055743408203125e+02,
       1.4302476309239864e-02, 7995649, -1 ]
   - [ 3.5079974365234375e+02, 3.1015472412109375e+02,
       5.1788401603698730e+00, 2.8177349853515625e+02,
       1.6319662332534790e-02, 9765376, -1 ]
   - [ 3.5150927734375000e+02, 3.1195986938476562e+02,
       2.1146633625030518e+00, 2.7702362060546875e+02,
       1.6374625265598297e-02, 11796991, -1 ]
   - [ 3.5488925170898438e+02, 2.6565747070312500e+02,
       2.6179730892181396e+00, 6.3944244384765625e+01,
       1.6162654384970665e-02, 10552063, -1 ]
   - [ 3.5694445800781250e+02, 3.1781024169921875e+02,
       6.6226840019226074e+00, 2.8076116943359375e+02,
       1.6665143892168999e-02, 10814208, -1 ]
   - [ 3.5817407226562500e+02, 3.1552655029296875e+02,
       3.1351978778839111e+00, 2.8001116943359375e+02,
       1.6247855499386787e-02, 6882303, -1 ]
   - [ 3.6012777709960938e+02, 2.6188528442382812e+02,
       3.3560159206390381e+00, 6.6453094482421875e+01,
       1.6158539801836014e-02, 11797503, -1 ]
   - [ 3.6385586547851562e+02, 3.1662579345703125e+02,
       3.4102451801300049e+00, 2.7950372314453125e+02,
       1.6713667660951614e-02, 12977151, -1 ]
   - [ 3.6608117675781250e+02, 2.5994534301757812e+02,
       2.9453418254852295e+00, 6.6731079101562500e+01,
       1.5645151957869530e-02, 2360319, -1 ]
   - [ 3.6845892333984375e+02, 3.1654464721679688e+02,
       2.4682071208953857e+00, 2.7778964233398438e+02,
       1.7195614054799080e-02, 6292223, -1 ]
   - [ 3.7035256958007812e+02, 4.3048178100585938e+02,
       7.4884195327758789e+00, 3.3645089721679688e+02,
       1.4589826576411724e-02, 3014913, -1 ]
   - [ 3.7090063476562500e+02, 2.6237310791015625e+02,
       3.1032037734985352e+00, 6.9564239501953125e+01,
       3.2033752650022507e-02, 6161407, -1 ]
