%YAML:1.0
---
grayKeypoints:
   - [ 7.4854347229003906e+01, 8.5866064453125000e+02,
       3.4134004116058350e+00, 7.4204467773437500e+01,
       1.5756018459796906e-02, 13042687, -1 ]
   - [ 8.7560676574707031e+01, 8.5538818359375000e+02,
       2.6666188240051270e+00, 8.9836761474609375e+01,
       2.1028794348239899e-02, 11862783, -1 ]
   - [ 9.4924392700195312e+01, 8.5229516601562500e+02,
       7.6038336753845215e+00, 1.0122479248046875e+02,
       2.4837877601385117e-02, 4129025, -1 ]
   - [ 1.0016278076171875e+02, 8.5914916992187500e+02,
       2.7473545074462891e+00, 1.0203417968750000e+02,
       2.2116679698228836e-02, 14025471, -1 ]
   - [ 1.2227931213378906e+02, 2.8848751831054688e+02,
       1.9108027219772339e+00, 1.1090942382812500e+02,
       2.5737218558788300e-02, 4456959, -1 ]
   - [ 1.2227931213378906e+02, 2.8848751831054688e+02,
       1.9108027219772339e+00, 2.4264739990234375e+02,
       2.5737218558788300e-02, 4456959, -1 ]
   - [ 1.4546374511718750e+02, 9.2083618164062500e+01,
       2.2119145393371582e+00, 2.7967514038085938e+02,
       2.4086935445666313e-02, 15073791, -1 ]
   - [ 1.8448670959472656e+02, 5.4016375732421875e+02,
       1.9948692321777344e+00, 2.2602677917480469e+02,
       1.4247044920921326e-02, 7602687, -1 ]
   - [ 4.1401556396484375e+02, 6.9119329833984375e+02,
       1.9926134347915649e+00, 2.6162002563476562e+02,
       1.7095968127250671e-02, 7537151, -1 ]
   - [ 4.9740725708007812e+02, 4.2682321166992188e+02,
       9.3977098464965820e+00, 3.0237399291992188e+02,
       1.5621035359799862e-02, 2687489, -1 ]
   - [ 4.9843298339843750e+02, 4.0683883666992188e+02,
       1.9626678228378296e+00, 1.3407043457031250e+01,
       1.5003602951765060e-02, 6423039, -1 ]
   - [ 4.9843298339843750e+02, 4.0683883666992188e+02,
       1.9626678228378296e+00, 3.6854888916015625e+01,
       1.5003602951765060e-02, 6423039, -1 ]
   - [ 5.0420852661132812e+02, 4.1346655273437500e+02,
       1.1755829811096191e+01, 3.0249801635742188e+02,
       3.2655809074640274e-02, 2228993, -1 ]
   - [ 5.0438870239257812e+02, 4.0141958618164062e+02,
       2.1356570720672607e+00, 4.5749511718750000e+01,
       1.7231917008757591e-02, 12517887, -1 ]
   - [ 5.1081045532226562e+02, 4.0586770629882812e+02,
       2.1091282367706299e+00, 2.2306912231445312e+02,
       1.3361683115363121e-02, 11600383, -1 ]
   - [ 5.1354864501953125e+02, 4.1256597900390625e+02,
       2.0269355773925781e+00, 1.1301698303222656e+02,
       2.0327841863036156e-02, 8782335, -1 ]
   - [ 5.1354864501953125e+02, 4.1256597900390625e+02,
       2.0269355773925781e+00, 1.4463928222656250e+02,
       2.0327841863036156e-02, 8782335, -1 ]
   - [ 5.1826312255859375e+02, 4.0465802001953125e+02,
       2.3368647098541260e+00, 2.6360305786132812e+02,
       1.6850616782903671e-02, 2360063, -1 ]
   - [ 5.1838671875000000e+02, 4.1019424438476562e+02,
       7.9277176856994629e+00, 7.3980651855468750e+01,
       3.7778396159410477e-02, 7143681, -1 ]
   - [ 5.1904602050781250e+02, 4.2439053344726562e+02,
       2.9755361080169678e+00, 2.6077062988281250e+02,
       1.8939366564154625e-02, 3081215, -1 ]
   - [ 5.1904602050781250e+02, 4.2439053344726562e+02,
       2.9755361080169678e+00, 2.8730453491210938e+02,
       1.8939366564154625e-02, 3081215, -1 ]
   - [ 5.2230926513671875e+02, 3.9582174682617188e+02,
       2.8338515758514404e+00, 8.2361450195312500e+01,
       1.9940774887800217e-02, 16253695, -1 ]
   - [ 5.2253851318359375e+02, 4.1129486083984375e+02,
       4.2944951057434082e+00, 6.9752777099609375e+01,
       3.3887058496475220e-02, 12910848, -1 ]
   - [ 5.2538037109375000e+02, 4.1484982299804688e+02,
       3.1327104568481445e+00, 6.4438903808593750e+01,
       1.5944587066769600e-02, 6816767, -1 ]
   - [ 5.2545208740234375e+02, 3.9881802368164062e+02,
       8.5561552047729492e+00, 8.3240661621093750e+01,
       2.2998679429292679e-02, 12648705, -1 ]
   - [ 5.2760925292968750e+02, 4.2997766113281250e+02,
       2.4138808250427246e+00, 2.8502685546875000e+02,
       2.5109281763434410e-02, 4653823, -1 ]
   - [ 5.2805859375000000e+02, 3.9228552246093750e+02,
       2.1610295772552490e+00, 8.7473907470703125e+01,
       1.5323100611567497e-02, 13369855, -1 ]
   - [ 5.3154473876953125e+02, 3.8834985351562500e+02,
       7.7827582359313965e+00, 8.5484588623046875e+01,
       1.7994521185755730e-02, 5767425, -1 ]
   - [ 5.3321447753906250e+02, 4.4371109008789062e+02,
       2.0125738143920898e+01, 2.9359234619140625e+02,
       2.6881607249379158e-02, 7668226, -1 ]
   - [ 5.4346612548828125e+02, 4.1439382934570312e+02,
       3.1990690231323242e+01, 2.9573532104492188e+02,
       3.0615488067269325e-02, 7733507, -1 ]
   - [ 5.4499237060546875e+02, 4.3814605712890625e+02,
       2.3551909923553467e+00, 3.2215258789062500e+02,
       2.2790567949414253e-02, 2884351, -1 ]
   - [ 5.4754174804687500e+02, 4.4294583129882812e+02,
       1.9458042383193970e+00, 3.2363772583007812e+02,
       1.5187578275799751e-02, 5767679, -1 ]
   - [ 5.4766125488281250e+02, 3.7564508056640625e+02,
       3.0911531448364258e+00, 1.8903414916992188e+02,
       1.4550405554473400e-02, 5833727, -1 ]
   - [ 5.5284832763671875e+02, 3.5295321655273438e+02,
       3.3875141143798828e+00, 3.6150238037109375e+01,
       1.7033219337463379e-02, 12452863, -1 ]
   - [ 5.5326123046875000e+02, 3.8942117309570312e+02,
       1.0415231704711914e+01, 1.0309735107421875e+02,
       1.4578657224774361e-02, 10158593, -1 ]
   - [ 5.5792565917968750e+02, 4.5827127075195312e+02,
       8.0562658309936523e+00, 2.9061511230468750e+02,
       2.5794809684157372e-02, 8323329, -1 ]
   - [ 5.6016912841796875e+02, 3.5213592529296875e+02,
       2.6187179088592529e+00, 2.7962777709960938e+02,
       1.8233979120850563e-02, 10552063, -1 ]
   - [ 5.6311743164062500e+02, 4.6230294799804688e+02,
       2.0951561927795410e+00, 2.7313870239257812e+02,
       1.4040957204997540e-02, 11141631, -1 ]
   - [ 5.6473364257812500e+02, 3.5134951782226562e+02,
       1.2587890625000000e+01, 8.5272247314453125e+01,
       2.0488416776061058e-02, 7144193, -1 ]
   - [ 5.6678765869140625e+02, 4.5980325317382812e+02,
       2.7261791229248047e+00, 2.7104058837890625e+02,
       2.4404473602771759e-02, 13501183, -1 ]
   - [ 5.6893023681640625e+02, 3.9464263916015625e+02,
       5.3067564964294434e+00, 1.2581207275390625e+02,
       2.0454229786992073e-02, 11534848, -1 ]
   - [ 5.7342730712890625e+02, 4.2984359741210938e+02,
       3.8279224395751953e+01, 2.6740161132812500e+02,
       3.0749937519431114e-02, 4063747, -1 ]
   - [ 5.7494317626953125e+02, 3.5298156738281250e+02,
       3.4978768825531006e+00, 9.7284606933593750e+01,
       2.2556461393833160e-02, 14812159, -1 ]
   - [ 5.7494317626953125e+02, 3.5298156738281250e+02,
       3.4978768825531006e+00, 2.6473950195312500e+02,
       2.2556461393833160e-02, 14812159, -1 ]
   - [ 5.8010742187500000e+02, 4.1084002685546875e+02,
       6.4740433692932129e+00, 9.7383178710937500e+01,
       2.2965133190155029e-02, 9175808, -1 ]
   - [ 5.8018078613281250e+02, 3.4023046875000000e+02,
       3.4265019893646240e+00, 8.4348937988281250e+01,
       1.4186928048729897e-02, 13304831, -1 ]
   - [ 5.8044140625000000e+02, 4.5284344482421875e+02,
       3.1970276832580566e+00, 8.4281341552734375e+01,
       1.6883708536624908e-02, 8258559, -1 ]
   - [ 5.8287097167968750e+02, 3.9565280151367188e+02,
       2.6379559040069580e+00, 8.4012969970703125e+01,
       3.3244244754314423e-02, 11076351, -1 ]
   - [ 5.8287097167968750e+02, 3.9565280151367188e+02,
       2.6379559040069580e+00, 2.7011859130859375e+02,
       3.3244244754314423e-02, 11076351, -1 ]
   - [ 5.8398486328125000e+02, 3.5030349731445312e+02,
       1.9478654861450195e+00, 1.0371447753906250e+02,
       2.6287438347935677e-02, 5898751, -1 ]
   - [ 5.8542993164062500e+02, 3.9212316894531250e+02,
       2.7223429679870605e+00, 2.6380480957031250e+02,
       1.9860908389091492e-02, 13370111, -1 ]
