%YAML:1.0
---
grayKeypoints:
   - [ 6.9240379333496094e+01, 4.0458648681640625e+02,
       2.0084531307220459e+00, 1.0830842590332031e+02,
       3.2014727592468262e-02, 8061439, -1 ]
   - [ 9.0069564819335938e+01, 5.0420901489257812e+02,
       2.2785251140594482e+00, 9.9576965332031250e+01,
       3.7515837699174881e-02, 525055, -1 ]
   - [ 1.8560617065429688e+02, 6.6079187011718750e+02,
       1.8865766525268555e+00, 3.5641445922851562e+02,
       2.0558338612318039e-02, 3539455, -1 ]
   - [ 2.0563627624511719e+02, 3.0417846679687500e+02,
       5.4666414260864258e+00, 3.9541198730468750e+01,
       1.7488257959485054e-02, 13697536, -1 ]
   - [ 2.0765962219238281e+02, 4.7485745239257812e+02,
       2.0264871120452881e+00, 3.3429156494140625e+02,
       2.0176503807306290e-02, 8716799, -1 ]
   - [ 2.0769317626953125e+02, 3.1242788696289062e+02,
       5.5101218223571777e+00, 3.8636840820312500e+01,
       4.0920820087194443e-02, 14221824, -1 ]
   - [ 2.0777676391601562e+02, 3.6748739624023438e+02,
       1.8790298700332642e+00, 1.1849081420898438e+02,
       2.2137530148029327e-02, 3277311, -1 ]
   - [ 2.0777676391601562e+02, 3.6748739624023438e+02,
       1.8790298700332642e+00, 2.7119525146484375e+02,
       2.2137530148029327e-02, 3277311, -1 ]
   - [ 2.0777676391601562e+02, 3.6748739624023438e+02,
       1.8790298700332642e+00, 3.0966040039062500e+02,
       2.2137530148029327e-02, 3277311, -1 ]
   - [ 2.1039602661132812e+02, 4.8312826538085938e+02,
       2.0269627571105957e+00, 3.0992953491210938e+02,
       1.5500739216804504e-02, 8782335, -1 ]
   - [ 2.1390711975097656e+02, 3.0347424316406250e+02,
       4.6903910636901855e+00, 4.0020812988281250e+01,
       2.6800215244293213e-02, 2621952, -1 ]
   - [ 2.1511820983886719e+02, 3.1192962646484375e+02,
       4.2867093086242676e+00, 2.0359980773925781e+02,
       1.8527928739786148e-02, 12779776, -1 ]
   - [ 2.2106369018554688e+02, 4.8670260620117188e+02,
       3.1344463825225830e+00, 2.7995745849609375e+02,
       2.1870018914341927e-02, 6882303, -1 ]
   - [ 2.2132757568359375e+02, 2.9575558471679688e+02,
       5.8635597229003906e+00, 4.4150054931640625e+01,
       2.4950947612524033e-02, 2032384, -1 ]
   - [ 2.3058567810058594e+02, 2.8516665649414062e+02,
       3.5841243267059326e+00, 4.4614532470703125e+01,
       3.1166318804025650e-02, 16581631, -1 ]
   - [ 2.3060676574707031e+02, 2.8520599365234375e+02,
       3.6287505626678467e+00, 4.5352539062500000e+01,
       3.1041722744703293e-02, 721152, -1 ]
   - [ 2.3094001770019531e+02, 4.4721951293945312e+02,
       1.5797305107116699e+01, 7.0903167724609375e+01,
       2.3174667730927467e-02, 6881538, -1 ]
   - [ 2.3150900268554688e+02, 4.7498831176757812e+02,
       2.0284412384033203e+01, 6.8509643554687500e+01,
       2.5844871997833252e-02, 8258050, -1 ]
   - [ 2.3780099487304688e+02, 2.7914611816406250e+02,
       4.0642375946044922e+00, 4.9684906005859375e+01,
       2.2543789818882942e-02, 8913152, -1 ]
   - [ 2.4131256103515625e+02, 4.9129141235351562e+02,
       4.5580954551696777e+00, 2.9226226806640625e+02,
       2.0507678389549255e-02, 524800, -1 ]
   - [ 2.4188108825683594e+02, 2.7031256103515625e+02,
       3.8622925281524658e+00, 5.1682128906250000e+01,
       1.7742177471518517e-02, 5243136, -1 ]
   - [ 2.4196520996093750e+02, 2.7058001708984375e+02,
       3.4376220703125000e+00, 5.2349792480468750e+01,
       1.7896817997097969e-02, 13566975, -1 ]
   - [ 2.4202026367187500e+02, 3.2390206909179688e+02,
       6.2816319465637207e+00, 2.7788864135742188e+02,
       1.7174288630485535e-02, 7013120, -1 ]
   - [ 2.4430604553222656e+02, 4.8682864379882812e+02,
       2.7796719074249268e+00, 1.0206469726562500e+02,
       1.9667847082018852e-02, 14877439, -1 ]
   - [ 2.4964016723632812e+02, 4.9174862670898438e+02,
       2.5407242774963379e+00, 1.1096052551269531e+02,
       1.6461377963423729e-02, 8389375, -1 ]
   - [ 2.5117831420898438e+02, 4.9456304931640625e+02,
       5.6627702713012695e+00, 2.9218905639648438e+02,
       2.0098336040973663e-02, 16187904, -1 ]
   - [ 2.5218502807617188e+02, 2.6343905639648438e+02,
       3.3386826515197754e+00, 5.9907043457031250e+01,
       1.3344426639378071e-02, 11404287, -1 ]
   - [ 2.5795681762695312e+02, 4.9221450805664062e+02,
       2.5465674400329590e+00, 1.2548696899414062e+02,
       1.6033982858061790e-02, 8520447, -1 ]
   - [ 2.5950280761718750e+02, 4.9943023681640625e+02,
       5.1446728706359863e+00, 2.8925399780273438e+02,
       1.6289254650473595e-02, 9306624, -1 ]
   - [ 2.6201022338867188e+02, 4.6663339233398438e+02,
       2.1488380432128906e+00, 9.1946594238281250e+01,
       1.3539686799049377e-02, 12976639, -1 ]
   - [ 2.6247869873046875e+02, 4.9413555908203125e+02,
       2.5517876148223877e+00, 1.2431396484375000e+02,
       1.4258576557040215e-02, 8717055, -1 ]
   - [ 2.6247869873046875e+02, 4.9413555908203125e+02,
       2.5517876148223877e+00, 3.0176269531250000e+02,
       1.4258576557040215e-02, 8717055, -1 ]
   - [ 2.6345251464843750e+02, 4.8123471069335938e+02,
       3.3118610382080078e+00, 5.7581848144531250e+01,
       1.3407420367002487e-02, 10814463, -1 ]
   - [ 2.6570538330078125e+02, 2.6155154418945312e+02,
       3.6919491291046143e+00, 6.3505676269531250e+01,
       3.1028887256979942e-02, 1966336, -1 ]
   - [ 2.6920709228515625e+02, 4.7660562133789062e+02,
       3.8865089416503906e+01, 8.9563323974609375e+01,
       3.1057357788085938e-02, 5112323, -1 ]
   - [ 2.7085882568359375e+02, 2.5373283386230469e+02,
       3.9715745449066162e+00, 6.9430816650390625e+01,
       1.9758084788918495e-02, 7274752, -1 ]
   - [ 2.7303298950195312e+02, 3.2896942138671875e+02,
       1.9354285001754761e+00, 2.7138577270507812e+02,
       1.4577029272913933e-02, 5439999, -1 ]
   - [ 2.7335574340820312e+02, 2.5812121582031250e+02,
       4.0952019691467285e+00, 6.8603973388671875e+01,
       3.1303849071264267e-02, 9502976, -1 ]
   - [ 2.7395562744140625e+02, 4.6627505493164062e+02,
       2.9179837703704834e+00, 8.3678955078125000e+01,
       1.6866344958543777e-02, 1704959, -1 ]
   - [ 2.7567443847656250e+02, 5.0598703002929688e+02,
       4.3204264640808105e+00, 2.8741900634765625e+02,
       2.1437874063849449e-02, 13369600, -1 ]
   - [ 2.7814831542968750e+02, 3.2970904541015625e+02,
       3.5256309509277344e+00, 2.6919580078125000e+02,
       1.7706656828522682e-02, 15336447, -1 ]
   - [ 2.7888815307617188e+02, 2.5113801574707031e+02,
       3.8725781440734863e+00, 7.1566650390625000e+01,
       1.9864443689584732e-02, 5439744, -1 ]
   - [ 2.7889523315429688e+02, 2.5140350341796875e+02,
       3.5410811901092529e+00, 7.1727783203125000e+01,
       1.9929811358451843e-02, 15664127, -1 ]
   - [ 2.8189035034179688e+02, 4.7243362426757812e+02,
       2.4579093456268311e+00, 2.1465423583984375e+01,
       1.3390285894274712e-02, 5964543, -1 ]
   - [ 2.8189035034179688e+02, 4.7243362426757812e+02,
       2.4579093456268311e+00, 1.4152035522460938e+02,
       1.3390285894274712e-02, 5964543, -1 ]
   - [ 2.8400616455078125e+02, 4.6200506591796875e+02,
       3.9375302791595459e+00, 9.5077575683593750e+01,
       1.5343348495662212e-02, 6619392, -1 ]
   - [ 2.9722149658203125e+02, 4.4669821166992188e+02,
       3.9295074939727783e+00, 7.8935180664062500e+01,
       1.5423723496496677e-02, 6488320, -1 ]
   - [ 2.9722149658203125e+02, 4.4669821166992188e+02,
       3.9295074939727783e+00, 1.1125625610351562e+02,
       1.5423723496496677e-02, 6488320, -1 ]
   - [ 2.9724264526367188e+02, 4.1518667602539062e+02,
       1.8595482110977173e+00, 2.4895843505859375e+02,
       1.8410390242934227e-02, 2490879, -1 ]
   - [ 2.9861328125000000e+02, 4.3507192993164062e+02,
       2.1119134426116943e+00, 2.7133874511718750e+02,
       1.3389510102570057e-02, 11731455, -1 ]
   - [ 3.0145507812500000e+02, 4.7442742919921875e+02,
       5.3587203025817871e+00, 2.2048321533203125e+02,
       1.5045492909848690e-02, 12255744, -1 ]
