%YAML:1.0
---
grayKeypoints:
   - [ 5.9464378356933594e+01, 9.4446105957031250e+01,
       2.5536735057830811e+00, 1.8209098815917969e+02,
       1.4623800292611122e-02, 8717055, -1 ]
   - [ 1.1029855346679688e+02, 4.4097137451171875e+02,
       2.6607453823089600e+00, 1.8947091674804688e+02,
       3.2378688454627991e-02, 11731711, -1 ]
   - [ 1.1029855346679688e+02, 4.4097137451171875e+02,
       2.6607453823089600e+00, 2.3341375732421875e+02,
       3.2378688454627991e-02, 11731711, -1 ]
   - [ 2.2151995849609375e+02, 4.3914804077148438e+02,
       2.0449059009552002e+00, 1.2345390319824219e+02,
       3.9422433823347092e-02, 9372159, -1 ]
   - [ 2.2702949523925781e+02, 6.1845843505859375e+02,
       2.0946414470672607e+00, 1.3655700683593750e+01,
       1.5143819153308868e-02, 11141631, -1 ]
   - [ 2.2707606506347656e+02, 7.9498016357421875e+02,
       2.3451390266418457e+00, 8.8356689453125000e+01,
       1.4313287101686001e-02, 2556671, -1 ]
   - [ 2.3611921691894531e+02, 7.9401367187500000e+02,
       2.3568344116210938e+00, 8.4190277099609375e+01,
       1.5784299001097679e-02, 2949887, -1 ]
   - [ 2.4412678527832031e+02, 7.9283178710937500e+02,
       1.9438476562500000e+00, 8.6385375976562500e+01,
       1.4641406014561653e-02, 5702143, -1 ]
   - [ 2.9843026733398438e+02, 6.1130169677734375e+02,
       2.4089493751525879e+00, 1.3519042968750000e+01,
       1.5703061595559120e-02, 4522751, -1 ]
   - [ 2.9922811889648438e+02, 6.2079235839843750e+02,
       2.1635754108428955e+00, 3.2930029296875000e+02,
       1.8358319997787476e-02, 13500927, -1 ]
   - [ 3.0118988037109375e+02, 6.1889685058593750e+02,
       2.4730937480926514e+00, 3.3083111572265625e+02,
       3.0855258926749229e-02, 6423295, -1 ]
   - [ 3.0143450927734375e+02, 6.1065368652343750e+02,
       1.8596702814102173e+00, 9.6148071289062500e+00,
       2.8244825080037117e-02, 2490879, -1 ]
   - [ 3.0168890380859375e+02, 6.0466235351562500e+02,
       1.9185184240341187e+00, 3.0868774414062500e+01,
       1.6512943431735039e-02, 4784639, -1 ]
   - [ 3.0834371948242188e+02, 6.2912121582031250e+02,
       4.7724089622497559e+00, 2.9237088012695312e+02,
       1.6003303229808807e-02, 3867136, -1 ]
   - [ 3.1001675415039062e+02, 6.2280499267578125e+02,
       5.1557383537292480e+00, 2.9229522705078125e+02,
       2.5728130713105202e-02, 9437696, -1 ]
   - [ 3.3330197143554688e+02, 6.3855206298828125e+02,
       2.5381002426147461e+00, 2.9794229125976562e+02,
       1.3374222442507744e-02, 8323839, -1 ]
   - [ 3.3477380371093750e+02, 4.6160556030273438e+02,
       4.8796448707580566e+00, 3.0930114746093750e+01,
       1.7235454171895981e-02, 5440000, -1 ]
   - [ 3.3493695068359375e+02, 6.2852001953125000e+02,
       9.4632396697998047e+00, 2.9947119140625000e+02,
       2.2568289190530777e-02, 3211777, -1 ]
   - [ 3.3501235961914062e+02, 4.7417803955078125e+02,
       4.4644074440002441e+00, 2.9473144531250000e+01,
       4.4129841029644012e-02, 15728896, -1 ]
   - [ 3.3874642944335938e+02, 4.6603427124023438e+02,
       3.8551056385040283e+00, 3.1977996826171875e+01,
       2.4054704234004021e-02, 5112064, -1 ]
   - [ 3.3905520629882812e+02, 6.2016473388671875e+02,
       2.8142049312591553e+00, 1.1211483764648438e+02,
       1.5953877940773964e-02, 15794943, -1 ]
   - [ 3.3917532348632812e+02, 6.1759588623046875e+02,
       3.3586547851562500e+01, 6.8651245117187500e+01,
       2.6111377403140068e-02, 11272451, -1 ]
   - [ 3.3973745727539062e+02, 4.7373806762695312e+02,
       2.6770653724670410e+00, 1.9150808715820312e+02,
       2.3552577942609787e-02, 12190463, -1 ]
   - [ 3.4401873779296875e+02, 4.5860012817382812e+02,
       4.9204239845275879e+00, 3.5449768066406250e+01,
       2.2532032802700996e-02, 6029824, -1 ]
   - [ 3.4454272460937500e+02, 6.3767932128906250e+02,
       5.0612010955810547e+00, 2.9132232666015625e+02,
       1.4220778830349445e-02, 8061440, -1 ]
   - [ 3.4554782104492188e+02, 6.1775787353515625e+02,
       3.6579250335693359e+01, 6.7917480468750000e+01,
       2.5884969159960747e-02, 721411, -1 ]
   - [ 3.5146594238281250e+02, 4.4755624389648438e+02,
       3.1130313873291016e+00, 3.6507232666015625e+01,
       2.2377235814929008e-02, 6358015, -1 ]
   - [ 3.5168206787109375e+02, 6.2103668212890625e+02,
       2.1434714794158936e+00, 2.9962158203125000e+02,
       1.5112396329641342e-02, 12780031, -1 ]
   - [ 3.5410556030273438e+02, 5.6811059570312500e+02,
       9.7229032516479492e+00, 6.9236236572265625e+01,
       2.2466611117124557e-02, 5177857, -1 ]
   - [ 3.5561239624023438e+02, 4.8219519042968750e+02,
       5.4444808959960938e+00, 2.7082299804687500e+02,
       1.7138132825493813e-02, 13369856, -1 ]
   - [ 3.5937725830078125e+02, 4.8617758178710938e+02,
       2.4346377849578857e+00, 2.6232803344726562e+02,
       1.6686035320162773e-02, 5309183, -1 ]
   - [ 3.6009753417968750e+02, 6.4183953857421875e+02,
       6.3499813079833984e+00, 2.7836358642578125e+02,
       1.5193027444183826e-02, 7799552, -1 ]
   - [ 3.6546426391601562e+02, 4.8057312011718750e+02,
       5.6860690116882324e+00, 2.6350189208984375e+02,
       1.9277263432741165e-02, 16515584, -1 ]
   - [ 3.6615371704101562e+02, 4.8589205932617188e+02,
       3.4232814311981201e+00, 2.6172711181640625e+02,
       1.7390588298439980e-02, 13239295, -1 ]
   - [ 3.6826904296875000e+02, 5.4714392089843750e+02,
       6.7406913757324219e+01, 6.9843933105468750e+01,
       2.4860495701432228e-02, 11534596, -1 ]
   - [ 3.6826904296875000e+02, 5.4714392089843750e+02,
       6.7406913757324219e+01, 2.7745727539062500e+02,
       2.4860495701432228e-02, 11534596, -1 ]
   - [ 3.7330474853515625e+02, 4.1086077880859375e+02,
       1.7893909454345703e+01, 5.6928253173828125e+01,
       2.5795334950089455e-02, 15859970, -1 ]
   - [ 3.7365875244140625e+02, 4.8441766357421875e+02,
       2.4073498249053955e+00, 2.6089279174804688e+02,
       1.6833057627081871e-02, 4457215, -1 ]
   - [ 3.7479608154296875e+02, 6.2854266357421875e+02,
       8.3655261993408203e+00, 2.9339007568359375e+02,
       1.4615580439567566e-02, 11010305, -1 ]
   - [ 3.7583358764648438e+02, 4.8563278198242188e+02,
       5.2971816062927246e+00, 2.6032293701171875e+02,
       1.7113091424107552e-02, 11403776, -1 ]
   - [ 3.7624099731445312e+02, 4.1430810546875000e+02,
       8.9794406890869141e+00, 5.9869079589843750e+01,
       2.5628162547945976e-02, 16122113, -1 ]
   - [ 3.7743228149414062e+02, 5.9653607177734375e+02,
       1.8624540567398071e+00, 5.0325134277343750e+01,
       1.3426148332655430e-02, 2621951, -1 ]
   - [ 3.7743228149414062e+02, 5.9653607177734375e+02,
       1.8624540567398071e+00, 1.1053314208984375e+02,
       1.3426148332655430e-02, 2621951, -1 ]
   - [ 3.7750518798828125e+02, 4.1492736816406250e+02,
       7.0219955444335938e+00, 5.9664581298828125e+01,
       2.5834484025835991e-02, 15074048, -1 ]
   - [ 3.7780596923828125e+02, 4.2264617919921875e+02,
       3.3770318031311035e+00, 5.7624725341796875e+01,
       3.2202970236539841e-02, 12256255, -1 ]
   - [ 3.8286557006835938e+02, 4.8329202270507812e+02,
       3.2554283142089844e+00, 2.5972750854492188e+02,
       1.9426163285970688e-02, 9569279, -1 ]
   - [ 3.8405682373046875e+02, 4.1899807739257812e+02,
       3.9892985820770264e+00, 5.9551635742187500e+01,
       3.2805457711219788e-02, 7602432, -1 ]
   - [ 3.9918249511718750e+02, 6.0508715820312500e+02,
       2.3340880870819092e+00, 3.5302352905273438e+02,
       1.5580202452838421e-02, 2228991, -1 ]
   - [ 4.2236807250976562e+02, 6.0736395263671875e+02,
       3.2023872375488281e+01, 8.9416656494140625e+01,
       3.5084031522274017e-02, 7864579, -1 ]
   - [ 4.2580511474609375e+02, 4.4119091796875000e+02,
       5.8453914642333984e+01, 2.4387377929687500e+02,
       6.1537135392427444e-02, 1245444, -1 ]
   - [ 4.2805490112304688e+02, 8.1607318115234375e+02,
       2.2139565944671631e+00, 1.6072914123535156e+02,
       3.3412508666515350e-02, 15139327, -1 ]
