%YAML:1.0
---
grayKeypoints:
   - [ 7.4371919631958008e+00, 1.3310504150390625e+03,
       2.4012997150421143e+00, 4.2731933593750000e+00,
       1.9482275471091270e-02, 4326143, -1 ]
   - [ 7.4371919631958008e+00, 1.3310504150390625e+03,
       2.4012997150421143e+00, 1.2856991577148438e+02,
       1.9482275471091270e-02, 4326143, -1 ]
   - [ 7.7213706970214844e+00, 1.3328811035156250e+03,
       4.2152662277221680e+00, 2.0090332031250000e+00,
       1.8649414181709290e-02, 11600128, -1 ]
   - [ 7.7213706970214844e+00, 1.3328811035156250e+03,
       4.2152662277221680e+00, 1.2130203247070312e+02,
       1.8649414181709290e-02, 11600128, -1 ]
   - [ 4.4080013275146484e+01, 1.2363735351562500e+03,
       2.4087309837341309e+00, 2.1221313476562500e+01,
       1.5103343874216080e-02, 4522751, -1 ]
   - [ 7.0945350646972656e+01, 9.1961419677734375e+02,
       1.9301398992538452e+00, 3.4314758300781250e+01,
       1.5103993937373161e-02, 5243391, -1 ]
   - [ 7.3040863037109375e+01, 9.2476287841796875e+02,
       5.5546908378601074e+00, 1.7673187255859375e+01,
       3.3440701663494110e-02, 14811648, -1 ]
   - [ 7.3040863037109375e+01, 9.2476287841796875e+02,
       5.5546908378601074e+00, 2.2500474548339844e+02,
       3.3440701663494110e-02, 14811648, -1 ]
   - [ 8.1405509948730469e+01, 3.9968395996093750e+02,
       4.0303874015808105e+00, 1.4398657226562500e+02,
       1.8948154523968697e-02, 8323328, -1 ]
   - [ 8.1405509948730469e+01, 3.9968395996093750e+02,
       4.0303874015808105e+00, 1.6840704345703125e+02,
       1.8948154523968697e-02, 8323328, -1 ]
   - [ 8.1405509948730469e+01, 3.9968395996093750e+02,
       4.0303874015808105e+00, 3.3477832031250000e+02,
       1.8948154523968697e-02, 8323328, -1 ]
   - [ 1.0577224731445312e+02, 1.2319604492187500e+03,
       4.4130792617797852e+00, 1.9430255126953125e+02,
       1.4520097523927689e-02, 14876928, -1 ]
   - [ 2.3717477416992188e+02, 6.0866363525390625e+02,
       4.0723471641540527e+00, 1.7800828552246094e+02,
       2.6106610894203186e-02, 9109760, -1 ]
   - [ 2.5327651977539062e+02, 1.1956342773437500e+03,
       5.5547542572021484e+00, 6.5446289062500000e+01,
       1.4208960346877575e-02, 14811648, -1 ]
   - [ 2.6240856933593750e+02, 7.3950268554687500e+02,
       2.9962546825408936e+00, 1.8032585144042969e+02,
       1.5034887939691544e-02, 3605503, -1 ]
   - [ 3.3756265258789062e+02, 8.8357604980468750e+02,
       5.7722010612487793e+00, 2.4285957336425781e+02,
       2.6312310248613358e-02, 918272, -1 ]
   - [ 3.3756265258789062e+02, 8.8357604980468750e+02,
       5.7722010612487793e+00, 2.7684072875976562e+02,
       2.6312310248613358e-02, 918272, -1 ]
   - [ 3.6604431152343750e+02, 6.6316754150390625e+02,
       4.7507171630859375e+00, 3.5263061523437500e-01,
       2.5634031742811203e-02, 3539456, -1 ]
   - [ 3.8768353271484375e+02, 1.4661806640625000e+03,
       2.4323670864105225e+00, 9.6106567382812500e+00,
       2.6399444788694382e-02, 5243647, -1 ]
   - [ 3.8768353271484375e+02, 1.4661806640625000e+03,
       2.4323670864105225e+00, 1.7763862609863281e+02,
       2.6399444788694382e-02, 5243647, -1 ]
   - [ 4.2020889282226562e+02, 1.2846988525390625e+03,
       2.8816640377044678e+00, 1.9496032714843750e+01,
       1.8891027197241783e-02, 787455, -1 ]
   - [ 4.2100994873046875e+02, 6.4440100097656250e+02,
       4.1334114074707031e+00, 1.2771148681640625e+01,
       1.4757078140974045e-02, 10158336, -1 ]
   - [ 4.2100994873046875e+02, 6.4440100097656250e+02,
       4.1334114074707031e+00, 1.9211169433593750e+02,
       1.4757078140974045e-02, 10158336, -1 ]
   - [ 5.4381738281250000e+02, 9.2727337646484375e+02,
       9.8870639801025391e+00, 2.8669464111328125e+01,
       1.9625190645456314e-02, 6423041, -1 ]
   - [ 5.5155096435546875e+02, 9.4098535156250000e+02,
       1.1086787223815918e+01, 2.6323577880859375e+01,
       4.5163124799728394e-02, 14680577, -1 ]
   - [ 5.5446551513671875e+02, 9.5122247314453125e+02,
       3.4789969921112061e+00, 2.0570120239257812e+02,
       1.6465367749333382e-02, 14418943, -1 ]
   - [ 5.5843414306640625e+02, 9.2149133300781250e+02,
       8.8729286193847656e+00, 2.6003082275390625e+01,
       2.6895344257354736e-02, 15270145, -1 ]
   - [ 5.6406652832031250e+02, 9.3826562500000000e+02,
       8.0362577438354492e+00, 1.8328001403808594e+02,
       2.1020866930484772e-02, 8126721, -1 ]
   - [ 5.7635754394531250e+02, 1.2502846679687500e+03,
       3.8822820186614990e+00, 8.6694641113281250e+00,
       2.0786816254258156e-02, 5636352, -1 ]
   - [ 5.8129333496093750e+02, 1.2681051025390625e+03,
       6.6083941459655762e+00, 3.3833496093750000e+02,
       1.9000090658664703e-02, 10683136, -1 ]
   - [ 5.8634527587890625e+02, 8.7026226806640625e+02,
       8.2522182464599609e+00, 2.9800384521484375e+01,
       2.8101393952965736e-02, 10027265, -1 ]
   - [ 6.0396594238281250e+02, 1.2741794433593750e+03,
       1.0707722663879395e+01, 2.7877398681640625e+02,
       2.4286027997732162e-02, 12190209, -1 ]
   - [ 6.1909106445312500e+02, 1.4028138427734375e+03,
       3.8467514514923096e+00, 1.9273429870605469e+02,
       2.3833109065890312e-02, 4980992, -1 ]
   - [ 6.2336621093750000e+02, 1.1763603515625000e+03,
       4.3818237304687500e+01, 6.3274322509765625e+01,
       2.6847105473279953e-02, 13828611, -1 ]
   - [ 6.3444799804687500e+02, 9.6409057617187500e+02,
       1.7263574600219727e+01, 2.6011697387695312e+02,
       1.5430767089128494e-02, 13304066, -1 ]
   - [ 6.4718145751953125e+02, 8.0123016357421875e+02,
       8.5165824890136719e+00, 5.0171630859375000e+01,
       3.3113069832324982e-02, 12321025, -1 ]
   - [ 6.5554498291015625e+02, 6.6997747802734375e+02,
       4.8696146011352539e+00, 1.7872097778320312e+02,
       1.3794346712529659e-02, 5308928, -1 ]
   - [ 6.5554498291015625e+02, 6.6997747802734375e+02,
       4.8696146011352539e+00, 3.4616720581054688e+02,
       1.3794346712529659e-02, 5308928, -1 ]
   - [ 6.5997058105468750e+02, 9.5254833984375000e+02,
       1.0878199577331543e+01, 2.5745706176757812e+02,
       1.7665443941950798e-02, 13304321, -1 ]
   - [ 6.6208636474609375e+02, 7.9022033691406250e+02,
       1.0012529373168945e+01, 5.5321746826171875e+01,
       3.3508185297250748e-02, 7275009, -1 ]
   - [ 6.6377722167968750e+02, 1.2802053222656250e+03,
       1.8989721298217773e+01, 2.8978143310546875e+02,
       1.9801070913672447e-02, 3473922, -1 ]
   - [ 6.8134442138671875e+02, 1.6203823242187500e+03,
       2.9207675457000732e+00, 1.3905456542968750e+01,
       2.8895597904920578e-02, 1770495, -1 ]
   - [ 6.8134442138671875e+02, 1.6203823242187500e+03,
       2.9207675457000732e+00, 1.8510989379882812e+02,
       2.8895597904920578e-02, 1770495, -1 ]
   - [ 6.8669317626953125e+02, 1.6305472412109375e+03,
       3.9713604450225830e+00, 3.1942443847656250e+01,
       2.1083889529109001e-02, 7274752, -1 ]
   - [ 6.9660479736328125e+02, 9.4152874755859375e+02,
       9.7668094635009766e+00, 2.5058758544921875e+02,
       1.9901899620890617e-02, 5505537, -1 ]
   - [ 6.9874420166015625e+02, 1.2460975341796875e+03,
       7.3237128257751465e+00, 5.2019836425781250e+01,
       1.3754561543464661e-02, 1376513, -1 ]
   - [ 7.2355920410156250e+02, 1.3026578369140625e+03,
       1.3641011238098145e+01, 2.7962014770507812e+02,
       1.5553116798400879e-02, 12976897, -1 ]
   - [ 7.2698596191406250e+02, 1.0745528564453125e+03,
       1.5876274108886719e+02, 7.0619842529296875e+01,
       3.0083362013101578e-02, 6619653, -1 ]
   - [ 7.2698596191406250e+02, 1.0745528564453125e+03,
       1.5876274108886719e+02, 2.6382543945312500e+02,
       3.0083362013101578e-02, 6619653, -1 ]
   - [ 7.4344964599609375e+02, 1.2719637451171875e+03,
       1.6114839553833008e+01, 2.7425708007812500e+02,
       1.3567198067903519e-02, 8323330, -1 ]
   - [ 7.4946057128906250e+02, 1.2021762695312500e+03,
       7.1737704277038574e+00, 8.9724853515625000e+01,
       1.6638182103633881e-02, 16581376, -1 ]
