%YAML:1.0
---
grayKeypoints:
   - [ 1.2454044342041016e+02, 1.1061173095703125e+03,
       4.3395075798034668e+00, 3.6225769042968750e+01,
       1.3919972814619541e-02, 13697280, -1 ]
   - [ 1.2454044342041016e+02, 1.1061173095703125e+03,
       4.3395075798034668e+00, 2.1936645507812500e+02,
       1.3919972814619541e-02, 13697280, -1 ]
   - [ 1.3986103820800781e+02, 5.6714996337890625e+02,
       1.7737253189086914e+01, 2.9274291992187500e+01,
       1.7548788338899612e-02, 15270146, -1 ]
   - [ 1.3986103820800781e+02, 5.6714996337890625e+02,
       1.7737253189086914e+01, 2.1708653259277344e+02,
       1.7548788338899612e-02, 15270146, -1 ]
   - [ 1.8620983886718750e+02, 9.0372113037109375e+02,
       4.1796708106994629e+00, 2.3684138488769531e+02,
       2.5228437036275864e-02, 10944768, -1 ]
   - [ 2.3197540283203125e+02, 1.6802481689453125e+03,
       4.3334817886352539e+00, 2.0104858398437500e+02,
       2.4518439546227455e-02, 13566208, -1 ]
   - [ 3.3425277709960938e+02, 1.3381822509765625e+03,
       2.0801045894622803e+00, 2.2228337097167969e+02,
       2.4674007669091225e-02, 10617343, -1 ]
   - [ 3.5751345825195312e+02, 1.5795477294921875e+03,
       8.6382598876953125e+00, 8.7131622314453125e+01,
       1.3727317564189434e-02, 13304065, -1 ]
   - [ 3.5751345825195312e+02, 1.5795477294921875e+03,
       8.6382598876953125e+00, 2.6089019775390625e+02,
       1.3727317564189434e-02, 13304065, -1 ]
   - [ 3.7970401000976562e+02, 7.4598950195312500e+02,
       3.5923621654510498e+00, 1.3010009765625000e+01,
       1.3620776124298573e-02, 256, -1 ]
   - [ 3.7970401000976562e+02, 7.4598950195312500e+02,
       3.5923621654510498e+00, 1.7943585205078125e+02,
       1.3620776124298573e-02, 256, -1 ]
   - [ 4.1311093139648438e+02, 8.9201910400390625e+02,
       5.1986112594604492e+00, 2.4213092041015625e+02,
       1.8854597583413124e-02, 10027520, -1 ]
   - [ 4.7112884521484375e+02, 7.7580566406250000e+02,
       4.5691852569580078e+00, 2.3651885986328125e+01,
       1.4934484846889973e-02, 721408, -1 ]
   - [ 5.1923260498046875e+02, 6.8834497070312500e+02,
       5.5376963615417480e+00, 3.2046643066406250e+02,
       1.3335786759853363e-02, 14615040, -1 ]
   - [ 5.2456048583984375e+02, 6.9836022949218750e+02,
       9.4908189773559570e+00, 3.1844763183593750e+02,
       1.5412264503538609e-02, 3408385, -1 ]
   - [ 5.2832037353515625e+02, 6.8491534423828125e+02,
       8.6165933609008789e+00, 3.2263003540039062e+02,
       1.9055306911468506e-02, 13172993, -1 ]
   - [ 5.3841729736328125e+02, 7.1007556152343750e+02,
       8.4405136108398438e+00, 3.0757269287109375e+02,
       1.4871374703943729e-02, 11665665, -1 ]
   - [ 5.4064630126953125e+02, 1.6774851074218750e+03,
       4.2013735771179199e+00, 2.0346917724609375e+02,
       2.0056039094924927e-02, 11337984, -1 ]
   - [ 5.4896795654296875e+02, 7.1611303710937500e+02,
       7.8765969276428223e+00, 3.0280276489257812e+02,
       1.8725913017988205e-02, 6684929, -1 ]
   - [ 5.5257238769531250e+02, 6.8283489990234375e+02,
       3.7671016693115234e+01, 3.1477413940429688e+02,
       1.9395425915718079e-02, 2884099, -1 ]
   - [ 5.5261718750000000e+02, 6.6423779296875000e+02,
       1.2883255004882812e+01, 6.5299743652343750e+01,
       1.5328139998018742e-02, 8848129, -1 ]
   - [ 5.6463781738281250e+02, 1.1041511230468750e+03,
       6.2899808883666992e+00, 3.5026116943359375e+02,
       1.3940797187387943e-02, 7078656, -1 ]
   - [ 5.6654492187500000e+02, 1.0725004882812500e+03,
       3.1290106773376465e+00, 1.7206726074218750e+01,
       1.4731071889400482e-02, 6751231, -1 ]
   - [ 5.7303253173828125e+02, 7.3224218750000000e+02,
       6.8847961425781250e+00, 3.0666403198242188e+02,
       2.3258851841092110e-02, 13632256, -1 ]
   - [ 5.7339196777343750e+02, 1.1061093750000000e+03,
       7.1114134788513184e+00, 3.4802056884765625e+02,
       2.6140073314309120e-02, 15991552, -1 ]
   - [ 5.7347979736328125e+02, 1.1058847656250000e+03,
       7.3049864768981934e+00, 3.4507092285156250e+02,
       2.5914570316672325e-02, 1179905, -1 ]
   - [ 5.8123498535156250e+02, 7.2804626464843750e+02,
       6.8575396537780762e+00, 3.0622430419921875e+02,
       2.0212143659591675e-02, 13370112, -1 ]
   - [ 5.8621838378906250e+02, 6.5739532470703125e+02,
       1.7696271896362305e+01, 7.2990325927734375e+01,
       1.7215318977832794e-02, 15073538, -1 ]
   - [ 5.9405065917968750e+02, 7.3501580810546875e+02,
       8.1318292617797852e+00, 3.0050961303710938e+02,
       2.0725529640913010e-02, 8978689, -1 ]
   - [ 5.9551208496093750e+02, 1.1034892578125000e+03,
       3.1867879867553711e+01, 3.0872116088867188e+02,
       2.7418712154030800e-02, 7471363, -1 ]
   - [ 5.9753094482421875e+02, 6.5097753906250000e+02,
       9.2613325119018555e+00, 7.8907653808593750e+01,
       1.6020284965634346e-02, 1638913, -1 ]
   - [ 6.0758123779296875e+02, 7.4362042236328125e+02,
       6.7239198684692383e+00, 3.0163809204101562e+02,
       2.5561368092894554e-02, 11928320, -1 ]
   - [ 6.0759753417968750e+02, 7.5233935546875000e+02,
       6.3600864410400391e+00, 2.9974978637695312e+02,
       2.3112084716558456e-02, 7930624, -1 ]
   - [ 6.1401953125000000e+02, 1.0299357910156250e+03,
       2.3397140502929688e+01, 6.0944580078125000e+01,
       1.7889643087983131e-02, 1835778, -1 ]
   - [ 6.1401953125000000e+02, 1.0299357910156250e+03,
       2.3397140502929688e+01, 2.4063916015625000e+02,
       1.7889643087983131e-02, 1835778, -1 ]
   - [ 6.2435491943359375e+02, 6.4764294433593750e+02,
       9.9294872283935547e+00, 7.8944885253906250e+01,
       2.9410997405648232e-02, 6685185, -1 ]
   - [ 6.5496771240234375e+02, 1.1145041503906250e+03,
       8.3706588745117188e+00, 8.1658142089843750e+01,
       1.3397550210356712e-02, 11075841, -1 ]
   - [ 6.5565222167968750e+02, 1.0856778564453125e+03,
       4.2083797454833984e+01, 5.8284210205078125e+01,
       2.8592824935913086e-02, 10879491, -1 ]
   - [ 6.5916827392578125e+02, 1.5550467529296875e+03,
       2.1373043060302734e+00, 1.1859313964843750e+01,
       3.4099940210580826e-02, 12583423, -1 ]
   - [ 6.5916827392578125e+02, 1.5550467529296875e+03,
       2.1373043060302734e+00, 2.2103697204589844e+02,
       3.4099940210580826e-02, 12583423, -1 ]
   - [ 6.6015460205078125e+02, 6.3350952148437500e+02,
       8.7173767089843750e+00, 8.8047515869140625e+01,
       1.9792068749666214e-02, 14024961, -1 ]
   - [ 6.6351000976562500e+02, 1.5534793701171875e+03,
       2.3472325801849365e+00, 2.1375032043457031e+02,
       1.4310597442090511e-02, 2622207, -1 ]
   - [ 6.6735418701171875e+02, 1.5748924560546875e+03,
       3.2949573993682861e+00, 4.8375793457031250e+01,
       3.1248172745108604e-02, 10486783, -1 ]
   - [ 6.6735418701171875e+02, 1.5748924560546875e+03,
       3.2949573993682861e+00, 2.1542121887207031e+02,
       3.1248172745108604e-02, 10486783, -1 ]
   - [ 6.7137591552734375e+02, 5.2555606842041016e+01,
       5.9854087829589844e+00, 1.1232774353027344e+02,
       2.1740630269050598e-02, 3539712, -1 ]
   - [ 6.8857940673828125e+02, 6.3174346923828125e+02,
       1.0436647415161133e+01, 9.0263275146484375e+01,
       2.0115358754992485e-02, 10289665, -1 ]
   - [ 6.9065765380859375e+02, 1.1373842773437500e+03,
       4.0454029083251953e+01, 2.5390951538085938e+02,
       2.8114365413784981e-02, 8061443, -1 ]
   - [ 7.0569506835937500e+02, 7.7481414794921875e+02,
       6.0334281921386719e+00, 2.7877960205078125e+02,
       2.0941562950611115e-02, 4064000, -1 ]
   - [ 7.3788214111328125e+02, 7.1556250000000000e+02,
       1.2130641174316406e+02, 2.6457501220703125e+02,
       5.5328659713268280e-02, 3866885, -1 ]
   - [ 7.4267572021484375e+02, 1.0921931152343750e+03,
       6.9126176834106445e+00, 1.8273941040039062e+02,
       1.3824999332427979e-02, 13959936, -1 ]
   - [ 7.4267572021484375e+02, 1.0921931152343750e+03,
       6.9126176834106445e+00, 3.3543630981445312e+02,
       1.3824999332427979e-02, 13959936, -1 ]
