%YAML:1.0
---
grayKeypoints:
   - [ 9.0783748626708984e+00, 2.7276660156250000e+02,
       6.9546709060668945e+00, 2.3937812805175781e+02,
       2.0046815276145935e-02, 14353152, -1 ]
   - [ 9.4233589172363281e+00, 2.7284231567382812e+02,
       7.1943116188049316e+00, 2.4003463745117188e+02,
       1.9896209239959717e-02, 131329, -1 ]
   - [ 2.3108774185180664e+01, 2.6034359741210938e+02,
       4.1673727035522461e+00, 2.3369354248046875e+02,
       2.1303003653883934e-02, 10748160, -1 ]
   - [ 3.0589069366455078e+01, 2.5534532165527344e+02,
       4.5854897499084473e+00, 2.3600736999511719e+02,
       2.0840542390942574e-02, 983552, -1 ]
   - [ 3.1566411972045898e+01, 1.7169992065429688e+02,
       3.1692831516265869e+00, 5.3106140136718750e+01,
       1.6629252582788467e-02, 7668735, -1 ]
   - [ 3.9031562805175781e+01, 2.5113807678222656e+02,
       6.9207367897033691e+00, 2.3509291076660156e+02,
       1.8513910472393036e-02, 14025472, -1 ]
   - [ 4.1178176879882812e+01, 1.5980305480957031e+02,
       1.0709723472595215e+01, 5.6331939697265625e+01,
       1.6751056537032127e-02, 12190209, -1 ]
   - [ 4.1478813171386719e+01, 2.8035438537597656e+01,
       2.0943734645843506e+00, 2.1232727050781250e+01,
       1.5538034029304981e-02, 11141631, -1 ]
   - [ 4.2288417816162109e+01, 1.6454296875000000e+02,
       3.1358458995819092e+00, 5.7871643066406250e+01,
       1.4022286981344223e-02, 6882303, -1 ]
   - [ 4.3762615203857422e+01, 2.4520500183105469e+02,
       2.9680204391479492e+00, 2.3096757507324219e+02,
       1.6731142997741699e-02, 2884607, -1 ]
   - [ 6.5401702880859375e+01, 1.4903196716308594e+02,
       2.5071277618408203e+00, 5.5026489257812500e+01,
       1.3929603621363640e-02, 7406335, -1 ]
   - [ 7.3733314514160156e+01, 2.2290066528320312e+02,
       1.9064064025878906e+00, 2.3191671752929688e+02,
       1.6282148659229279e-02, 4325887, -1 ]
   - [ 7.6825782775878906e+01, 2.3201210021972656e+02,
       1.8019453048706055e+01, 2.3166972351074219e+02,
       1.8658000975847244e-02, 16384258, -1 ]
   - [ 8.0964065551757812e+01, 2.1911495971679688e+02,
       4.1321520805358887e+00, 2.3511967468261719e+02,
       1.8985260277986526e-02, 10158336, -1 ]
   - [ 9.2835807800292969e+01, 1.2524779510498047e+02,
       9.8510503768920898e+00, 5.8990936279296875e+01,
       1.5752332285046577e-02, 6095361, -1 ]
   - [ 9.6780822753906250e+01, 1.2703366851806641e+02,
       3.7315521240234375e+00, 5.5579254150390625e+01,
       1.5527510084211826e-02, 2752768, -1 ]
   - [ 9.8367591857910156e+01, 3.1828225708007812e+02,
       1.8506215810775757e+00, 1.1017050170898438e+02,
       1.4225007966160774e-02, 2163199, -1 ]
   - [ 1.0253134918212891e+02, 2.0641386413574219e+02,
       8.6082305908203125e+00, 2.3317045593261719e+02,
       1.8019627779722214e-02, 13107457, -1 ]
   - [ 1.1594630432128906e+02, 1.9679411315917969e+02,
       7.9699473381042480e+00, 2.3453828430175781e+02,
       1.8159724771976471e-02, 7536897, -1 ]
   - [ 1.2632662200927734e+02, 1.0572029113769531e+02,
       5.7695345878601074e+00, 5.7426300048828125e+01,
       1.6949091106653214e-02, 852736, -1 ]
   - [ 1.3013909912109375e+02, 1.8631411743164062e+02,
       7.1488571166992188e+00, 2.3395567321777344e+02,
       1.7733646556735039e-02, 16384768, -1 ]
   - [ 1.5021946716308594e+02, 1.7030986022949219e+02,
       4.6273469924926758e+00, 2.3213076782226562e+02,
       1.5926761552691460e-02, 1638912, -1 ]
   - [ 1.6134167480468750e+02, 8.0314628601074219e+01,
       8.6534395217895508e+00, 5.4239685058593750e+01,
       1.7684699967503548e-02, 13435137, -1 ]
   - [ 1.6222543334960938e+02, 1.6200694274902344e+02,
       5.1588854789733887e+00, 2.3675187683105469e+02,
       1.6272310167551041e-02, 9503232, -1 ]
   - [ 1.7529103088378906e+02, 1.5063899230957031e+02,
       2.8465754985809326e+00, 2.3497854614257812e+02,
       1.8579818308353424e-02, 16581375, -1 ]
   - [ 1.7648222351074219e+02, 1.5415411376953125e+02,
       8.5651969909667969e+00, 2.3448231506347656e+02,
       1.7257891595363617e-02, 12714241, -1 ]
   - [ 1.8133067321777344e+02, 1.4698817443847656e+02,
       3.0732622146606445e+00, 2.3804006958007812e+02,
       1.6132498160004616e-02, 5440511, -1 ]
   - [ 1.9056488037109375e+02, 1.4447076416015625e+02,
       8.2784423828125000e+00, 2.3406166076660156e+02,
       1.6582679003477097e-02, 10289409, -1 ]
   - [ 1.9061140441894531e+02, 6.2680034637451172e+01,
       4.7287244796752930e+00, 5.4280578613281250e+01,
       1.7349289730191231e-02, 3146240, -1 ]
   - [ 2.0270828247070312e+02, 1.3390365600585938e+02,
       5.5257711410522461e+00, 2.3242169189453125e+02,
       1.6405291855335236e-02, 14418432, -1 ]
   - [ 2.1394689941406250e+02, 1.2707276153564453e+02,
       6.9304080009460449e+00, 2.3340325927734375e+02,
       1.8264176324009895e-02, 14091008, -1 ]
   - [ 2.3138082885742188e+02, 1.1226456451416016e+02,
       3.0805041790008545e+00, 2.3410926818847656e+02,
       1.7800860106945038e-02, 5571583, -1 ]
   - [ 2.4268020629882812e+02, 1.0727437591552734e+02,
       7.8109588623046875e+00, 2.3235169982910156e+02,
       1.9002979621291161e-02, 6029569, -1 ]
   - [ 2.4281916809082031e+02, 1.0649261474609375e+02,
       6.7481789588928223e+00, 2.3341635131835938e+02,
       1.9286267459392548e-02, 12190464, -1 ]
   - [ 2.5537651062011719e+02, 1.9320476531982422e+01,
       4.8783593177795410e+00, 5.7957763671875000e+01,
       1.5433494932949543e-02, 5440000, -1 ]
   - [ 2.6585238647460938e+02, 8.8867546081542969e+01,
       5.1900691986083984e+00, 2.3545228576660156e+02,
       1.6711665317416191e-02, 9896448, -1 ]
   - [ 2.8816033935546875e+02, 8.0163464355468750e+02,
       4.2537527084350586e+00, 2.9349029541015625e+02,
       2.3737929761409760e-02, 12255488, -1 ]
   - [ 2.8932272338867188e+02, 8.0742199707031250e+02,
       3.7644252777099609e+00, 2.7448208618164062e+02,
       1.6232866793870926e-02, 3408128, -1 ]
   - [ 3.0845117187500000e+02, 5.8034820556640625e+01,
       2.4831089973449707e+00, 2.3105406188964844e+02,
       1.8768286332488060e-02, 6750975, -1 ]
   - [ 3.1175375366210938e+02, 6.1974720001220703e+01,
       1.1626116752624512e+01, 2.3544664001464844e+02,
       1.8025860190391541e-02, 1377025, -1 ]
   - [ 3.1871466064453125e+02, 5.2101726531982422e+01,
       4.8456950187683105e+00, 2.3820382690429688e+02,
       1.4673050493001938e-02, 4915712, -1 ]
   - [ 3.3749353027343750e+02, 1.5798327636718750e+03,
       1.8324521780014038e+00, 1.0079028320312500e+02,
       1.4765046536922455e-02, 1442303, -1 ]
   - [ 3.3917315673828125e+02, 3.7280513763427734e+01,
       5.3746109008789062e+00, 2.3713851928710938e+02,
       1.6462696716189384e-02, 12452352, -1 ]
   - [ 3.6195962524414062e+02, 1.6903576660156250e+03,
       2.0838825702667236e+00, 3.1148458862304688e+02,
       1.3619778677821159e-02, 10748415, -1 ]
   - [ 3.6889392089843750e+02, 1.8382589340209961e+01,
       6.2906718254089355e+00, 2.3575131225585938e+02,
       1.5376247465610504e-02, 7078656, -1 ]
   - [ 3.9007821655273438e+02, 4.9823553466796875e+02,
       2.0565965175628662e+00, 2.7446615600585938e+02,
       1.5750145539641380e-02, 9830911, -1 ]
   - [ 3.9749401855468750e+02, 4.9993136596679688e+02,
       4.6602931022644043e+00, 2.7896160888671875e+02,
       1.3783385977149010e-02, 2097664, -1 ]
   - [ 5.8448498535156250e+02, 6.8708813476562500e+02,
       5.0753054618835449e+00, 3.0929724121093750e+02,
       1.3742453418672085e-02, 8323584, -1 ]
   - [ 5.8987036132812500e+02, 6.9828100585937500e+02,
       4.2905068397521973e+00, 1.1895208740234375e+02,
       1.3475455343723297e-02, 12845312, -1 ]
   - [ 5.8987036132812500e+02, 6.9828100585937500e+02,
       4.2905068397521973e+00, 2.8624929809570312e+02,
       1.3475455343723297e-02, 12845312, -1 ]
   - [ 6.0093658447265625e+02, 6.7925927734375000e+02,
       1.5655524253845215e+01, 2.8425097656250000e+02,
       3.2707300037145615e-02, 6226178, -1 ]
