%YAML:1.0
---
maskKeypoints:
   - [ 9.2217073440551758e+00, 4.3237295532226562e+02,
       7.8453698158264160e+00, 1.5796456909179688e+02,
       6.8774484097957611e-02, 6357249, -1 ]
   - [ 2.3797583007812500e+02, 3.1001947021484375e+02,
       5.5046520233154297e+00, 3.4892913818359375e+01,
       8.5058547556400299e-02, 14156288, -1 ]
   - [ 2.4329864501953125e+02, 3.0213397216796875e+02,
       4.1359667778015137e+00, 4.5493041992187500e+01,
       6.0139339417219162e-02, 10223872, -1 ]
   - [ 2.4427120971679688e+02, 3.0921408081054688e+02,
       3.7754981517791748e+00, 2.1163043212890625e+02,
       2.2222617641091347e-02, 3604736, -1 ]
   - [ 2.5453335571289062e+02, 3.1950665283203125e+02,
       3.3612315654754639e+00, 2.8545535278320312e+02,
       4.6598114073276520e-02, 11928575, -1 ]
   - [ 2.5469305419921875e+02, 3.1904418945312500e+02,
       3.9588382244110107e+00, 2.8462786865234375e+02,
       4.5325014740228653e-02, 7012608, -1 ]
   - [ 2.5934426879882812e+02, 2.8742001342773438e+02,
       4.3122162818908691e+00, 5.1348541259765625e+01,
       5.7671878486871719e-02, 13238528, -1 ]
   - [ 2.6281909179687500e+02, 2.8000561523437500e+02,
       2.9642894268035889e+00, 5.3896209716796875e+01,
       4.8711936920881271e-02, 2819071, -1 ]
   - [ 2.6411196899414062e+02, 3.2062094116210938e+02,
       4.9234509468078613e+00, 2.7914416503906250e+02,
       4.5768972486257553e-02, 6095360, -1 ]
   - [ 2.7367739868164062e+02, 2.7284567260742188e+02,
       2.6780951023101807e+00, 5.8422302246093750e+01,
       4.6245537698268890e-02, 12190463, -1 ]
   - [ 2.9110049438476562e+02, 2.6893582153320312e+02,
       4.2456970214843750e+00, 6.8967926025390625e+01,
       5.8599673211574554e-02, 12124416, -1 ]
   - [ 2.9208807373046875e+02, 2.6396560668945312e+02,
       3.0185229778289795e+00, 6.9764068603515625e+01,
       4.7020971775054932e-02, 4129791, -1 ]
   - [ 2.9831549072265625e+02, 2.6620437622070312e+02,
       4.4533648490905762e+00, 6.9888061523437500e+01,
       5.9587821364402771e-02, 15532288, -1 ]
   - [ 3.1496148681640625e+02, 4.1570382690429688e+02,
       2.7245616912841797e+00, 7.6549957275390625e+01,
       3.8080371916294098e-02, 13435647, -1 ]
   - [ 3.2045736694335938e+02, 4.3605508422851562e+02,
       3.2312824726104736e+00, 8.6440093994140625e+01,
       1.4524527825415134e-02, 9044991, -1 ]
   - [ 3.2051562500000000e+02, 4.6442233276367188e+02,
       7.8764481544494629e+00, 2.9915057373046875e+02,
       4.0954113006591797e-02, 6684929, -1 ]
   - [ 3.2384332275390625e+02, 4.3893774414062500e+02,
       2.4644348621368408e+00, 8.9927398681640625e+01,
       2.0498817786574364e-02, 6161151, -1 ]
   - [ 3.2420822143554688e+02, 2.5664117431640625e+02,
       2.3088450431823730e+00, 8.0542297363281250e+01,
       5.0178736448287964e-02, 1442559, -1 ]
   - [ 3.4125564575195312e+02, 4.1401443481445312e+02,
       5.6449637413024902e+00, 9.4362823486328125e+01,
       2.6306614279747009e-02, 15991296, -1 ]
   - [ 3.4164184570312500e+02, 4.4642709350585938e+02,
       4.9326934814453125e+01, 9.8080078125000000e+01,
       1.0388562828302383e-01, 5636867, -1 ]
   - [ 3.4164184570312500e+02, 4.4642709350585938e+02,
       4.9326934814453125e+01, 2.7004473876953125e+02,
       1.0388562828302383e-01, 5636867, -1 ]
   - [ 3.4559902954101562e+02, 4.4682232666015625e+02,
       2.4294211864471436e+00, 2.2891464233398438e+02,
       1.4307201839983463e-02, 5112575, -1 ]
   - [ 3.4720819091796875e+02, 4.7885916137695312e+02,
       3.6221649646759033e+00, 2.6425738525390625e+02,
       3.8588166236877441e-02, 590080, -1 ]
   - [ 3.4727429199218750e+02, 3.2607885742187500e+02,
       4.4515242576599121e+00, 2.6404037475585938e+02,
       5.4596442729234695e-02, 15532288, -1 ]
   - [ 3.4754690551757812e+02, 4.1037652587890625e+02,
       3.0319850444793701e+00, 9.8913879394531250e+01,
       2.8241870924830437e-02, 4457471, -1 ]
   - [ 3.4994244384765625e+02, 4.4152160644531250e+02,
       3.3405959606170654e+00, 9.4089050292968750e+01,
       1.5920378267765045e-02, 11469823, -1 ]
   - [ 3.5176782226562500e+02, 2.9168267822265625e+02,
       5.8741329193115234e+01, 8.9255096435546875e+01,
       1.2044233083724976e-01, 1573124, -1 ]
   - [ 3.5176782226562500e+02, 2.9168267822265625e+02,
       5.8741329193115234e+01, 2.6601171875000000e+02,
       1.2044233083724976e-01, 1573124, -1 ]
   - [ 3.5802798461914062e+02, 4.1635516357421875e+02,
       5.1978564262390137e+00, 1.0254226684570312e+02,
       2.3577202111482620e-02, 10027520, -1 ]
   - [ 3.7000588989257812e+02, 4.7608993530273438e+02,
       5.0698523521423340e+00, 2.5349577331542969e+02,
       3.9994768798351288e-02, 8192512, -1 ]
   - [ 3.8049978637695312e+02, 3.2196621704101562e+02,
       4.0369324684143066e+00, 2.5897631835937500e+02,
       5.8326333761215210e-02, 8454400, -1 ]
   - [ 3.8058523559570312e+02, 3.1844641113281250e+02,
       1.9357622861862183e+00, 2.6100457763671875e+02,
       5.0467219203710556e-02, 5439999, -1 ]
   - [ 3.8533682250976562e+02, 4.7110433959960938e+02,
       4.0812206268310547e+00, 2.5694689941406250e+02,
       4.3037205934524536e-02, 9240832, -1 ]
   - [ 3.9002719116210938e+02, 4.6556890869140625e+02,
       4.6547942161560059e+00, 2.6054107666015625e+02,
       3.8851775228977203e-02, 2032128, -1 ]
   - [ 3.9428604125976562e+02, 4.4262908935546875e+02,
       1.9742168188095093e+00, 8.4979614257812500e+01,
       1.8387412652373314e-02, 6816255, -1 ]
   - [ 3.9428604125976562e+02, 4.4262908935546875e+02,
       1.9742168188095093e+00, 1.1431089782714844e+02,
       1.8387412652373314e-02, 6816255, -1 ]
   - [ 3.9888928222656250e+02, 4.6895584106445312e+02,
       3.9910571575164795e+00, 2.6214614868164062e+02,
       4.0731597691774368e-02, 7602432, -1 ]
   - [ 3.9900558471679688e+02, 2.6246517944335938e+02,
       2.1127502918243408e+00, 1.0428831481933594e+02,
       5.0660863518714905e-02, 11731455, -1 ]
   - [ 4.0241326904296875e+02, 4.6499026489257812e+02,
       2.9275424480438232e+00, 2.6345602416992188e+02,
       4.1174057871103287e-02, 1901567, -1 ]
   - [ 4.0738442993164062e+02, 4.6802673339843750e+02,
       4.1491131782531738e+00, 2.6499176025390625e+02,
       4.0472526103258133e-02, 10420480, -1 ]
   - [ 4.1022610473632812e+02, 3.1614038085937500e+02,
       4.3607840538024902e+00, 2.5983258056640625e+02,
       5.5505428463220596e-02, 14024960, -1 ]
   - [ 4.2081756591796875e+02, 3.1003164672851562e+02,
       2.1840438842773438e+00, 2.5383847045898438e+02,
       5.5432241410017014e-02, 14156287, -1 ]
   - [ 4.2329818725585938e+02, 2.4891212463378906e+02,
       2.9995996475219727e+01, 9.6115234375000000e+01,
       5.5022165179252625e-02, 3080451, -1 ]
   - [ 4.2454449462890625e+02, 4.4615768432617188e+02,
       2.4671688079833984e+00, 9.0051025390625000e+01,
       1.5250653028488159e-02, 6226687, -1 ]
   - [ 4.2494918823242188e+02, 2.5233662414550781e+02,
       2.5694641113281250e+01, 9.6114654541015625e+01,
       5.5702142417430878e-02, 8651522, -1 ]
   - [ 4.2970278930664062e+02, 2.6548544311523438e+02,
       2.4036786556243896e+00, 9.6634033203125000e+01,
       4.0094114840030670e-02, 4391679, -1 ]
   - [ 4.3239291381835938e+02, 4.4743341064453125e+02,
       3.3878052234649658e+00, 9.8375518798828125e+01,
       1.3913006521761417e-02, 12452863, -1 ]
   - [ 4.3266870117187500e+02, 3.0631570434570312e+02,
       3.4292066097259521e+00, 2.5963220214843750e+02,
       5.4409500211477280e-02, 13370367, -1 ]
   - [ 4.3919229125976562e+02, 3.7092886352539062e+02,
       7.5246841430664062e+01, 2.6173065185546875e+02,
       8.3447910845279694e-02, 2753028, -1 ]
   - [ 4.4372558593750000e+02, 2.7320153808593750e+02,
       2.2870519161224365e+00, 9.6773803710937500e+01,
       2.9551215469837189e-02, 787199, -1 ]
   - [ 4.4818524169921875e+02, 2.7029833984375000e+02,
       3.8116090297698975e+00, 9.5479614257812500e+01,
       2.1878961473703384e-02, 4325632, -1 ]
