%YAML:1.0
---
maskKeypoints:
   - [ 8.2386177062988281e+01, 2.7883740234375000e+02,
       1.2121900558471680e+01, 3.2494232177734375e+01,
       9.2390470206737518e-02, 4391681, -1 ]
   - [ 2.2871559143066406e+02, 7.8729614257812500e+02,
       2.0894582271575928e+00, 2.5406962585449219e+02,
       6.7623682320117950e-02, 10945023, -1 ]
   - [ 2.5918011474609375e+02, 3.3718212890625000e+02,
       2.2331938743591309e+00, 4.9551696777343750e+00,
       5.9541665017604828e-02, 15729151, -1 ]
   - [ 2.5918011474609375e+02, 3.3718212890625000e+02,
       2.2331938743591309e+00, 5.6893249511718750e+01,
       5.9541665017604828e-02, 15729151, -1 ]
   - [ 2.6427014160156250e+02, 7.8398492431640625e+02,
       5.0492134094238281e+00, 9.4243621826171875e+01,
       5.7628702372312546e-02, 7930368, -1 ]
   - [ 2.6427014160156250e+02, 7.8398492431640625e+02,
       5.0492134094238281e+00, 2.6480999755859375e+02,
       5.7628702372312546e-02, 7930368, -1 ]
   - [ 2.7022787475585938e+02, 7.8387615966796875e+02,
       2.8808705806732178e+00, 1.0069302368164062e+02,
       5.6382652372121811e-02, 787455, -1 ]
   - [ 2.7022787475585938e+02, 7.8387615966796875e+02,
       2.8808705806732178e+00, 2.5636706542968750e+02,
       5.6382652372121811e-02, 787455, -1 ]
   - [ 2.7644210815429688e+02, 3.3229608154296875e+02,
       8.2942190170288086e+00, 6.5973571777343750e+01,
       4.9639943987131119e-02, 10420481, -1 ]
   - [ 2.8426199340820312e+02, 7.8274761962890625e+02,
       3.2007977962493896e+00, 8.8112609863281250e+01,
       5.6505903601646423e-02, 8389631, -1 ]
   - [ 2.8426199340820312e+02, 7.8274761962890625e+02,
       3.2007977962493896e+00, 2.5768832397460938e+02,
       5.6505903601646423e-02, 8389631, -1 ]
   - [ 2.8489797973632812e+02, 5.4381805419921875e+02,
       3.6216309070587158e+00, 3.5825262451171875e+02,
       3.5076696425676346e-02, 590080, -1 ]
   - [ 2.9664898681640625e+02, 7.8224291992187500e+02,
       2.4851706027984619e+00, 9.3623382568359375e+01,
       6.3294567167758942e-02, 6750975, -1 ]
   - [ 2.9694445800781250e+02, 5.5046105957031250e+02,
       1.9840694427490234e+01, 3.2018630981445312e+02,
       6.3596218824386597e-02, 6619650, -1 ]
   - [ 2.9921813964843750e+02, 3.1948715209960938e+02,
       4.0578474998474121e+00, 7.8980438232421875e+01,
       4.8981405794620514e-02, 8847616, -1 ]
   - [ 3.0092614746093750e+02, 7.8158587646484375e+02,
       2.4064176082611084e+00, 1.4740475463867188e+02,
       1.7290184274315834e-02, 4457215, -1 ]
   - [ 3.1182376098632812e+02, 3.2334381103515625e+02,
       5.5945754051208496e+00, 8.4977874755859375e+01,
       6.1057347804307938e-02, 15335936, -1 ]
   - [ 3.1314443969726562e+02, 5.8295300292968750e+02,
       4.0588283538818359e+00, 2.9006195068359375e+02,
       2.6172595098614693e-02, 8847616, -1 ]
   - [ 3.2181176757812500e+02, 5.8479577636718750e+02,
       3.6841397285461426e+00, 2.8015811157226562e+02,
       2.7595048770308495e-02, 1835264, -1 ]
   - [ 3.2403710937500000e+02, 3.8636196899414062e+02,
       4.6037578582763672e+00, 2.8979016113281250e+02,
       4.4115863740444183e-02, 1245696, -1 ]
   - [ 3.2553955078125000e+02, 5.4028790283203125e+02,
       1.9477188110351562e+01, 5.4625823974609375e+01,
       8.3162426948547363e-02, 5308930, -1 ]
   - [ 3.2553955078125000e+02, 5.4028790283203125e+02,
       1.9477188110351562e+01, 2.9104925537109375e+02,
       8.3162426948547363e-02, 5308930, -1 ]
   - [ 3.2746151733398438e+02, 5.5671276855468750e+02,
       4.7379136085510254e+00, 8.2065490722656250e+01,
       2.5793079286813736e-02, 3342848, -1 ]
   - [ 3.2787030029296875e+02, 5.8605267333984375e+02,
       4.1375222206115723e+00, 2.7966369628906250e+02,
       2.6754468679428101e-02, 10223872, -1 ]
   - [ 3.2885940551757812e+02, 5.2557257080078125e+02,
       3.4427497386932373e+00, 2.7147311401367188e+02,
       2.4692185223102570e-02, 13632511, -1 ]
   - [ 3.3963287353515625e+02, 5.8720080566406250e+02,
       4.8139386177062988e+00, 2.7095483398437500e+02,
       2.7371611446142197e-02, 4456960, -1 ]
   - [ 3.5516049194335938e+02, 3.9316906738281250e+02,
       4.8724532127380371e+00, 2.7772021484375000e+02,
       4.7280147671699524e-02, 5374464, -1 ]
   - [ 3.6873385620117188e+02, 4.8727893066406250e+02,
       4.1399097442626953e+00, 8.8219635009765625e+01,
       2.9378836974501610e-02, 10289408, -1 ]
   - [ 3.7067297363281250e+02, 5.8164495849609375e+02,
       3.4259026050567627e+00, 2.3504028320312500e+02,
       3.2928507775068283e-02, 13304831, -1 ]
   - [ 3.7067297363281250e+02, 5.8164495849609375e+02,
       3.4259026050567627e+00, 2.9847839355468750e+02,
       3.2928507775068283e-02, 13304831, -1 ]
   - [ 3.7131216430664062e+02, 5.4613153076171875e+02,
       3.4392700195312500e+00, 1.8289663696289062e+02,
       1.3923277147114277e-02, 13566975, -1 ]
   - [ 3.7131216430664062e+02, 5.4613153076171875e+02,
       3.4392700195312500e+00, 3.3419998168945312e+02,
       1.3923277147114277e-02, 13566975, -1 ]
   - [ 3.8916467285156250e+02, 5.6779553222656250e+02,
       1.3003348350524902e+01, 2.5980010986328125e+02,
       2.3367131128907204e-02, 9503489, -1 ]
   - [ 3.8978054809570312e+02, 5.4497888183593750e+02,
       4.6782546043395996e+00, 3.0852893066406250e+02,
       1.3426514342427254e-02, 2425344, -1 ]
   - [ 3.9215789794921875e+02, 4.8815936279296875e+02,
       5.5969672203063965e+00, 9.2287933349609375e+01,
       3.3770650625228882e-02, 15401472, -1 ]
   - [ 3.9293811035156250e+02, 4.9069082641601562e+02,
       9.3350667953491211e+00, 8.9938018798828125e+01,
       3.3202867954969406e-02, 2228737, -1 ]
   - [ 3.9914358520507812e+02, 3.8861923217773438e+02,
       5.3323440551757812e+00, 2.6584521484375000e+02,
       5.5460087954998016e-02, 11862528, -1 ]
   - [ 4.0411074829101562e+02, 4.8819528198242188e+02,
       3.9407079219818115e+00, 9.5602172851562500e+01,
       3.1680468469858170e-02, 6684928, -1 ]
   - [ 4.0944958496093750e+02, 3.9294042968750000e+02,
       4.1537370681762695e+00, 2.6049407958984375e+02,
       4.5999355614185333e-02, 10486016, -1 ]
   - [ 4.1328747558593750e+02, 5.2639782714843750e+02,
       6.6277976989746094e+01, 2.5705102539062500e+02,
       7.5211614370346069e-02, 10289412, -1 ]
   - [ 4.2022311401367188e+02, 3.2098709106445312e+02,
       4.8602213859558105e+00, 9.9999969482421875e+01,
       5.0429962575435638e-02, 5177856, -1 ]
   - [ 4.2554382324218750e+02, 3.5805816650390625e+02,
       2.3838868141174316e+00, 5.3501892089843750e+00,
       1.6904344782233238e-02, 3801855, -1 ]
   - [ 4.2925579833984375e+02, 3.5674340820312500e+02,
       2.5237004756927490e+00, 5.2885742187500000e+00,
       1.6726054251194000e-02, 7865087, -1 ]
   - [ 4.2925579833984375e+02, 3.5674340820312500e+02,
       2.5237004756927490e+00, 1.4220895385742188e+02,
       1.6726054251194000e-02, 7865087, -1 ]
   - [ 4.3085305786132812e+02, 3.8815713500976562e+02,
       4.3858256340026855e+00, 2.5394813537597656e+02,
       4.8061717301607132e-02, 14418176, -1 ]
   - [ 4.3611074829101562e+02, 5.6454785156250000e+02,
       2.5622336864471436e+00, 2.4300442504882812e+02,
       2.9251787811517715e-02, 8979199, -1 ]
   - [ 4.3778445434570312e+02, 3.8593969726562500e+02,
       3.8457913398742676e+00, 2.5193466186523438e+02,
       4.7990489751100540e-02, 4915456, -1 ]
   - [ 4.4131927490234375e+02, 4.8995077514648438e+02,
       4.7923254966735840e+00, 9.9906585693359375e+01,
       3.5737521946430206e-02, 4129280, -1 ]
   - [ 4.4729293823242188e+02, 5.6021386718750000e+02,
       4.8614640235900879e+00, 2.4624765014648438e+02,
       2.8325457125902176e-02, 5177856, -1 ]
   - [ 4.6180038452148438e+02, 3.2562893676757812e+02,
       7.9598383903503418e+00, 9.4762298583984375e+01,
       5.6454934179782867e-02, 7405825, -1 ]
   - [ 4.6299072265625000e+02, 5.5243011474609375e+02,
       2.2064306735992432e+00, 2.6116473388671875e+02,
       3.3606998622417450e-02, 14877183, -1 ]
