%YAML:1.0
---
maskKeypoints:
   - [ 1.8907557678222656e+02, 6.5851513671875000e+02,
       1.8757774829864502e+00, 4.0469116210937500e+01,
       9.7209170460700989e-02, 3146239, -1 ]
   - [ 1.8907557678222656e+02, 6.5851513671875000e+02,
       1.8757774829864502e+00, 2.7484609985351562e+02,
       9.7209170460700989e-02, 3146239, -1 ]
   - [ 1.9069165039062500e+02, 6.5790197753906250e+02,
       3.0502166748046875e+00, 2.7297164916992188e+02,
       9.9230647087097168e-02, 4916223, -1 ]
   - [ 2.0228755187988281e+02, 6.5694818115234375e+02,
       1.9795124530792236e+00, 9.4743530273437500e+01,
       1.0832412540912628e-01, 7012863, -1 ]
   - [ 2.0228755187988281e+02, 6.5694818115234375e+02,
       1.9795124530792236e+00, 2.4627597045898438e+02,
       1.0832412540912628e-01, 7012863, -1 ]
   - [ 3.2199548339843750e+02, 3.7609481811523438e+02,
       4.9415841102600098e+00, 3.1110763549804688e+02,
       3.3649157732725143e-02, 6357504, -1 ]
   - [ 3.3245727539062500e+02, 3.6250738525390625e+02,
       2.0578674316406250e+01, 2.9867443847656250e+02,
       8.8300563395023346e-02, 9306626, -1 ]
   - [ 3.3792108154296875e+02, 3.5306466674804688e+02,
       2.5852594375610352e+00, 2.3173851013183594e+02,
       1.4761466532945633e-02, 9634559, -1 ]
   - [ 3.4041906738281250e+02, 3.5504727172851562e+02,
       2.0665960311889648e+00, 2.3837866210937500e+02,
       2.3648850619792938e-02, 10158591, -1 ]
   - [ 3.4045632934570312e+02, 3.6134890747070312e+02,
       2.6714637279510498e+00, 1.0836050415039062e+02,
       2.2379459813237190e-02, 11993855, -1 ]
   - [ 3.4398568725585938e+02, 3.5965829467773438e+02,
       2.1105346679687500e+00, 2.3967053222656250e+02,
       1.6387840732932091e-02, 11665919, -1 ]
   - [ 3.4814257812500000e+02, 3.5230737304687500e+02,
       2.8520567417144775e+00, 2.7204772949218750e+02,
       1.5536239370703697e-02, 1023, -1 ]
   - [ 3.4914947509765625e+02, 3.6117269897460938e+02,
       2.7397902011871338e+00, 7.4759796142578125e+01,
       8.9254558086395264e-02, 13828863, -1 ]
   - [ 3.4994531250000000e+02, 3.5631704711914062e+02,
       3.1185033321380615e+00, 2.7260293579101562e+02,
       2.3653523996472359e-02, 6489087, -1 ]
   - [ 3.5052194213867188e+02, 3.5552032470703125e+02,
       2.0120675563812256e+00, 2.6586254882812500e+02,
       2.5546617805957794e-02, 8192511, -1 ]
   - [ 3.5556430053710938e+02, 3.5198379516601562e+02,
       2.1817352771759033e+00, 3.0284466552734375e+02,
       1.7045369371771812e-02, 14090751, -1 ]
   - [ 3.5692623901367188e+02, 3.9763470458984375e+02,
       1.9605810165405273e+01, 2.9843142700195312e+02,
       5.9885911643505096e-02, 5767682, -1 ]
   - [ 3.6215213012695312e+02, 3.3535345458984375e+02,
       8.8389482498168945e+00, 8.4907287597656250e+01,
       6.2349453568458557e-02, 15008001, -1 ]
   - [ 3.7089633178710938e+02, 3.3500228881835938e+02,
       3.8829762935638428e+00, 2.1010498046875000e+01,
       4.0813267230987549e-02, 5636352, -1 ]
   - [ 3.7483605957031250e+02, 3.9394772338867188e+02,
       8.6079921722412109e+00, 3.2796160888671875e+02,
       3.1823378056287766e-02, 13107457, -1 ]
   - [ 3.8164538574218750e+02, 4.1790606689453125e+02,
       1.0643934249877930e+01, 2.8990954589843750e+02,
       5.6736346334218979e-02, 11731457, -1 ]
   - [ 3.8164538574218750e+02, 4.1790606689453125e+02,
       1.0643934249877930e+01, 3.4079339599609375e+02,
       5.6736346334218979e-02, 11731457, -1 ]
   - [ 3.8661456298828125e+02, 4.0176181030273438e+02,
       3.4320850372314453e+00, 2.7463543701171875e+02,
       1.4825543388724327e-02, 13435903, -1 ]
   - [ 3.8694708251953125e+02, 4.2339498901367188e+02,
       1.8063192367553711e+00, 2.7734741210937500e+02,
       1.3684421777725220e-02, 393727, -1 ]
   - [ 3.8787167358398438e+02, 4.0679495239257812e+02,
       5.1270236968994141e+00, 2.7784588623046875e+02,
       2.0605117082595825e-02, 9044480, -1 ]
   - [ 3.9085397338867188e+02, 4.2102041625976562e+02,
       3.2689766883850098e+00, 2.7477709960937500e+02,
       2.2848621010780334e-02, 9896959, -1 ]
   - [ 3.9365451049804688e+02, 4.2401647949218750e+02,
       1.9066778421401978e+00, 2.6990795898437500e+02,
       1.8650796264410019e-02, 4325887, -1 ]
   - [ 3.9368405151367188e+02, 4.3243148803710938e+02,
       8.3760318756103516e+00, 2.8076406860351562e+02,
       3.4790709614753723e-02, 11075841, -1 ]
   - [ 3.9600396728515625e+02, 4.2743634033203125e+02,
       1.9339046478271484e+00, 2.7902236938476562e+02,
       3.0704068019986153e-02, 5374463, -1 ]
   - [ 3.9670349121093750e+02, 2.9765298461914062e+02,
       3.3376355171203613e+00, 2.8734924316406250e+02,
       2.0074134692549706e-02, 11404287, -1 ]
   - [ 3.9815493774414062e+02, 3.0310977172851562e+02,
       3.2034142017364502e+00, 2.8414434814453125e+02,
       1.3722822070121765e-02, 8455167, -1 ]
   - [ 3.9924960327148438e+02, 2.9956146240234375e+02,
       1.9798938751220703e+01, 8.7031402587890625e+01,
       6.5051101148128510e-02, 6488578, -1 ]
   - [ 3.9985540771484375e+02, 3.5091586303710938e+02,
       2.5359168052673340e+00, 1.4757214355468750e+02,
       1.6368355602025986e-02, 8258303, -1 ]
   - [ 4.0363589477539062e+02, 4.0826803588867188e+02,
       5.6655335426330566e+00, 2.7244793701171875e+02,
       2.1149162203073502e-02, 16253440, -1 ]
   - [ 4.0384048461914062e+02, 3.4754956054687500e+02,
       4.7770123481750488e+00, 1.3161216735839844e+02,
       2.0796341821551323e-02, 3932672, -1 ]
   - [ 4.0390283203125000e+02, 2.9817385864257812e+02,
       3.8148026466369629e+00, 1.0384722900390625e+02,
       1.6720570623874664e-02, 4325632, -1 ]
   - [ 4.1011080932617188e+02, 4.3411383056640625e+02,
       4.2242393493652344e+00, 2.7561401367187500e+02,
       2.9010890051722527e-02, 11731200, -1 ]
   - [ 4.1275311279296875e+02, 3.0035809326171875e+02,
       4.0721125602722168e+00, 2.7046844482421875e+02,
       2.2769095376133919e-02, 9044224, -1 ]
   - [ 4.1327053833007812e+02, 3.0715277099609375e+02,
       5.6150145530700684e+00, 2.6789636230468750e+02,
       1.4468755573034286e-02, 15598080, -1 ]
   - [ 4.1338284301757812e+02, 4.0242260742187500e+02,
       5.4055857658386230e+00, 2.6962194824218750e+02,
       1.4417964965105057e-02, 12845568, -1 ]
   - [ 4.1505590820312500e+02, 4.1490191650390625e+02,
       3.4449036121368408e+00, 2.5854437255859375e+02,
       1.7265083268284798e-02, 13698047, -1 ]
   - [ 4.1547259521484375e+02, 3.6699011230468750e+02,
       8.0944900512695312e+00, 1.0402767944335938e+02,
       2.1137699484825134e-02, 8651009, -1 ]
   - [ 4.1974032592773438e+02, 3.5007821655273438e+02,
       3.0328223705291748e+00, 9.1106353759765625e+01,
       3.1955193728208542e-02, 4457471, -1 ]
   - [ 4.1974032592773438e+02, 3.5007821655273438e+02,
       3.0328223705291748e+00, 2.7045642089843750e+02,
       3.1955193728208542e-02, 4457471, -1 ]
   - [ 4.2119241333007812e+02, 3.4649008178710938e+02,
       2.8874711990356445e+00, 2.7074679565429688e+02,
       2.1034182980656624e-02, 918527, -1 ]
   - [ 4.2123464965820312e+02, 4.1801745605468750e+02,
       1.8454818725585938e+00, 8.8855468750000000e+01,
       2.7606571093201637e-02, 1966591, -1 ]
   - [ 4.2123464965820312e+02, 4.1801745605468750e+02,
       1.8454818725585938e+00, 2.5129306030273438e+02,
       2.7606571093201637e-02, 1966591, -1 ]
   - [ 4.2341363525390625e+02, 4.2646563720703125e+02,
       1.0489130020141602e+01, 2.7247924804687500e+02,
       3.4592676907777786e-02, 10682881, -1 ]
   - [ 4.2457723999023438e+02, 4.9548135375976562e+02,
       3.8747613430023193e+00, 3.1334332275390625e+02,
       5.6163143366575241e-02, 5505280, -1 ]
   - [ 4.2563754272460938e+02, 4.6655853271484375e+02,
       2.3759229183197021e+00, 8.8324157714843750e+01,
       5.4283253848552704e-02, 3539711, -1 ]
   - [ 4.2856066894531250e+02, 4.1342654418945312e+02,
       3.4507081508636475e+00, 3.2579785156250000e+02,
       5.4047875106334686e-02, 13829119, -1 ]
