%YAML:1.0
---
maskKeypoints:
   - [ 1.7002107620239258e+01, 1.8647172546386719e+02,
       3.8440625667572021e+00, 1.6611466979980469e+02,
       2.9148053377866745e-02, 4915456, -1 ]
   - [ 1.7852323532104492e+01, 2.1082020568847656e+02,
       4.0962767601013184e+00, 2.0819284057617188e+02,
       3.2393343746662140e-02, 9502976, -1 ]
   - [ 1.8555368423461914e+01, 1.8050372314453125e+02,
       2.1692883968353271e+00, 1.6417141723632812e+02,
       3.0472867190837860e-02, 13631999, -1 ]
   - [ 2.2338171005249023e+01, 1.7937791442871094e+02,
       8.4063272476196289e+00, 1.7344612121582031e+02,
       2.7748398482799530e-02, 11337985, -1 ]
   - [ 5.4955047607421875e+02, 1.2408037109375000e+03,
       2.2912213802337646e+00, 8.9015502929687500e+00,
       4.1468549519777298e-02, 918271, -1 ]
   - [ 5.5112133789062500e+02, 1.2280589599609375e+03,
       4.0470666885375977e+00, 2.4048217773437500e+01,
       3.4084614366292953e-02, 8651008, -1 ]
   - [ 5.5218115234375000e+02, 1.2351141357421875e+03,
       3.9204330444335938e+00, 1.7090728759765625e+01,
       4.2683936655521393e-02, 6357248, -1 ]
   - [ 5.6637030029296875e+02, 1.2673494873046875e+03,
       5.1871957778930664e+00, 2.8989672851562500e+02,
       3.8847699761390686e-02, 9896448, -1 ]
   - [ 5.8275836181640625e+02, 1.1981451416015625e+03,
       3.2316834926605225e+00, 6.0175903320312500e+01,
       2.4624645709991455e-02, 9044991, -1 ]
   - [ 5.9214862060546875e+02, 9.4350842285156250e+02,
       1.0118002891540527e+01, 2.7892272949218750e+01,
       4.0569081902503967e-02, 8061441, -1 ]
   - [ 5.9368737792968750e+02, 1.1878277587890625e+03,
       4.5287628173828125e+00, 6.0118835449218750e+01,
       2.3495314642786980e-02, 66048, -1 ]
   - [ 5.9791668701171875e+02, 9.3700189208984375e+02,
       4.4647960662841797e+00, 2.5907592773437500e+01,
       3.4029576927423477e-02, 15728896, -1 ]
   - [ 5.9844934082031250e+02, 9.3737768554687500e+02,
       3.3875529766082764e+00, 2.4944488525390625e+01,
       3.4671556204557419e-02, 12452863, -1 ]
   - [ 6.0040875244140625e+02, 1.1899980468750000e+03,
       4.7859559059143066e+00, 6.1663177490234375e+01,
       2.1754080429673195e-02, 4063744, -1 ]
   - [ 6.1309008789062500e+02, 9.5597393798828125e+02,
       6.1431956291198730e+00, 2.1072772216796875e+02,
       1.4731291681528091e-02, 5374720, -1 ]
   - [ 6.2532214355468750e+02, 1.2711333007812500e+03,
       2.6233392715454102e+01, 2.9063079833984375e+02,
       4.7043882310390472e-02, 10093314, -1 ]
   - [ 6.4498199462890625e+02, 1.1608133544921875e+03,
       4.1813373565673828e+00, 6.0081817626953125e+01,
       2.2885328158736229e-02, 11010304, -1 ]
   - [ 6.5684252929687500e+02, 9.7786230468750000e+02,
       3.8203685283660889e+00, 2.6003704833984375e+02,
       4.2741864919662476e-02, 4456704, -1 ]
   - [ 6.6383874511718750e+02, 9.7686486816406250e+02,
       3.7752659320831299e+00, 2.6020086669921875e+02,
       4.2643215507268906e-02, 3604736, -1 ]
   - [ 6.6588067626953125e+02, 1.1500465087890625e+03,
       8.0454959869384766e+00, 7.2204345703125000e+01,
       2.3464964702725410e-02, 8192257, -1 ]
   - [ 6.6675775146484375e+02, 1.1518790283203125e+03,
       4.8708705902099609e+00, 7.2096252441406250e+01,
       2.4361643940210342e-02, 5308928, -1 ]
   - [ 6.7116900634765625e+02, 9.7602624511718750e+02,
       4.2022066116333008e+00, 2.6229400634765625e+02,
       4.4326327741146088e-02, 11337984, -1 ]
   - [ 6.7528771972656250e+02, 1.2959219970703125e+03,
       1.5275509834289551e+01, 2.7665866088867188e+02,
       4.5628145337104797e-02, 4456706, -1 ]
   - [ 6.7624389648437500e+02, 1.3069534912109375e+03,
       3.9403672218322754e+00, 2.7592309570312500e+02,
       3.8841571658849716e-02, 6684928, -1 ]
   - [ 6.8017071533203125e+02, 9.7504925537109375e+02,
       4.2986330986022949e+00, 2.6302462768554688e+02,
       4.3678849935531616e-02, 12976384, -1 ]
   - [ 6.9131750488281250e+02, 9.7315277099609375e+02,
       4.2795176506042480e+00, 2.5929611206054688e+02,
       4.5355759561061859e-02, 12648704, -1 ]
   - [ 6.9289154052734375e+02, 1.1459376220703125e+03,
       5.0369544029235840e+00, 8.3731811523437500e+01,
       2.2212767973542213e-02, 7733760, -1 ]
   - [ 6.9897027587890625e+02, 9.7202825927734375e+02,
       4.1971616744995117e+00, 2.6036679077148438e+02,
       4.4483978301286697e-02, 11272448, -1 ]
   - [ 6.9920562744140625e+02, 1.3069385986328125e+03,
       3.8704822063446045e+00, 2.6400143432617188e+02,
       3.3362705260515213e-02, 5374208, -1 ]
   - [ 7.0461370849609375e+02, 1.1501822509765625e+03,
       5.0253496170043945e+00, 9.1414459228515625e+01,
       2.4403739720582962e-02, 7602688, -1 ]
   - [ 7.0989013671875000e+02, 1.2327092285156250e+03,
       1.2065801239013672e+02, 2.6226403808593750e+02,
       8.8636592030525208e-02, 3539205, -1 ]
   - [ 7.1422839355468750e+02, 1.1439320068359375e+03,
       7.3958430290222168e+00, 8.6609222412109375e+01,
       2.3452529683709145e-02, 2097409, -1 ]
   - [ 7.2572930908203125e+02, 1.1454560546875000e+03,
       2.4498202800750732e+00, 8.6729003906250000e+01,
       2.7197828516364098e-02, 5767935, -1 ]
   - [ 7.2955438232421875e+02, 1.3029512939453125e+03,
       3.6906330585479736e+00, 2.6028668212890625e+02,
       3.7024378776550293e-02, 1966336, -1 ]
   - [ 7.4341662597656250e+02, 1.1499444580078125e+03,
       5.2078204154968262e+00, 9.4532653808593750e+01,
       2.3348692804574966e-02, 10158592, -1 ]
   - [ 7.5228851318359375e+02, 8.1275476074218750e+02,
       2.4962410926818848e+00, 7.0758239746093750e+01,
       2.5682412087917328e-02, 7078655, -1 ]
   - [ 7.5328973388671875e+02, 9.6007580566406250e+02,
       4.2018976211547852e+00, 2.5631347656250000e+02,
       4.8520736396312714e-02, 11337984, -1 ]
   - [ 7.6172302246093750e+02, 1.2962576904296875e+03,
       8.3004407882690430e+00, 2.5337544250488281e+02,
       3.6528877913951874e-02, 10420481, -1 ]
   - [ 7.6324963378906250e+02, 1.2930097656250000e+03,
       3.7011113166809082e+00, 2.5631011962890625e+02,
       3.8031637668609619e-02, 2162944, -1 ]
   - [ 7.7758099365234375e+02, 8.8231982421875000e+02,
       1.2295533752441406e+02, 2.5671636962890625e+02,
       1.1957596242427826e-01, 4849925, -1 ]
   - [ 7.7787799072265625e+02, 1.2056988525390625e+03,
       5.9197573661804199e+00, 8.0724578857421875e+01,
       1.4775406569242477e-02, 2687744, -1 ]
   - [ 8.2964074707031250e+02, 1.2628443603515625e+03,
       5.9123773574829102e+00, 2.4991793823242188e+02,
       3.8605954498052597e-02, 2622208, -1 ]
   - [ 8.3385101318359375e+02, 1.1620394287109375e+03,
       4.7419404983520508e+00, 9.9300415039062500e+01,
       2.4898409843444824e-02, 3408384, -1 ]
   - [ 8.3703363037109375e+02, 1.6479588623046875e+03,
       2.0624458789825439e+00, 8.6083129882812500e+01,
       1.0926775634288788e-01, 10027519, -1 ]
   - [ 8.3703363037109375e+02, 1.6479588623046875e+03,
       2.0624458789825439e+00, 2.6260083007812500e+02,
       1.0926775634288788e-01, 10027519, -1 ]
   - [ 8.3891772460937500e+02, 1.2609042968750000e+03,
       4.0146136283874512e+00, 2.5114572143554688e+02,
       3.8367845118045807e-02, 8061184, -1 ]
   - [ 8.3903924560546875e+02, 1.1673051757812500e+03,
       4.1863436698913574e+00, 1.0309463500976562e+02,
       2.5269193574786186e-02, 11075840, -1 ]
   - [ 8.5004821777343750e+02, 7.9256805419921875e+02,
       6.0171542167663574e+00, 8.9944091796875000e+01,
       4.2904712259769440e-02, 3867392, -1 ]
   - [ 8.8096618652343750e+02, 1.2531275634765625e+03,
       4.2254943847656250e+00, 2.6240240478515625e+02,
       4.0045734494924545e-02, 11731200, -1 ]
   - [ 8.8717065429687500e+02, 1.2457929687500000e+03,
       7.5489764213562012e+00, 2.6005322265625000e+02,
       3.4350391477346420e-02, 3604737, -1 ]
   - [ 8.8730712890625000e+02, 1.1690429687500000e+03,
       4.8978304862976074e+00, 9.1681030273437500e+01,
       2.3835560306906700e-02, 5702144, -1 ]
