%YAML:1.0
---
maskKeypoints:
   - [ 2.8459888458251953e+01, 3.2463281250000000e+02,
       2.1692504882812500e+01, 6.1152343750000000e+01,
       8.9728936553001404e-02, 13107714, -1 ]
   - [ 2.8459888458251953e+01, 3.2463281250000000e+02,
       2.1692504882812500e+01, 2.9112524414062500e+02,
       8.9728936553001404e-02, 13107714, -1 ]
   - [ 3.9724884033203125e+01, 3.2379595947265625e+02,
       2.0080258846282959e+00, 1.3951261901855469e+02,
       1.8883740529417992e-02, 8061439, -1 ]
   - [ 3.9973453521728516e+01, 3.4879574584960938e+02,
       3.6675376892089844e+00, 2.7961727905273438e+02,
       3.5427927970886230e-02, 1507584, -1 ]
   - [ 4.5875858306884766e+01, 3.1333477783203125e+02,
       2.7785398960113525e+00, 2.5645397949218750e+02,
       1.4983188360929489e-02, 14877439, -1 ]
   - [ 4.9074535369873047e+01, 3.1739169311523438e+02,
       3.6920011043548584e+00, 2.6159295654296875e+02,
       3.1898330897092819e-02, 1966336, -1 ]
   - [ 5.1187717437744141e+01, 3.2913845825195312e+02,
       5.2194876670837402e+00, 7.8036804199218750e+01,
       3.5260818898677826e-02, 10289664, -1 ]
   - [ 5.5492450714111328e+01, 3.1170730590820312e+02,
       2.6173551082611084e+00, 2.9049932861328125e+02,
       1.5370026230812073e-02, 10552063, -1 ]
   - [ 6.1328826904296875e+01, 2.8926562500000000e+02,
       1.1404140472412109e+01, 7.4209320068359375e+01,
       6.0757871717214584e-02, 769, -1 ]
   - [ 6.5094635009765625e+01, 3.4562414550781250e+02,
       3.1686859130859375e+00, 2.7168698120117188e+02,
       4.3140728026628494e-02, 7668735, -1 ]
   - [ 6.7870223999023438e+01, 3.3861712646484375e+02,
       2.3439490795135498e+00, 2.5827230834960938e+02,
       1.8957341089844704e-02, 2556671, -1 ]
   - [ 6.8149620056152344e+01, 3.4289770507812500e+02,
       2.0727422237396240e+00, 2.6430914306640625e+02,
       2.1620389074087143e-02, 10355199, -1 ]
   - [ 6.9518127441406250e+01, 3.4629925537109375e+02,
       2.1877079010009766e+00, 2.6918899536132812e+02,
       5.1144868135452271e-02, 14287359, -1 ]
   - [ 7.4422279357910156e+01, 3.6606622314453125e+02,
       2.9077474594116211e+01, 2.9333612060546875e+02,
       5.4552908986806870e-02, 852227, -1 ]
   - [ 7.5496498107910156e+01, 2.6091638183593750e+02,
       4.0340237617492676e+00, 9.1576538085937500e+00,
       4.4820595532655716e-02, 8388864, -1 ]
   - [ 7.6065391540527344e+01, 3.6373504638671875e+02,
       2.5584228515625000e+01, 2.9026843261718750e+02,
       5.6127406656742096e-02, 8323842, -1 ]
   - [ 8.2075973510742188e+01, 2.7856353759765625e+02,
       3.2890057563781738e+00, 1.8949540710449219e+02,
       1.3621513731777668e-02, 10355711, -1 ]
   - [ 9.1749259948730469e+01, 3.5471365356445312e+02,
       3.8010671138763428e+00, 3.1331564331054688e+02,
       4.2008418589830399e-02, 4063488, -1 ]
   - [ 9.4679817199707031e+01, 2.4025621032714844e+02,
       3.8608443737030029e+00, 7.6621215820312500e+01,
       4.8887442797422409e-02, 5243136, -1 ]
   - [ 9.7570693969726562e+01, 3.6183444213867188e+02,
       2.2993729114532471e+00, 3.1253262329101562e+02,
       4.0776479989290237e-02, 1180415, -1 ]
   - [ 9.8070419311523438e+01, 3.6731124877929688e+02,
       4.0197806358337402e+00, 3.1842636108398438e+02,
       4.8204835504293442e-02, 8126720, -1 ]
   - [ 9.8070419311523438e+01, 3.6731124877929688e+02,
       4.0197806358337402e+00, 3.5091577148437500e+02,
       4.8204835504293442e-02, 8126720, -1 ]
   - [ 9.8472045898437500e+01, 2.5232693481445312e+02,
       2.4685312271118164e+01, 7.9078308105468750e+01,
       6.4540907740592957e-02, 5702402, -1 ]
   - [ 1.0160041809082031e+02, 3.7158898925781250e+02,
       2.7280342578887939e+00, 5.1625366210937500e+00,
       5.0179075449705124e-02, 13501183, -1 ]
   - [ 1.0160041809082031e+02, 3.7158898925781250e+02,
       2.7280342578887939e+00, 3.4197924804687500e+02,
       5.0179075449705124e-02, 13501183, -1 ]
   - [ 1.0199114990234375e+02, 2.5478684997558594e+02,
       2.9942914962768555e+01, 3.2163543701171875e+01,
       6.2643021345138550e-02, 2949379, -1 ]
   - [ 1.0199114990234375e+02, 2.5478684997558594e+02,
       2.9942914962768555e+01, 8.0631500244140625e+01,
       6.2643021345138550e-02, 2949379, -1 ]
   - [ 1.0286219787597656e+02, 3.1527828979492188e+02,
       3.8055794239044189e+00, 6.1586059570312500e+01,
       2.0167954266071320e-02, 4194560, -1 ]
   - [ 1.0300721740722656e+02, 2.3927038574218750e+02,
       4.0840692520141602e+00, 8.5611053466796875e+01,
       4.6129189431667328e-02, 9306368, -1 ]
   - [ 1.0490651702880859e+02, 3.7369924926757812e+02,
       6.2158288955688477e+00, 3.2724420166015625e+02,
       5.0960153341293335e-02, 6226688, -1 ]
   - [ 1.0495004272460938e+02, 2.4874406433105469e+02,
       3.2265985012054443e+00, 9.5955322265625000e+01,
       1.4800827950239182e-02, 8979455, -1 ]
   - [ 1.0577110290527344e+02, 3.1942709350585938e+02,
       2.3692123889923096e+00, 5.3217285156250000e+01,
       1.7897099256515503e-02, 3343103, -1 ]
   - [ 1.1100742340087891e+02, 3.0331430053710938e+02,
       2.9439036846160889e+00, 1.3894445800781250e+02,
       1.5920491889119148e-02, 2294783, -1 ]
   - [ 1.1282669830322266e+02, 2.4504876708984375e+02,
       3.2982983589172363e+00, 8.9470764160156250e+01,
       1.6436636447906494e-02, 10552319, -1 ]
   - [ 1.1422232055664062e+02, 2.9962625122070312e+02,
       4.3229942321777344e+00, 1.3132270812988281e+02,
       1.7942935228347778e-02, 13369600, -1 ]
   - [ 1.1449639129638672e+02, 3.7781152343750000e+02,
       1.1655832290649414e+01, 2.8883972167968750e+02,
       5.2371703088283539e-02, 1573633, -1 ]
   - [ 1.1744113922119141e+02, 2.5089035034179688e+02,
       5.6769580841064453e+00, 2.6081921386718750e+02,
       2.0515909418463707e-02, 16384512, -1 ]
   - [ 1.1844205474853516e+02, 3.6183111572265625e+02,
       2.3441779613494873e+00, 2.6146438598632812e+02,
       1.7586482688784599e-02, 2556671, -1 ]
   - [ 1.1896843719482422e+02, 2.5882446289062500e+02,
       6.1603031158447266e+00, 2.5802743530273438e+02,
       1.4215800911188126e-02, 5571328, -1 ]
   - [ 1.1940999603271484e+02, 3.6463021850585938e+02,
       2.0387008190155029e+00, 2.6179620361328125e+02,
       2.3916784673929214e-02, 9175551, -1 ]
   - [ 1.1989659881591797e+02, 2.4854908752441406e+02,
       2.1144456863403320e+00, 9.8825775146484375e+01,
       1.4035240747034550e-02, 11796991, -1 ]
   - [ 1.2098196411132812e+02, 3.0897201538085938e+02,
       9.6720909118652344e+01, 7.4137084960937500e+01,
       7.8813791275024414e-02, 4260612, -1 ]
   - [ 1.2098196411132812e+02, 3.0897201538085938e+02,
       9.6720909118652344e+01, 3.0207846069335938e+02,
       7.8813791275024414e-02, 4260612, -1 ]
   - [ 1.2474501800537109e+02, 3.6141934204101562e+02,
       2.5403614044189453e+00, 2.6610046386718750e+02,
       1.3449683785438538e-02, 8389375, -1 ]
   - [ 1.2543760681152344e+02, 3.1169940185546875e+02,
       2.4933927059173584e+00, 9.9894165039062500e+01,
       1.4333425089716911e-02, 7013119, -1 ]
   - [ 1.2543760681152344e+02, 3.1169940185546875e+02,
       2.4933927059173584e+00, 2.2617436218261719e+02,
       1.4333425089716911e-02, 7013119, -1 ]
   - [ 1.2615835571289062e+02, 3.5615045166015625e+02,
       8.5782384872436523e+00, 2.6629327392578125e+02,
       1.4654822647571564e-02, 12845313, -1 ]
   - [ 1.2629956817626953e+02, 2.4609185791015625e+02,
       2.4029085636138916e+00, 9.8047332763671875e+01,
       2.4782970547676086e-02, 4326143, -1 ]
   - [ 1.3000534057617188e+02, 3.0563412475585938e+02,
       2.1691796779632568e+00, 5.9273986816406250e+00,
       1.4099990949034691e-02, 13631999, -1 ]
   - [ 1.3146298217773438e+02, 2.4612414550781250e+02,
       2.8372466564178467e+00, 8.9231994628906250e+01,
       2.3633906617760658e-02, 16384767, -1 ]
   - [ 1.3278878784179688e+02, 3.1824420166015625e+02,
       8.8327560424804688e+00, 9.4323669433593750e+01,
       2.1727025508880615e-02, 14942465, -1 ]
