%YAML:1.0
---
maskKeypoints:
   - [ 3.9299560546875000e+02, 4.2115905761718750e+02,
       3.8844718933105469e+00, 2.8912277221679688e+02,
       3.4184295684099197e-02, 5636352, -1 ]
   - [ 3.9624798583984375e+02, 4.0174401855468750e+02,
       2.4827854156494141e+01, 6.4038024902343750e+01,
       8.8974282145500183e-02, 6161154, -1 ]
   - [ 3.9624798583984375e+02, 4.0174401855468750e+02,
       2.4827854156494141e+01, 2.9778552246093750e+02,
       8.8974282145500183e-02, 6161154, -1 ]
   - [ 3.9777679443359375e+02, 4.0145202636718750e+02,
       2.4915616512298584e+00, 1.1187655639648438e+02,
       1.7618948593735695e-02, 6947583, -1 ]
   - [ 4.0297143554687500e+02, 3.9333004760742188e+02,
       2.4933812618255615e+00, 2.6758755493164062e+02,
       1.5341401100158691e-02, 7013119, -1 ]
   - [ 4.0339151000976562e+02, 4.1350097656250000e+02,
       3.3487365245819092e+00, 2.6695379638671875e+02,
       1.8074758350849152e-02, 11666431, -1 ]
   - [ 4.0502124023437500e+02, 4.0611230468750000e+02,
       4.1099939346313477e+00, 8.1998840332031250e+01,
       2.1846503019332886e-02, 9765120, -1 ]
   - [ 4.0526147460937500e+02, 3.9660900878906250e+02,
       2.5839285850524902e+00, 2.7033645629882812e+02,
       2.2749112918972969e-02, 9569023, -1 ]
   - [ 4.1079406738281250e+02, 3.9282324218750000e+02,
       2.1415584087371826e+00, 2.9813467407226562e+02,
       1.4936725609004498e-02, 12714495, -1 ]
   - [ 4.1257431030273438e+02, 4.2055111694335938e+02,
       3.3180196285247803e+00, 2.8022769165039062e+02,
       4.4837936758995056e-02, 10945535, -1 ]
   - [ 4.1529818725585938e+02, 4.2142095947265625e+02,
       1.9883186817169189e+00, 2.6925607299804688e+02,
       4.8185005784034729e-02, 7340543, -1 ]
   - [ 4.1565469360351562e+02, 3.7146575927734375e+02,
       1.6125467300415039e+01, 7.3092620849609375e+01,
       5.6304827332496643e-02, 8323330, -1 ]
   - [ 4.1797906494140625e+02, 3.7552716064453125e+02,
       1.0342873573303223e+01, 7.8404296875000000e+01,
       5.8853015303611755e-02, 9634305, -1 ]
   - [ 4.1820358276367188e+02, 4.3568807983398438e+02,
       1.9978307723999023e+01, 3.0025375366210938e+02,
       5.7026263326406479e-02, 7143938, -1 ]
   - [ 4.2034591674804688e+02, 3.8297070312500000e+02,
       1.8306902647018433e+00, 8.9020660400390625e+01,
       3.7127513438463211e-02, 1376767, -1 ]
   - [ 4.2174905395507812e+02, 3.8010812377929688e+02,
       2.6930329799652100e+00, 2.6226745605468750e+01,
       6.0714811086654663e-02, 12583679, -1 ]
   - [ 4.2174905395507812e+02, 3.8010812377929688e+02,
       2.6930329799652100e+00, 8.4711364746093750e+01,
       6.0714811086654663e-02, 12583679, -1 ]
   - [ 4.3191860961914062e+02, 4.4060211181640625e+02,
       4.8987746238708496e+00, 3.5128692626953125e+02,
       4.1063446551561356e-02, 5702144, -1 ]
   - [ 4.3484432983398438e+02, 4.2810598754882812e+02,
       2.1891236305236816e+00, 3.2647399902343750e+02,
       1.4603925868868828e-02, 14287359, -1 ]
   - [ 4.3590057373046875e+02, 4.3799978637695312e+02,
       2.6846566200256348e+00, 3.3593447875976562e+02,
       3.1297832727432251e-02, 12387071, -1 ]
   - [ 4.3834390258789062e+02, 3.6466613769531250e+02,
       3.3556640148162842e+00, 3.4872979736328125e+02,
       1.6194213181734085e-02, 11797503, -1 ]
   - [ 4.4034658813476562e+02, 4.4945602416992188e+02,
       7.7259421348571777e+00, 3.1835855102539062e+02,
       5.1875922828912735e-02, 5243137, -1 ]
   - [ 4.4042013549804688e+02, 3.4797518920898438e+02,
       4.1856689453125000e+00, 1.8888427734375000e+01,
       4.2928744107484818e-02, 11075840, -1 ]
   - [ 4.4381729125976562e+02, 3.8015713500976562e+02,
       9.6350145339965820e+00, 1.0830010986328125e+02,
       1.4179677702486515e-02, 4522497, -1 ]
   - [ 4.4555853271484375e+02, 4.5827844238281250e+02,
       2.3611779212951660e+00, 3.0439071655273438e+02,
       3.5631131380796432e-02, 3080959, -1 ]
   - [ 4.4612930297851562e+02, 3.9909448242187500e+02,
       2.6850898265838623e+00, 6.5275329589843750e+01,
       2.2781914100050926e-02, 12387071, -1 ]
   - [ 4.4612930297851562e+02, 3.9909448242187500e+02,
       2.6850898265838623e+00, 2.0078572082519531e+02,
       2.2781914100050926e-02, 12387071, -1 ]
   - [ 4.4950082397460938e+02, 4.5555178833007812e+02,
       1.8524111509323120e+00, 2.7654083251953125e+02,
       1.4663215726613998e-02, 2228735, -1 ]
   - [ 4.4969140625000000e+02, 4.3921920776367188e+02,
       2.3955667018890381e+00, 2.7049133300781250e+02,
       1.7585271969437599e-02, 4129535, -1 ]
   - [ 4.5044525146484375e+02, 4.3548348999023438e+02,
       3.2147214412689209e+00, 2.7452264404296875e+02,
       1.3478210195899010e-02, 8717311, -1 ]
   - [ 4.5269226074218750e+02, 4.5309646606445312e+02,
       3.0074894428253174e+00, 2.7346490478515625e+02,
       2.2505361586809158e-02, 3867647, -1 ]
   - [ 4.5593927001953125e+02, 3.4440005493164062e+02,
       1.9813409805297852e+01, 3.2240875244140625e+01,
       6.3230514526367188e-02, 6554114, -1 ]
   - [ 4.5593927001953125e+02, 3.4440005493164062e+02,
       1.9813409805297852e+01, 8.5538146972656250e+01,
       6.3230514526367188e-02, 6554114, -1 ]
   - [ 4.5605773925781250e+02, 4.5584579467773438e+02,
       1.8541364669799805e+00, 2.7188589477539062e+02,
       1.3367094099521637e-02, 2294271, -1 ]
   - [ 4.5896661376953125e+02, 3.8643743896484375e+02,
       6.2477531433105469e+00, 1.2911817932128906e+02,
       2.1533880382776260e-02, 6619904, -1 ]
   - [ 4.5896661376953125e+02, 3.8643743896484375e+02,
       6.2477531433105469e+00, 2.8703759765625000e+02,
       2.1533880382776260e-02, 6619904, -1 ]
   - [ 4.6013946533203125e+02, 4.5405279541015625e+02,
       3.7487087249755859e+00, 2.6828414916992188e+02,
       1.5991114079952240e-02, 3080448, -1 ]
   - [ 4.6030337524414062e+02, 3.4222698974609375e+02,
       3.4626610279083252e+00, 1.0410804748535156e+02,
       1.4751383103430271e-02, 14091263, -1 ]
   - [ 4.6422167968750000e+02, 3.5137661743164062e+02,
       3.2679748535156250e+01, 4.7055816650390625e+01,
       6.1161350458860397e-02, 9306371, -1 ]
   - [ 4.6422167968750000e+02, 3.5137661743164062e+02,
       3.2679748535156250e+01, 9.2170227050781250e+01,
       6.1161350458860397e-02, 9306371, -1 ]
   - [ 4.6507736206054688e+02, 4.6445941162109375e+02,
       1.9999029636383057e+00, 2.7970153808593750e+02,
       2.8852630406618118e-02, 7799295, -1 ]
   - [ 4.6525979614257812e+02, 3.9766543579101562e+02,
       2.7550704479217529e+00, 1.1112573242187500e+02,
       1.5171403065323830e-02, 14222079, -1 ]
   - [ 4.6525979614257812e+02, 3.9766543579101562e+02,
       2.7550704479217529e+00, 1.7241941833496094e+02,
       1.5171403065323830e-02, 14222079, -1 ]
   - [ 4.6525979614257812e+02, 3.9766543579101562e+02,
       2.7550704479217529e+00, 2.1360551452636719e+02,
       1.5171403065323830e-02, 14222079, -1 ]
   - [ 4.6544787597656250e+02, 3.9665005493164062e+02,
       8.3410461425781250e+01, 8.8570831298828125e+01,
       8.3723500370979309e-02, 10224132, -1 ]
   - [ 4.6544787597656250e+02, 3.9665005493164062e+02,
       8.3410461425781250e+01, 3.1367446899414062e+02,
       8.3723500370979309e-02, 10224132, -1 ]
   - [ 4.6575155639648438e+02, 3.8913925170898438e+02,
       9.2188253402709961e+00, 1.4064135742187500e+02,
       1.9549835473299026e-02, 1311233, -1 ]
   - [ 4.6688305664062500e+02, 4.4678323364257812e+02,
       3.2004132270812988e+00, 8.6448730468750000e+01,
       1.3930352404713631e-02, 8389631, -1 ]
   - [ 4.6728503417968750e+02, 4.1005715942382812e+02,
       4.0391626358032227e+00, 9.9566741943359375e+01,
       1.4540563337504864e-02, 8519936, -1 ]
   - [ 4.6887768554687500e+02, 4.0338381958007812e+02,
       6.5483450889587402e+00, 9.8602264404296875e+01,
       2.4275328963994980e-02, 10027776, -1 ]
   - [ 4.6948660278320312e+02, 3.5001580810546875e+02,
       4.9546303749084473e+00, 2.5980633544921875e+02,
       1.3808963820338249e-02, 6554112, -1 ]
