%YAML:1.0
---
maskKeypoints:
   - [ 1.0007531166076660e+01, 1.5324230957031250e+02,
       4.1790499687194824e+00, 2.3046667480468750e+02,
       5.8001566678285599e-02, 10944768, -1 ]
   - [ 2.1009630203247070e+01, 1.3988926696777344e+02,
       2.1961929798126221e+00, 2.3152789306640625e+02,
       5.4610952734947205e-02, 14549503, -1 ]
   - [ 3.8409095764160156e+01, 1.2449135589599609e+02,
       3.4048004150390625e+00, 2.2984048461914062e+02,
       5.3722243756055832e-02, 12846079, -1 ]
   - [ 4.8732032775878906e+01, 7.2714462280273438e+01,
       4.7218265533447266e+00, 5.0909851074218750e+01,
       5.6852430105209351e-02, 3080704, -1 ]
   - [ 5.6910205841064453e+01, 6.6010261535644531e+01,
       4.1360735893249512e+00, 5.0371520996093750e+01,
       5.2832812070846558e-02, 10223872, -1 ]
   - [ 6.3976520538330078e+01, 6.2525581359863281e+01,
       2.0084698200225830e+00, 5.3591217041015625e+01,
       6.9430641829967499e-02, 8061439, -1 ]
   - [ 9.1361488342285156e+01, 8.7051391601562500e+01,
       4.3509588241577148e+00, 2.3121316528320312e+02,
       5.7181868702173233e-02, 13893888, -1 ]
   - [ 1.0368267822265625e+02, 2.9902683258056641e+01,
       4.1810693740844727e+00, 4.9783935546875000e+01,
       5.5872444063425064e-02, 11010304, -1 ]
   - [ 1.2448806762695312e+02, 5.4722263336181641e+01,
       3.4052414894104004e+00, 2.2917146301269531e+02,
       5.4762799292802811e-02, 12846079, -1 ]
   - [ 1.2528205871582031e+02, 1.2698966979980469e+01,
       4.0996961593627930e+00, 5.0597503662109375e+01,
       5.5576439946889877e-02, 9568512, -1 ]
   - [ 1.4189535522460938e+02, 6.3273897171020508e+00,
       4.3828349113464355e+00, 5.0501159667968750e+01,
       4.5742511749267578e-02, 14418176, -1 ]
   - [ 1.6183300781250000e+02, 2.4507072448730469e+01,
       2.8465874195098877e+00, 2.3141954040527344e+02,
       5.3156517446041107e-02, 16581375, -1 ]
   - [ 1.8489645385742188e+02, 1.0313595771789551e+01,
       4.0786528587341309e+00, 2.3010760498046875e+02,
       5.7995572686195374e-02, 9175296, -1 ]
   - [ 2.6210403442382812e+02, 4.2298495483398438e+02,
       1.2258796691894531e+01, 7.2457519531250000e+01,
       9.7345255315303802e-02, 5243649, -1 ]
   - [ 2.6626333618164062e+02, 4.2629321289062500e+02,
       1.9710390567779541e+00, 2.5520091247558594e+02,
       1.6420366242527962e-02, 6750719, -1 ]
   - [ 2.6977615356445312e+02, 4.4205108642578125e+02,
       1.1313164710998535e+01, 2.9424337768554688e+02,
       5.5474042892456055e-02, 16122369, -1 ]
   - [ 2.7152233886718750e+02, 4.1510021972656250e+02,
       3.4818768501281738e+00, 8.0011108398437500e+01,
       5.9826340526342392e-02, 14484479, -1 ]
   - [ 2.7186618041992188e+02, 4.1920773315429688e+02,
       2.5995814800262451e+00, 9.1524688720703125e+01,
       4.0496144443750381e-02, 10027775, -1 ]
   - [ 2.7186618041992188e+02, 4.1920773315429688e+02,
       2.5995814800262451e+00, 2.5023944091796875e+02,
       4.0496144443750381e-02, 10027775, -1 ]
   - [ 2.7287063598632812e+02, 4.3377951049804688e+02,
       1.9633830785751343e+00, 2.9756799316406250e+02,
       3.6092925816774368e-02, 6423039, -1 ]
   - [ 2.7863171386718750e+02, 4.7051843261718750e+02,
       2.6546530723571777e+00, 8.3148193359375000e-01,
       9.2241361737251282e-02, 11535103, -1 ]
   - [ 2.7863171386718750e+02, 4.7051843261718750e+02,
       2.6546530723571777e+00, 8.9197723388671875e+01,
       9.2241361737251282e-02, 11535103, -1 ]
   - [ 2.7883743286132812e+02, 4.5275216674804688e+02,
       4.9039182662963867e+00, 9.2958984375000000e+00,
       6.5635211765766144e-02, 5833216, -1 ]
   - [ 2.7883743286132812e+02, 4.5275216674804688e+02,
       4.9039182662963867e+00, 3.4471725463867188e+02,
       6.5635211765766144e-02, 5833216, -1 ]
   - [ 2.7957479858398438e+02, 4.7783947753906250e+02,
       2.1856343746185303e+00, 3.3245391845703125e+02,
       5.0112757831811905e-02, 14221823, -1 ]
   - [ 2.8117593383789062e+02, 4.1785498046875000e+02,
       3.0370821952819824e+00, 8.0245849609375000e+01,
       2.9585557058453560e-02, 4588543, -1 ]
   - [ 2.8256680297851562e+02, 4.5712271118164062e+02,
       1.9263032674789429e+00, 2.7457775878906250e+02,
       1.4790644869208336e-02, 5046783, -1 ]
   - [ 2.8452526855468750e+02, 4.7682946777343750e+02,
       1.0062955856323242e+01, 3.3618286132812500e+02,
       9.2268966138362885e-02, 7668225, -1 ]
   - [ 2.8483065795898438e+02, 4.4698544311523438e+02,
       2.3530900478363037e+00, 1.0044171142578125e+02,
       1.4516551978886127e-02, 2818815, -1 ]
   - [ 2.8717858886718750e+02, 4.7938546752929688e+02,
       1.2344100952148438e+01, 3.3115310668945312e+02,
       8.9860543608665466e-02, 5702401, -1 ]
   - [ 2.8739648437500000e+02, 4.5536761474609375e+02,
       2.2260398864746094e+00, 2.7912484741210938e+02,
       2.9869753867387772e-02, 15532543, -1 ]
   - [ 2.8912576293945312e+02, 4.6153363037109375e+02,
       1.9332412481307983e+00, 2.8052795410156250e+02,
       3.7812862545251846e-02, 5308927, -1 ]
   - [ 2.8920352172851562e+02, 4.5821258544921875e+02,
       1.8279074430465698e+00, 2.8104656982421875e+02,
       1.7179412767291069e-02, 1245695, -1 ]
   - [ 2.8945608520507812e+02, 4.7271112060546875e+02,
       2.8092334270477295e+00, 1.0960227966308594e+02,
       4.6602975577116013e-02, 15663871, -1 ]
   - [ 2.9017584228515625e+02, 4.0918893432617188e+02,
       2.6280238628387451e+00, 3.9166290283203125e+01,
       4.1920255869626999e-02, 10814207, -1 ]
   - [ 2.9289080810546875e+02, 4.0791357421875000e+02,
       4.7603793144226074e+00, 3.9382598876953125e+01,
       4.3032709509134293e-02, 3670528, -1 ]
   - [ 3.0014749145507812e+02, 4.9055593872070312e+02,
       2.0384736061096191e+00, 1.0548461914062500e+01,
       1.6191693022847176e-02, 9175551, -1 ]
   - [ 3.0014749145507812e+02, 4.9055593872070312e+02,
       2.0384736061096191e+00, 1.5852308654785156e+02,
       1.6191693022847176e-02, 9175551, -1 ]
   - [ 3.0256018066406250e+02, 4.6978207397460938e+02,
       1.0160327911376953e+01, 1.0471881103515625e+02,
       8.7885022163391113e-02, 8389121, -1 ]
   - [ 3.0734423828125000e+02, 4.3790350341796875e+02,
       2.0942885875701904e+00, 2.6863925170898438e+02,
       1.6768036410212517e-02, 11141631, -1 ]
   - [ 3.0749792480468750e+02, 3.9024761962890625e+02,
       5.0656628608703613e+00, 3.0250192260742188e+02,
       1.3820851221680641e-02, 8126976, -1 ]
   - [ 3.0880380249023438e+02, 4.1562310791015625e+02,
       2.9320733547210693e+00, 8.1632629394531250e+01,
       1.6635088250041008e-02, 2032639, -1 ]
   - [ 3.1068270874023438e+02, 3.5431338500976562e+02,
       4.1438331604003906e+00, 7.1711151123046875e+01,
       4.9750693142414093e-02, 10354944, -1 ]
   - [ 3.1389300537109375e+02, 4.5022402954101562e+02,
       3.5018203258514404e+00, 1.1123185729980469e+02,
       2.4556908756494522e-02, 14877695, -1 ]
   - [ 3.1509808349609375e+02, 4.7986428833007812e+02,
       3.1393318176269531e+00, 1.0959527587890625e+02,
       2.5560220703482628e-02, 6947839, -1 ]
   - [ 3.1597131347656250e+02, 4.4523809814453125e+02,
       1.0481691360473633e+01, 2.7293664550781250e+02,
       3.2469850033521652e-02, 10617345, -1 ]
   - [ 3.1619012451171875e+02, 4.7918832397460938e+02,
       4.7290558815002441e+00, 1.0936968994140625e+02,
       2.4836178869009018e-02, 3211776, -1 ]
   - [ 3.1671679687500000e+02, 3.9670358276367188e+02,
       2.9695546627044678e+00, 2.8864477539062500e+02,
       1.4663874171674252e-02, 2950143, -1 ]
   - [ 3.1784463500976562e+02, 4.5763793945312500e+02,
       3.3222897052764893e+00, 9.1649414062500000e+01,
       3.1554706394672394e-02, 11076607, -1 ]
   - [ 3.1813995361328125e+02, 4.4600784301757812e+02,
       3.5988044738769531e+00, 3.3646215820312500e+02,
       3.4878153353929520e-02, 131328, -1 ]
   - [ 3.1833306884765625e+02, 4.4605178833007812e+02,
       3.4274220466613770e+00, 3.3419107055664062e+02,
       3.5385135561227798e-02, 13304831, -1 ]
