%YAML:1.0
---
maskKeypoints:
   - [ 2.1420805358886719e+02, 1.3108220214843750e+03,
       3.9597337245941162e+00, 2.6357238769531250e+02,
       4.0708404034376144e-02, 7078144, -1 ]
   - [ 2.1985145568847656e+02, 1.3044959716796875e+03,
       6.1067261695861816e+00, 9.3761566162109375e+01,
       9.3883916735649109e-02, 4981504, -1 ]
   - [ 2.1985145568847656e+02, 1.3044959716796875e+03,
       6.1067261695861816e+00, 2.5599243164062500e+02,
       9.3883916735649109e-02, 4981504, -1 ]
   - [ 4.8490234375000000e+02, 7.0146423339843750e+02,
       2.6002552509307861e+00, 2.8761566162109375e+01,
       4.4308342039585114e-02, 10027775, -1 ]
   - [ 4.9421157836914062e+02, 6.9342749023437500e+02,
       5.4605059623718262e+00, 4.3927215576171875e+01,
       4.5350968837738037e-02, 13566464, -1 ]
   - [ 5.0621319580078125e+02, 7.2371447753906250e+02,
       3.1739995479583740e+00, 2.8997613525390625e+02,
       1.6571031883358955e-02, 7734271, -1 ]
   - [ 5.1166226196289062e+02, 6.8280200195312500e+02,
       6.7906465530395508e+00, 6.6472351074218750e+01,
       4.6778731048107147e-02, 12649216, -1 ]
   - [ 5.1555926513671875e+02, 7.1236883544921875e+02,
       4.5272994995117188e+01, 6.8598876953125000e+01,
       8.9536428451538086e-02, 16187907, -1 ]
   - [ 5.1555926513671875e+02, 7.1236883544921875e+02,
       4.5272994995117188e+01, 2.9901287841796875e+02,
       8.9536428451538086e-02, 16187907, -1 ]
   - [ 5.2292938232421875e+02, 7.4919848632812500e+02,
       3.7343316078186035e+00, 2.8705700683593750e+02,
       3.8081664592027664e-02, 2818304, -1 ]
   - [ 5.2301922607421875e+02, 7.4946289062500000e+02,
       3.4375977516174316e+00, 2.8628982543945312e+02,
       3.8901243358850479e-02, 13566975, -1 ]
   - [ 5.2938354492187500e+02, 6.7133972167968750e+02,
       4.1003327369689941e+00, 7.9626403808593750e+01,
       4.2624130845069885e-02, 9568512, -1 ]
   - [ 5.3020520019531250e+02, 6.9918652343750000e+02,
       5.2455444335937500e+00, 2.4053538513183594e+02,
       1.8708841875195503e-02, 10682880, -1 ]
   - [ 5.3136279296875000e+02, 7.5072949218750000e+02,
       4.6012382507324219e+00, 2.8320373535156250e+02,
       3.3574569970369339e-02, 1180160, -1 ]
   - [ 5.4113470458984375e+02, 7.2206225585937500e+02,
       9.6058912277221680e+00, 9.0154174804687500e+01,
       1.8163928762078285e-02, 4325889, -1 ]
   - [ 5.4877807617187500e+02, 6.9974536132812500e+02,
       3.9918363094329834e+00, 2.7446704101562500e+02,
       1.7116075381636620e-02, 7667968, -1 ]
   - [ 5.5434222412109375e+02, 7.5651440429687500e+02,
       1.9506387710571289e+00, 2.8594085693359375e+02,
       4.2687673121690750e-02, 5964287, -1 ]
   - [ 5.5974273681640625e+02, 6.9282727050781250e+02,
       4.6873583793640137e+00, 3.0348983764648438e+02,
       1.4314325526356697e-02, 2556416, -1 ]
   - [ 5.6021875000000000e+02, 7.4071289062500000e+02,
       2.5651948451995850e+00, 9.7344451904296875e+01,
       1.8655326217412949e-02, 9044735, -1 ]
   - [ 5.6021875000000000e+02, 7.4071289062500000e+02,
       2.5651948451995850e+00, 2.6988049316406250e+02,
       1.8655326217412949e-02, 9044735, -1 ]
   - [ 5.6070245361328125e+02, 7.8457733154296875e+02,
       4.0766506195068359e+01, 2.9877413940429688e+02,
       5.8717247098684311e-02, 8585731, -1 ]
   - [ 5.7279284667968750e+02, 6.5858074951171875e+02,
       2.0493890762329102e+01, 8.2275909423828125e+01,
       6.0687731951475143e-02, 8978946, -1 ]
   - [ 5.8016796875000000e+02, 6.7243658447265625e+02,
       2.8474781513214111e+00, 6.8482666015625000e+01,
       3.6310780793428421e-02, 16646911, -1 ]
   - [ 5.8735797119140625e+02, 7.7589392089843750e+02,
       4.5938100814819336e+00, 3.3387594604492188e+02,
       3.5549204796552658e-02, 1114624, -1 ]
   - [ 5.9039978027343750e+02, 7.8674597167968750e+02,
       3.3581359386444092e+00, 3.3263293457031250e+02,
       3.5047546029090881e-02, 11863039, -1 ]
   - [ 5.9076837158203125e+02, 8.0154595947265625e+02,
       5.4392776489257812e+00, 9.0290832519531250e+00,
       3.9097528904676437e-02, 13304320, -1 ]
   - [ 5.9219470214843750e+02, 6.5982220458984375e+02,
       7.9173746109008789e+00, 2.7192535400390625e+01,
       3.7899684160947800e-02, 7012609, -1 ]
   - [ 6.0044921875000000e+02, 7.7509423828125000e+02,
       2.1735809326171875e+01, 3.2639773559570312e+02,
       2.9341114684939384e-02, 13238786, -1 ]
   - [ 6.0071545410156250e+02, 6.3666949462890625e+02,
       7.8470697402954102e+00, 2.4108337402343750e+01,
       4.3715354055166245e-02, 6357249, -1 ]
   - [ 6.0261859130859375e+02, 8.3348712158203125e+02,
       3.0522594451904297e+00, 3.1246127319335938e+02,
       3.1862914562225342e-02, 4916223, -1 ]
   - [ 6.0896508789062500e+02, 6.0402545166015625e+02,
       5.7608809471130371e+00, 2.4193969726562500e+01,
       3.8054771721363068e-02, 721664, -1 ]
   - [ 6.0973150634765625e+02, 8.2381011962890625e+02,
       2.1017843246459961e+01, 2.9772924804687500e+02,
       5.6349202990531921e-02, 10813954, -1 ]
   - [ 6.0973150634765625e+02, 8.2381011962890625e+02,
       2.1017843246459961e+01, 3.4136911010742188e+02,
       5.6349202990531921e-02, 10813954, -1 ]
   - [ 6.1819555664062500e+02, 8.4140081787109375e+02,
       2.0933091640472412e+00, 2.7805236816406250e+02,
       4.0371488779783249e-02, 11076095, -1 ]
   - [ 6.2410290527343750e+02, 8.0201623535156250e+02,
       1.1408760070800781e+01, 2.7996505737304688e+02,
       1.9321639090776443e-02, 66305, -1 ]
   - [ 6.2564050292968750e+02, 8.4237542724609375e+02,
       2.1860034465789795e+00, 2.7637579345703125e+02,
       2.9833374544978142e-02, 14221823, -1 ]
   - [ 6.2867456054687500e+02, 8.2988562011718750e+02,
       6.5371890068054199e+00, 2.7860473632812500e+02,
       2.2594381123781204e-02, 9896704, -1 ]
   - [ 6.3054370117187500e+02, 8.5272113037109375e+02,
       1.6319442749023438e+01, 2.8357302856445312e+02,
       3.5087868571281433e-02, 9240834, -1 ]
   - [ 6.3116131591796875e+02, 7.1030908203125000e+02,
       6.8068270683288574e+00, 7.9200103759765625e+01,
       1.7244726419448853e-02, 12845824, -1 ]
   - [ 6.3331719970703125e+02, 7.9888311767578125e+02,
       2.1620168685913086e+00, 2.7448138427734375e+02,
       1.7651390284299850e-02, 13435391, -1 ]
   - [ 6.3394720458984375e+02, 7.1896887207031250e+02,
       6.0903205871582031e+00, 7.8477050781250000e+01,
       1.4161547645926476e-02, 4784896, -1 ]
   - [ 6.4778533935546875e+02, 5.8654846191406250e+02,
       6.4684839248657227e+00, 2.8667617797851562e+02,
       1.7634132876992226e-02, 9110272, -1 ]
   - [ 6.4827276611328125e+02, 8.2511706542968750e+02,
       1.9195464849472046e+00, 2.6941113281250000e+02,
       2.7719816192984581e-02, 4784639, -1 ]
   - [ 6.5009332275390625e+02, 8.2202368164062500e+02,
       2.5567226409912109e+00, 2.6908862304687500e+02,
       1.3931663706898689e-02, 8848127, -1 ]
   - [ 6.5011639404296875e+02, 7.9778002929687500e+02,
       2.4307122230529785e+00, 2.7796383666992188e+02,
       1.4952385798096657e-02, 5178111, -1 ]
   - [ 6.5134832763671875e+02, 5.9039941406250000e+02,
       3.9085510253906250e+01, 3.3875000000000000e+01,
       6.3902460038661957e-02, 5571075, -1 ]
   - [ 6.5134832763671875e+02, 5.9039941406250000e+02,
       3.9085510253906250e+01, 8.7099243164062500e+01,
       6.3902460038661957e-02, 5571075, -1 ]
   - [ 6.5339642333984375e+02, 8.2240075683593750e+02,
       1.9256304502487183e+00, 2.6883758544921875e+02,
       1.3653249479830265e-02, 5046783, -1 ]
   - [ 6.5630944824218750e+02, 8.2499450683593750e+02,
       2.1374232769012451e+00, 2.7133523559570312e+02,
       2.3596622049808502e-02, 12583423, -1 ]
   - [ 6.5965673828125000e+02, 6.8650598144531250e+02,
       1.2181191444396973e+01, 1.3165853881835938e+02,
       1.9466407597064972e-02, 4784897, -1 ]
   - [ 6.6024041748046875e+02, 5.6918463134765625e+02,
       3.9527859687805176e+00, 9.3284515380859375e+01,
       4.4158123433589935e-02, 6947072, -1 ]
