%YAML:1.0
---
maskKeypoints:
   - [ 2.1166136169433594e+02, 6.5012658691406250e+02,
       2.3187351226806641e+00, 6.7490600585937500e+01,
       9.3920722603797913e-02, 1770239, -1 ]
   - [ 2.2044117736816406e+02, 6.4920477294921875e+02,
       2.2697446346282959e+00, 9.6328277587890625e+01,
       9.6272177994251251e-02, 197375, -1 ]
   - [ 2.2044117736816406e+02, 6.4920477294921875e+02,
       2.2697446346282959e+00, 2.6097961425781250e+02,
       9.6272177994251251e-02, 197375, -1 ]
   - [ 3.4417077636718750e+02, 4.1208792114257812e+02,
       2.0080337524414062e+00, 3.2193743896484375e+02,
       1.4033914543688297e-02, 8061439, -1 ]
   - [ 3.4669049072265625e+02, 4.2361819458007812e+02,
       3.7296822071075439e+00, 2.9059570312500000e+02,
       3.4060306847095490e-02, 2752768, -1 ]
   - [ 3.5185150146484375e+02, 4.0573785400390625e+02,
       2.0360076427459717e+00, 1.2364483642578125e+02,
       1.7892807722091675e-02, 9044479, -1 ]
   - [ 3.5185150146484375e+02, 4.0573785400390625e+02,
       2.0360076427459717e+00, 1.5415988159179688e+02,
       1.7892807722091675e-02, 9044479, -1 ]
   - [ 3.5851196289062500e+02, 4.1076531982421875e+02,
       3.8669338226318359e+00, 8.2306427001953125e+01,
       2.4532586336135864e-02, 5308672, -1 ]
   - [ 3.6194433593750000e+02, 3.9036300659179688e+02,
       2.6982078552246094e+00, 8.9633544921875000e+01,
       4.9577906727790833e-02, 12714751, -1 ]
   - [ 3.6356335449218750e+02, 4.2447525024414062e+02,
       1.8801510334014893e+00, 2.8674383544921875e+02,
       4.8551414161920547e-02, 3342847, -1 ]
   - [ 3.6437594604492188e+02, 3.9860781860351562e+02,
       1.9908508062362671e+00, 3.0214489746093750e+02,
       1.4348538592457771e-02, 7471615, -1 ]
   - [ 3.6723895263671875e+02, 4.1949255371093750e+02,
       1.9347085952758789e+00, 2.7469012451171875e+02,
       1.5780389308929443e-02, 5374463, -1 ]
   - [ 3.6803610229492188e+02, 4.3756774902343750e+02,
       1.7422767639160156e+01, 2.9786975097656250e+02,
       5.6252982467412949e-02, 13959426, -1 ]
   - [ 3.7191177368164062e+02, 3.8302798461914062e+02,
       9.2438068389892578e+00, 8.3142211914062500e+01,
       5.6617669761180878e-02, 1507841, -1 ]
   - [ 3.8182174682617188e+02, 4.4429220581054688e+02,
       2.5561115741729736e+00, 1.3005096435546875e+01,
       4.4734418392181396e-02, 8848127, -1 ]
   - [ 3.8182174682617188e+02, 4.4429220581054688e+02,
       2.5561115741729736e+00, 3.4477969360351562e+02,
       4.4734418392181396e-02, 8848127, -1 ]
   - [ 3.8302203369140625e+02, 4.4819567871093750e+02,
       1.9381278753280640e+00, 2.0176635742187500e+01,
       5.3697280585765839e-02, 5505535, -1 ]
   - [ 3.8302203369140625e+02, 4.4819567871093750e+02,
       1.9381278753280640e+00, 3.5009222412109375e+02,
       5.3697280585765839e-02, 5505535, -1 ]
   - [ 3.8961642456054688e+02, 4.5377645874023438e+02,
       8.6785688400268555e+00, 2.9602972412109375e+02,
       5.0112269818782806e-02, 13697281, -1 ]
   - [ 3.9311596679687500e+02, 3.9012744140625000e+02,
       7.8500986099243164e+00, 1.1075569152832031e+02,
       1.3816420920193195e-02, 6422785, -1 ]
   - [ 3.9338037109375000e+02, 3.6244757080078125e+02,
       3.9446816444396973e+00, 2.4397003173828125e+01,
       4.0503740310668945e-02, 6750464, -1 ]
   - [ 3.9515087890625000e+02, 4.0733218383789062e+02,
       2.6872138977050781e+00, 7.0973236083984375e+01,
       1.9787399098277092e-02, 12452607, -1 ]
   - [ 3.9515087890625000e+02, 4.0733218383789062e+02,
       2.6872138977050781e+00, 1.9971511840820312e+02,
       1.9787399098277092e-02, 12452607, -1 ]
   - [ 3.9618243408203125e+02, 4.6385256958007812e+02,
       3.7037189006805420e+00, 2.8297750854492188e+02,
       3.2459791749715805e-02, 2228480, -1 ]
   - [ 3.9697787475585938e+02, 4.1056906127929688e+02,
       2.1179044246673584e+00, 6.3988464355468750e+01,
       1.6278797760605812e-02, 11928063, -1 ]
   - [ 3.9728399658203125e+02, 4.4159115600585938e+02,
       3.1591928005218506e+00, 2.8057418823242188e+02,
       1.4089486561715603e-02, 7406591, -1 ]
   - [ 3.9829058837890625e+02, 4.4610803222656250e+02,
       4.2321743965148926e+00, 2.7932391357421875e+02,
       2.0042378455400467e-02, 11862272, -1 ]
   - [ 4.0572891235351562e+02, 3.5172250366210938e+02,
       3.3869481086730957e+00, 8.2255706787109375e+01,
       4.6682152897119522e-02, 12452863, -1 ]
   - [ 4.0578787231445312e+02, 3.5197933959960938e+02,
       3.6965370178222656e+00, 8.2464538574218750e+01,
       4.5832924544811249e-02, 2097408, -1 ]
   - [ 4.0729669189453125e+02, 3.9722586059570312e+02,
       4.4367384910583496e+00, 1.3383245849609375e+02,
       2.0534472540020943e-02, 15270144, -1 ]
   - [ 4.0729669189453125e+02, 3.9722586059570312e+02,
       4.4367384910583496e+00, 2.9522976684570312e+02,
       2.0534472540020943e-02, 15270144, -1 ]
   - [ 4.0755203247070312e+02, 3.6008920288085938e+02,
       1.7195003509521484e+01, 9.0361968994140625e+01,
       6.3088193535804749e-02, 12976386, -1 ]
   - [ 4.0813479614257812e+02, 4.6725964355468750e+02,
       6.9184617996215820e+00, 2.7474591064453125e+02,
       3.0935199931263924e-02, 13959936, -1 ]
   - [ 4.0908267211914062e+02, 4.5524404907226562e+02,
       1.9142448902130127e+00, 2.7390264892578125e+02,
       1.5487618744373322e-02, 4588031, -1 ]
   - [ 4.1024423217773438e+02, 4.4733724975585938e+02,
       4.1718087196350098e+00, 2.7385595703125000e+02,
       1.9990867003798485e-02, 10813696, -1 ]
   - [ 4.1120001220703125e+02, 4.0598266601562500e+02,
       7.2797241210937500e+01, 9.0556304931640625e+01,
       8.0872468650341034e-02, 393732, -1 ]
   - [ 4.1273300170898438e+02, 4.0750167846679688e+02,
       2.5146710872650146e+00, 2.0976779174804688e+02,
       1.4480255544185638e-02, 7668479, -1 ]
   - [ 4.1399566650390625e+02, 5.0214709472656250e+02,
       3.4721996784210205e+00, 6.3512847900390625e+01,
       8.0309830605983734e-02, 14287871, -1 ]
   - [ 4.1399566650390625e+02, 5.0214709472656250e+02,
       3.4721996784210205e+00, 3.4494821166992188e+02,
       8.0309830605983734e-02, 14287871, -1 ]
   - [ 4.1516317749023438e+02, 3.6696560668945312e+02,
       2.9347555160522461e+01, 5.4555633544921875e+01,
       5.8664370328187943e-02, 1507587, -1 ]
   - [ 4.1516317749023438e+02, 3.6696560668945312e+02,
       2.9347555160522461e+01, 9.2182678222656250e+01,
       5.8664370328187943e-02, 1507587, -1 ]
   - [ 4.1607635498046875e+02, 4.1312222290039062e+02,
       5.9855813980102539e+00, 1.0375076293945312e+02,
       2.5421150028705597e-02, 3539712, -1 ]
   - [ 4.1829376220703125e+02, 4.5237542724609375e+02,
       2.5240807533264160e+00, 9.5348358154296875e+01,
       1.4403440058231354e-02, 7930623, -1 ]
   - [ 4.1829376220703125e+02, 4.5237542724609375e+02,
       2.5240807533264160e+00, 2.5947473144531250e+02,
       1.4403440058231354e-02, 7930623, -1 ]
   - [ 4.1855187988281250e+02, 4.4298623657226562e+02,
       4.2361841201782227e+00, 2.7248348999023438e+02,
       1.3791226781904697e-02, 11927808, -1 ]
   - [ 4.1886874389648438e+02, 4.1860406494140625e+02,
       2.0575721263885498e+00, 9.8376037597656250e+01,
       1.5534881502389908e-02, 9830911, -1 ]
   - [ 4.1956503295898438e+02, 3.6159967041015625e+02,
       4.0951342582702637e+00, 2.6973486328125000e+02,
       1.9117549061775208e-02, 9502976, -1 ]
   - [ 4.2027960205078125e+02, 3.5312765502929688e+02,
       3.5253994464874268e+00, 9.8970977783203125e+01,
       4.4879220426082611e-02, 15336447, -1 ]
   - [ 4.2124880981445312e+02, 4.0019979858398438e+02,
       2.7298882007598877e+00, 9.0593933105468750e+01,
       2.4352999404072762e-02, 13566719, -1 ]
   - [ 4.2124880981445312e+02, 4.0019979858398438e+02,
       2.7298882007598877e+00, 2.7745867919921875e+02,
       2.4352999404072762e-02, 13566719, -1 ]
   - [ 4.2205136108398438e+02, 4.5514938354492188e+02,
       1.9487136602401733e+00, 9.1627014160156250e+01,
       1.5698177739977837e-02, 5898751, -1 ]
