%YAML:1.0
---
maskKeypoints:
   - [ 1.0477586364746094e+02, 6.7202966308593750e+02,
       3.1626343727111816e+00, 1.8910467529296875e+02,
       1.0758889466524124e-01, 7537663, -1 ]
   - [ 1.9012390136718750e+02, 3.3308612060546875e+02,
       6.1409125328063965e+00, 3.6016387939453125e+01,
       8.7540641427040100e-02, 5374720, -1 ]
   - [ 1.9648448181152344e+02, 3.3269863891601562e+02,
       3.8215370178222656e+00, 2.0428254699707031e+02,
       1.9832648336887360e-02, 4456704, -1 ]
   - [ 2.0425057983398438e+02, 3.1833062744140625e+02,
       6.1500144004821777e+00, 5.0107818603515625e+01,
       5.3620770573616028e-02, 5505792, -1 ]
   - [ 2.0583776855468750e+02, 3.3027542114257812e+02,
       2.2354227066040039e+01, 4.5807495117187500e+01,
       8.1340245902538300e-02, 15270402, -1 ]
   - [ 2.0583776855468750e+02, 3.3027542114257812e+02,
       2.2354227066040039e+01, 2.8820245361328125e+02,
       8.1340245902538300e-02, 15270402, -1 ]
   - [ 2.1319540405273438e+02, 3.1089749145507812e+02,
       4.5703959465026855e+00, 5.0074981689453125e+01,
       5.5967550724744797e-02, 721408, -1 ]
   - [ 2.1450447082519531e+02, 3.4441958618164062e+02,
       2.1190204620361328e+00, 2.8168576049804688e+02,
       4.7270633280277252e-02, 11993599, -1 ]
   - [ 2.1529010009765625e+02, 3.0273632812500000e+02,
       4.2912077903747559e+00, 5.1007019042968750e+01,
       4.4805731624364853e-02, 12845312, -1 ]
   - [ 2.2793669128417969e+02, 3.4458880615234375e+02,
       4.9666905403137207e+00, 2.7628973388671875e+02,
       4.8835426568984985e-02, 6750720, -1 ]
   - [ 2.4786061096191406e+02, 2.9224765014648438e+02,
       5.2278060913085938e+00, 7.0024902343750000e+01,
       5.7577304542064667e-02, 10420736, -1 ]
   - [ 2.8716522216796875e+02, 4.6239578247070312e+02,
       3.3640391826629639e+00, 8.7770263671875000e+01,
       1.3964525423943996e-02, 11994111, -1 ]
   - [ 2.8954284667968750e+02, 4.6575045776367188e+02,
       2.4262082576751709e+00, 8.7933135986328125e+01,
       1.6024565324187279e-02, 5047039, -1 ]
   - [ 2.9441162109375000e+02, 3.5143890380859375e+02,
       4.6320528984069824e+00, 2.7000335693359375e+02,
       5.5205643177032471e-02, 1704448, -1 ]
   - [ 3.0000738525390625e+02, 4.5139184570312500e+02,
       4.1611819267272949e+00, 8.6413482666015625e+01,
       1.5804205089807510e-02, 10617088, -1 ]
   - [ 3.0000738525390625e+02, 4.5139184570312500e+02,
       4.1611819267272949e+00, 1.3005905151367188e+02,
       1.5804205089807510e-02, 10617088, -1 ]
   - [ 3.0093725585937500e+02, 2.7776226806640625e+02,
       4.0170903205871582e+00, 8.6137939453125000e+01,
       5.1028747111558914e-02, 8061184, -1 ]
   - [ 3.0741290283203125e+02, 4.7128121948242188e+02,
       5.0805095672607422e+01, 9.8731353759765625e+01,
       1.0451491177082062e-01, 7799555, -1 ]
   - [ 3.0741290283203125e+02, 4.7128121948242188e+02,
       5.0805095672607422e+01, 2.7444381713867188e+02,
       1.0451491177082062e-01, 7799555, -1 ]
   - [ 3.1591644287109375e+02, 4.6986132812500000e+02,
       3.9025387763977051e+00, 9.2598632812500000e+01,
       1.5677802264690399e-02, 6029568, -1 ]
   - [ 3.1823144531250000e+02, 5.0388415527343750e+02,
       3.7310504913330078e+00, 2.6437573242187500e+02,
       3.9221994578838348e-02, 2752768, -1 ]
   - [ 3.1976962280273438e+02, 4.3277203369140625e+02,
       6.2152090072631836e+00, 1.0050646972656250e+02,
       2.5972576811909676e-02, 6226688, -1 ]
   - [ 3.1984719848632812e+02, 4.3393530273437500e+02,
       4.2865328788757324e+00, 1.0045874023437500e+02,
       2.6546107605099678e-02, 12779776, -1 ]
   - [ 3.1987442016601562e+02, 4.3160137939453125e+02,
       8.1824264526367188e+00, 9.9914764404296875e+01,
       2.5763420388102531e-02, 9437441, -1 ]
   - [ 3.2943069458007812e+02, 5.0284933471679688e+02,
       3.7387123107910156e+00, 2.6561871337890625e+02,
       4.0170732885599136e-02, 2883840, -1 ]
   - [ 3.4004568481445312e+02, 8.5974005126953125e+02,
       3.2781388759613037e+00, 1.5514953613281250e+01,
       5.4516125470399857e-02, 10093567, -1 ]
   - [ 3.4317462158203125e+02, 8.5010882568359375e+02,
       3.0631141662597656e+00, 2.5210937500000000e+01,
       6.5558344125747681e-02, 5178367, -1 ]
   - [ 3.4359014892578125e+02, 8.3145843505859375e+02,
       1.6837842941284180e+01, 7.1303100585937500e+00,
       5.2768670022487640e-02, 11469058, -1 ]
   - [ 3.4597189331054688e+02, 3.4805935668945312e+02,
       4.4705681800842285e+00, 2.6053869628906250e+02,
       5.4037515074014664e-02, 15859968, -1 ]
   - [ 3.5017288208007812e+02, 8.0273101806640625e+02,
       4.5368647575378418e+00, 5.2173156738281250e+00,
       4.2141884565353394e-02, 197120, -1 ]
   - [ 3.5050827026367188e+02, 8.4111871337890625e+02,
       2.1243245601654053e+00, 3.9659271240234375e+01,
       5.0088841468095779e-02, 12124671, -1 ]
   - [ 3.5051065063476562e+02, 8.5451080322265625e+02,
       2.7944319248199463e+00, 1.3071347045898438e+02,
       2.4129642173647881e-02, 15270655, -1 ]
   - [ 3.5380673217773438e+02, 8.5794415283203125e+02,
       2.0403058528900146e+00, 1.1053701782226562e+02,
       1.8025886267423630e-02, 9241087, -1 ]
   - [ 3.5541809082031250e+02, 8.4453497314453125e+02,
       3.3659999370574951e+00, 3.4120343017578125e+02,
       2.4632519111037254e-02, 11994111, -1 ]
   - [ 3.5835220336914062e+02, 8.5123852539062500e+02,
       2.1053643226623535e+00, 3.3682110595703125e+02,
       1.6682522371411324e-02, 11469311, -1 ]
   - [ 3.5897821044921875e+02, 8.5458166503906250e+02,
       4.1065816879272461e+00, 3.4154357910156250e+02,
       2.0158546045422554e-02, 9699584, -1 ]
   - [ 3.6124835205078125e+02, 4.9794955444335938e+02,
       3.9042918682098389e+00, 2.6356924438476562e+02,
       4.2822960764169693e-02, 6029568, -1 ]
   - [ 3.6226361083984375e+02, 4.4897900390625000e+02,
       4.1029086112976074e+00, 1.1595147705078125e+02,
       2.6056475937366486e-02, 9634048, -1 ]
   - [ 3.6236535644531250e+02, 4.7304098510742188e+02,
       2.1990792751312256e+00, 8.5502685546875000e+01,
       1.3362585566937923e-02, 14680575, -1 ]
   - [ 3.6236535644531250e+02, 4.7304098510742188e+02,
       2.1990792751312256e+00, 1.2707640075683594e+02,
       1.3362585566937923e-02, 14680575, -1 ]
   - [ 3.7369094848632812e+02, 7.6998712158203125e+02,
       1.9500232934951782e+00, 8.0123168945312500e+01,
       2.2657629102468491e-02, 5964287, -1 ]
   - [ 3.7427978515625000e+02, 7.7290039062500000e+02,
       2.3223571777343750e+00, 8.0498077392578125e+01,
       1.9640590995550156e-02, 1901311, -1 ]
   - [ 3.7968380737304688e+02, 7.1870227050781250e+02,
       7.5804209709167480e+00, 3.0315216064453125e+01,
       3.3268362283706665e-02, 3866881, -1 ]
   - [ 3.8197668457031250e+02, 7.8872424316406250e+02,
       3.9050087928771973e+00, 1.9593138122558594e+02,
       1.7464283853769302e-02, 6029568, -1 ]
   - [ 3.8500656127929688e+02, 7.9188427734375000e+02,
       1.8191823959350586e+00, 2.1103096008300781e+02,
       1.3487721793353558e-02, 918015, -1 ]
   - [ 3.8603427124023438e+02, 7.5583410644531250e+02,
       2.1742122173309326e+00, 6.8259582519531250e+01,
       1.4432314783334732e-02, 13828607, -1 ]
   - [ 3.8808331298828125e+02, 7.7399468994140625e+02,
       2.5426499843597412e+00, 2.1909608459472656e+02,
       1.8678896129131317e-02, 8454911, -1 ]
   - [ 3.8808331298828125e+02, 7.7399468994140625e+02,
       2.5426499843597412e+00, 2.7744458007812500e+02,
       1.8678896129131317e-02, 8454911, -1 ]
   - [ 3.8864282226562500e+02, 7.6570581054687500e+02,
       9.4299726486206055e+00, 1.8304275512695312e+02,
       1.5542556531727314e-02, 2949633, -1 ]
   - [ 3.8987438964843750e+02, 6.4791076660156250e+02,
       4.6627223968505859e+01, 2.7250183105468750e+01,
       3.1977321952581406e-02, 1573635, -1 ]
   - [ 3.9145135498046875e+02, 2.7847781372070312e+02,
       2.6613178253173828e+01, 9.6210205078125000e+01,
       5.6487653404474258e-02, 11141890, -1 ]
