%YAML:1.0
---
maskKeypoints:
   - [ 6.2396392822265625e+01, 6.5940899658203125e+02,
       2.0901286602020264e+00, 2.7221383666992188e+02,
       1.0179705172777176e-01, 10945023, -1 ]
   - [ 2.2245893859863281e+02, 3.3953909301757812e+02,
       2.1919553279876709e+00, 4.6174682617187500e+01,
       5.4784502834081650e-02, 14418431, -1 ]
   - [ 2.2961769104003906e+02, 3.5611331176757812e+02,
       1.8476641178131104e+00, 5.3204345703125000e+01,
       1.9255567342042923e-02, 2032127, -1 ]
   - [ 2.2961769104003906e+02, 3.5611331176757812e+02,
       1.8476641178131104e+00, 2.9430700683593750e+02,
       1.9255567342042923e-02, 2032127, -1 ]
   - [ 2.3191775512695312e+02, 3.3299887084960938e+02,
       1.8361219167709351e+00, 6.9144073486328125e+01,
       5.3093101829290390e-02, 1573375, -1 ]
   - [ 2.3895225524902344e+02, 3.4422833251953125e+02,
       1.9493131637573242e+00, 2.2228184509277344e+02,
       2.1107813343405724e-02, 5898751, -1 ]
   - [ 2.4171897888183594e+02, 3.4901422119140625e+02,
       2.6266567707061768e+00, 1.1208895874023438e+02,
       2.2625742480158806e-02, 10814207, -1 ]
   - [ 2.4190951538085938e+02, 3.4253469848632812e+02,
       2.2385239601135254e+00, 2.4136975097656250e+02,
       2.0737828686833382e-02, 15925759, -1 ]
   - [ 2.4840762329101562e+02, 3.4653533935546875e+02,
       2.0619525909423828e+00, 2.5393035888671875e+02,
       2.6252165436744690e-02, 9961983, -1 ]
   - [ 2.4871601867675781e+02, 3.5495156860351562e+02,
       4.5399131774902344e+00, 8.8840393066406250e+01,
       2.5779144838452339e-02, 262656, -1 ]
   - [ 2.4907852172851562e+02, 3.4006015014648438e+02,
       2.8497235774993896e+00, 2.6940124511718750e+02,
       1.5400633215904236e-02, 16712447, -1 ]
   - [ 2.4950143432617188e+02, 3.4924273681640625e+02,
       2.9432547092437744e+00, 8.1793487548828125e+01,
       7.9180628061294556e-02, 2294783, -1 ]
   - [ 2.4970838928222656e+02, 3.3620806884765625e+02,
       1.8498853445053101e+00, 2.7080972290039062e+02,
       1.4010528102517128e-02, 2163199, -1 ]
   - [ 2.5110571289062500e+02, 3.4414926147460938e+02,
       3.1974847316741943e+00, 2.7208966064453125e+02,
       2.1996749565005302e-02, 8324095, -1 ]
   - [ 2.5404003906250000e+02, 3.4138949584960938e+02,
       2.0113532543182373e+00, 3.0089328002929688e+02,
       1.4005258679389954e-02, 8192511, -1 ]
   - [ 2.5578710937500000e+02, 3.7214904785156250e+02,
       3.1171972751617432e+00, 2.8440640258789062e+02,
       4.6260774135589600e-02, 6489087, -1 ]
   - [ 2.5738568115234375e+02, 3.3989874267578125e+02,
       2.2788898944854736e+00, 3.0068408203125000e+02,
       1.6634607687592506e-02, 525055, -1 ]
   - [ 2.5816513061523438e+02, 3.6951968383789062e+02,
       1.9149143695831299e+00, 2.6784085083007812e+02,
       2.4968689307570457e-02, 4653567, -1 ]
   - [ 2.6012863159179688e+02, 3.8858612060546875e+02,
       2.1659847259521484e+01, 2.9816806030273438e+02,
       5.8165416121482849e-02, 12976642, -1 ]
   - [ 2.6576162719726562e+02, 3.2132537841796875e+02,
       1.1022152900695801e+01, 8.5898437500000000e+01,
       5.9702452272176743e-02, 14221825, -1 ]
   - [ 2.7395739746093750e+02, 3.8329302978515625e+02,
       2.3668453693389893e+00, 3.3232299804687500e+02,
       4.5287668704986572e-02, 3277567, -1 ]
   - [ 2.7861935424804688e+02, 4.0258358764648438e+02,
       2.9919342994689941e+00, 6.5061645507812500e+00,
       4.9757391214370728e-02, 3474431, -1 ]
   - [ 2.7896682739257812e+02, 3.9530490112304688e+02,
       1.8297834396362305e+00, 3.4047280883789062e+02,
       3.9582144469022751e-02, 1376767, -1 ]
   - [ 2.8025445556640625e+02, 4.0403894042968750e+02,
       5.2765803337097168e+00, 3.4858215332031250e+02,
       4.8974610865116119e-02, 11076096, -1 ]
   - [ 2.8630102539062500e+02, 4.0921612548828125e+02,
       1.0746623039245605e+01, 2.9748254394531250e+02,
       5.2601438015699387e-02, 12452353, -1 ]
   - [ 2.8630102539062500e+02, 4.0921612548828125e+02,
       1.0746623039245605e+01, 3.1864575195312500e+02,
       5.2601438015699387e-02, 12452353, -1 ]
   - [ 2.8678002929687500e+02, 3.1114059448242188e+02,
       2.7432677745819092e+00, 1.9716732788085938e+02,
       1.5236295759677887e-02, 13959935, -1 ]
   - [ 2.8678002929687500e+02, 3.1114059448242188e+02,
       2.7432677745819092e+00, 3.4539340209960938e+02,
       1.5236295759677887e-02, 13959935, -1 ]
   - [ 2.9000885009765625e+02, 2.9340359497070312e+02,
       3.4276649951934814e+00, 1.9789428710937500e+01,
       4.2212605476379395e-02, 13304831, -1 ]
   - [ 2.9264306640625000e+02, 4.1481079101562500e+02,
       1.9719318151473999e+00, 2.8035437011718750e+02,
       1.3735041953623295e-02, 6750719, -1 ]
   - [ 2.9265734863281250e+02, 3.2565023803710938e+02,
       2.0230882167816162e+00, 3.1843896484375000e+02,
       1.3558011502027512e-02, 8585727, -1 ]
   - [ 2.9414807128906250e+02, 3.9405209350585938e+02,
       2.3350174427032471e+00, 2.7469934082031250e+02,
       1.6578081995248795e-02, 2294527, -1 ]
   - [ 2.9474917602539062e+02, 3.9797576904296875e+02,
       4.6148319244384766e+00, 2.7841723632812500e+02,
       2.1266205236315727e-02, 1442304, -1 ]
   - [ 2.9535208129882812e+02, 3.5023526000976562e+02,
       3.3580224514007568e+00, 7.0893676757812500e+01,
       2.2793607786297798e-02, 11863039, -1 ]
   - [ 2.9654428100585938e+02, 4.2425228881835938e+02,
       8.0939741134643555e+00, 2.8132910156250000e+02,
       3.2706990838050842e-02, 8651009, -1 ]
   - [ 2.9706069946289062e+02, 4.2216378784179688e+02,
       4.2089228630065918e+00, 2.8379806518554688e+02,
       3.2916046679019928e-02, 11469056, -1 ]
   - [ 2.9711352539062500e+02, 3.5447409057617188e+02,
       1.8717294931411743e+00, 6.7065795898437500e+01,
       1.9046554341912270e-02, 3015167, -1 ]
   - [ 2.9736868286132812e+02, 4.1277276611328125e+02,
       3.2349491119384766e+00, 2.7987652587890625e+02,
       2.2768611088395119e-02, 9110527, -1 ]
   - [ 2.9930401611328125e+02, 4.1899588012695312e+02,
       2.0254287719726562e+00, 2.8912734985351562e+02,
       3.1893476843833923e-02, 8716799, -1 ]
   - [ 2.9991949462890625e+02, 4.1601376342773438e+02,
       2.0546615123748779e+00, 2.7633038330078125e+02,
       1.5133240260183811e-02, 9765375, -1 ]
   - [ 3.0000827026367188e+02, 3.9459353637695312e+02,
       2.6364078521728516e+00, 2.7776681518554688e+02,
       1.3661039061844349e-02, 11076351, -1 ]
   - [ 3.0346694946289062e+02, 3.8998818969726562e+02,
       8.8154878616333008e+00, 2.7827929687500000e+02,
       1.5551285818219185e-02, 14811393, -1 ]
   - [ 3.0780554199218750e+02, 2.8846084594726562e+02,
       2.0704704284667969e+01, 8.9477844238281250e+01,
       6.4221158623695374e-02, 9699842, -1 ]
   - [ 3.1012997436523438e+02, 3.9627188110351562e+02,
       1.8891642093658447e+00, 2.7543954467773438e+02,
       1.5833472833037376e-02, 3670527, -1 ]
   - [ 3.1025765991210938e+02, 3.3715826416015625e+02,
       5.3167777061462402e+00, 1.3250244140625000e+02,
       2.0774476230144501e-02, 11665920, -1 ]
   - [ 3.1025765991210938e+02, 3.3715826416015625e+02,
       5.3167777061462402e+00, 2.9542181396484375e+02,
       2.0774476230144501e-02, 11665920, -1 ]
   - [ 3.1360806274414062e+02, 2.9548022460937500e+02,
       3.2586624145507812e+01, 4.4097229003906250e+01,
       6.1384715139865875e-02, 9109763, -1 ]
   - [ 3.1360806274414062e+02, 2.9548022460937500e+02,
       3.2586624145507812e+01, 9.3896667480468750e+01,
       6.1384715139865875e-02, 9109763, -1 ]
   - [ 3.1398052978515625e+02, 3.4799789428710938e+02,
       9.1607719421386719e+01, 9.2485168457031250e+01,
       8.3326011896133423e-02, 328452, -1 ]
   - [ 3.1398052978515625e+02, 3.4799789428710938e+02,
       9.1607719421386719e+01, 3.2082476806640625e+02,
       8.3326011896133423e-02, 328452, -1 ]
   - [ 3.1561120605468750e+02, 3.9880603027343750e+02,
       2.2127194404602051e+00, 2.7552337646484375e+02,
       1.7234323546290398e-02, 15073791, -1 ]
