%YAML:1.0
---
maskKeypoints:
   - [ 2.0131459045410156e+02, 6.5191424560546875e+02,
       3.1502540111541748e+00, 2.7231417846679688e+02,
       9.6824295818805695e-02, 7209983, -1 ]
   - [ 2.1140167236328125e+02, 6.5075817871093750e+02,
       2.7905094623565674e+00, 2.5658117675781250e+02,
       1.0736802220344543e-01, 15139583, -1 ]
   - [ 3.3359661865234375e+02, 3.6882250976562500e+02,
       6.1305437088012695e+00, 3.1657955932617188e+02,
       3.3824648708105087e-02, 5243648, -1 ]
   - [ 3.4476730346679688e+02, 3.7516394042968750e+02,
       4.0056433677673340e+00, 2.9118353271484375e+02,
       3.6458127200603485e-02, 7864576, -1 ]
   - [ 3.4542413330078125e+02, 3.5568331909179688e+02,
       2.0866912841796875e+01, 6.3503662109375000e+01,
       8.8705800473690033e-02, 10289666, -1 ]
   - [ 3.4542413330078125e+02, 3.5568331909179688e+02,
       2.0866912841796875e+01, 3.0013696289062500e+02,
       8.8705800473690033e-02, 10289666, -1 ]
   - [ 3.5053155517578125e+02, 3.4684201049804688e+02,
       2.2070176601409912e+00, 2.3155285644531250e+02,
       1.5590128488838673e-02, 14877183, -1 ]
   - [ 3.5660574340820312e+02, 3.5304537963867188e+02,
       1.8555202484130859e+00, 2.1650930786132812e+02,
       1.8794171512126923e-02, 2359807, -1 ]
   - [ 3.5912365722656250e+02, 3.5478997802734375e+02,
       1.9188321828842163e+00, 9.4848663330078125e+01,
       8.9518062770366669e-02, 4784639, -1 ]
   - [ 3.5964721679687500e+02, 3.5968395996093750e+02,
       4.0759959220886230e+00, 9.0107666015625000e+01,
       2.7190528810024261e-02, 9175296, -1 ]
   - [ 3.5989288330078125e+02, 3.4580538940429688e+02,
       2.5216519832611084e+00, 2.6799880981445312e+02,
       1.7517367377877235e-02, 7865087, -1 ]
   - [ 3.6217840576171875e+02, 3.7907662963867188e+02,
       4.0660300254821777e+00, 2.8204953002929688e+02,
       4.0550425648689270e-02, 8978688, -1 ]
   - [ 3.6518441772460938e+02, 3.7634298706054688e+02,
       2.0639240741729736e+00, 2.8642639160156250e+02,
       5.1039170473814011e-02, 10027519, -1 ]
   - [ 3.7020321655273438e+02, 3.9156192016601562e+02,
       1.9889959335327148e+01, 3.0261441040039062e+02,
       5.9596415609121323e-02, 6816258, -1 ]
   - [ 3.7200399780273438e+02, 3.2367147827148438e+02,
       1.6336456298828125e+01, 7.3811584472656250e+01,
       5.8503601700067520e-02, 9306370, -1 ]
   - [ 3.7444165039062500e+02, 3.2742971801757812e+02,
       1.0975737571716309e+01, 7.9525878906250000e+01,
       6.1077348887920380e-02, 13959681, -1 ]
   - [ 3.7701617431640625e+02, 3.3509487915039062e+02,
       1.9620590209960938e+00, 8.5707458496093750e+01,
       4.8919863998889923e-02, 6423039, -1 ]
   - [ 3.7876419067382812e+02, 3.3234906005859375e+02,
       2.3415882587432861e+00, 7.9178588867187500e+01,
       5.9879083186388016e-02, 2491135, -1 ]
   - [ 3.8887527465820312e+02, 3.8684115600585938e+02,
       1.0019371986389160e+01, 3.2508709716796875e+02,
       3.0704651027917862e-02, 7340545, -1 ]
   - [ 3.8999505615234375e+02, 3.1145248413085938e+02,
       3.1533334255218506e+00, 2.3319702148437500e+01,
       4.5218367129564285e-02, 7275519, -1 ]
   - [ 3.9435830688476562e+02, 4.1116519165039062e+02,
       1.0463723182678223e+01, 2.9359036254882812e+02,
       5.5740047246217728e-02, 10486273, -1 ]
   - [ 3.9435830688476562e+02, 4.1116519165039062e+02,
       1.0463723182678223e+01, 3.3586837768554688e+02,
       5.5740047246217728e-02, 10486273, -1 ]
   - [ 3.9670364379882812e+02, 2.9567935180664062e+02,
       3.1958358287811279e+00, 1.8363952636718750e+01,
       4.3820131570100784e-02, 8258559, -1 ]
   - [ 3.9706634521484375e+02, 4.1957049560546875e+02,
       1.9674106836318970e+00, 2.8135171508789062e+02,
       4.8469830304384232e-02, 6619647, -1 ]
   - [ 4.0013705444335938e+02, 3.9496722412109375e+02,
       3.4111592769622803e+00, 2.7426245117187500e+02,
       1.4348513446748257e-02, 12977151, -1 ]
   - [ 4.0094281005859375e+02, 3.9913061523437500e+02,
       3.3125572204589844e+00, 2.7364233398437500e+02,
       2.0987298339605331e-02, 10879999, -1 ]
   - [ 4.0128225708007812e+02, 2.8991891479492188e+02,
       5.5351166725158691e+00, 3.2069091796875000e+01,
       4.9146030098199844e-02, 14549504, -1 ]
   - [ 4.0327630615234375e+02, 3.5406112670898438e+02,
       3.2388992309570312e+00, 6.9527862548828125e+01,
       2.2948021069169044e-02, 9241599, -1 ]
   - [ 4.0518283081054688e+02, 3.5802236938476562e+02,
       2.2618758678436279e+00, 6.0800598144531250e+01,
       1.7756372690200806e-02, 16712191, -1 ]
   - [ 4.0597583007812500e+02, 4.2041851806640625e+02,
       1.8972017765045166e+00, 2.8329901123046875e+02,
       3.6753598600625992e-02, 3998207, -1 ]
   - [ 4.0626416015625000e+02, 4.1158398437500000e+02,
       1.9107239246368408e+00, 1.0666903686523438e+02,
       1.3646519742906094e-02, 4456959, -1 ]
   - [ 4.0782226562500000e+02, 2.9087170410156250e+02,
       1.9106863737106323e+00, 4.2412231445312500e+01,
       1.8474195152521133e-02, 4456959, -1 ]
   - [ 4.0782226562500000e+02, 2.9087170410156250e+02,
       1.9106863737106323e+00, 2.9049325561523438e+02,
       1.8474195152521133e-02, 4456959, -1 ]
   - [ 4.1057153320312500e+02, 2.9080352783203125e+02,
       3.2975411415100098e+00, 2.8339547729492188e+02,
       2.0101482048630714e-02, 10552319, -1 ]
   - [ 4.1096875000000000e+02, 2.8308337402343750e+02,
       3.9843528270721436e+00, 8.3176452636718750e+01,
       4.8812538385391235e-02, 7471360, -1 ]
   - [ 4.1281750488281250e+02, 2.9229394531250000e+02,
       1.8848623275756836e+01, 3.2691375732421875e+01,
       6.5563201904296875e-02, 2949634, -1 ]
   - [ 4.1281750488281250e+02, 2.9229394531250000e+02,
       1.8848623275756836e+01, 8.5452819824218750e+01,
       6.5563201904296875e-02, 2949634, -1 ]
   - [ 4.1293630981445312e+02, 3.4440390014648438e+02,
       2.6257133483886719e+00, 1.4665312194824219e+02,
       1.5433087013661861e-02, 10748671, -1 ]
   - [ 4.1726364135742188e+02, 3.4105334472656250e+02,
       5.1275424957275391e+00, 1.3137603759765625e+02,
       2.1280083805322647e-02, 9044480, -1 ]
   - [ 4.1726364135742188e+02, 3.4105334472656250e+02,
       5.1275424957275391e+00, 2.8949981689453125e+02,
       2.1280083805322647e-02, 9044480, -1 ]
   - [ 4.2033807373046875e+02, 4.0809024047851562e+02,
       3.6736977100372314e+00, 8.9293792724609375e+01,
       1.4184952713549137e-02, 1638656, -1 ]
   - [ 4.2282467651367188e+02, 3.5137069702148438e+02,
       9.0372947692871094e+01, 9.2194488525390625e+01,
       8.3989337086677551e-02, 16056836, -1 ]
   - [ 4.2282467651367188e+02, 3.5137069702148438e+02,
       9.0372947692871094e+01, 3.1866564941406250e+02,
       8.3989337086677551e-02, 16056836, -1 ]
   - [ 4.2298587036132812e+02, 3.5350170898437500e+02,
       2.2971816062927246e+00, 2.4107101440429688e+02,
       1.5033992938697338e-02, 1114879, -1 ]
   - [ 4.2348748779296875e+02, 3.0226586914062500e+02,
       3.7191471099853516e+01, 4.9743835449218750e+01,
       6.0803167521953583e-02, 1966595, -1 ]
   - [ 4.2348748779296875e+02, 3.0226586914062500e+02,
       3.7191471099853516e+01, 9.4937377929687500e+01,
       6.0803167521953583e-02, 1966595, -1 ]
   - [ 4.2642971801757812e+02, 4.2895980834960938e+02,
       3.8413364887237549e+00, 2.7703863525390625e+02,
       2.8693566098809242e-02, 4849920, -1 ]
   - [ 4.2678271484375000e+02, 3.9592547607421875e+02,
       5.1662907600402832e+00, 2.6931750488281250e+02,
       1.4580816030502319e-02, 9568768, -1 ]
   - [ 4.2740356445312500e+02, 4.1209152221679688e+02,
       1.9473981857299805e+00, 9.2412689208984375e+01,
       2.4173064157366753e-02, 5833215, -1 ]
   - [ 4.2740356445312500e+02, 4.1209152221679688e+02,
       1.9473981857299805e+00, 2.6691799926757812e+02,
       2.4173064157366753e-02, 5833215, -1 ]
   - [ 4.2830758666992188e+02, 3.6019763183593750e+02,
       7.6752395629882812e+00, 1.0531953430175781e+02,
       2.0743051543831825e-02, 4784385, -1 ]
