%YAML:1.0
---
maskKeypoints:
   - [ 2.6179420471191406e+01, 5.7297436523437500e+02,
       3.2798938751220703e+00, 9.6083618164062500e+01,
       9.9099583923816681e-02, 10159103, -1 ]
   - [ 2.6179420471191406e+01, 5.7297436523437500e+02,
       3.2798938751220703e+00, 2.9016708374023438e+02,
       9.9099583923816681e-02, 10159103, -1 ]
   - [ 3.6062599182128906e+01, 5.7415850830078125e+02,
       2.1270797252655029e+00, 1.0419500732421875e+02,
       1.0973247885704041e-01, 12255743, -1 ]
   - [ 1.9160824584960938e+02, 3.5362612915039062e+02,
       2.2956008911132812e+00, 4.6563964843750000e+01,
       5.4494403302669525e-02, 1049343, -1 ]
   - [ 1.9456079101562500e+02, 3.8289770507812500e+02,
       3.0923097133636475e+00, 2.9551251220703125e+02,
       3.7052139639854431e-02, 5899263, -1 ]
   - [ 1.9859634399414062e+02, 3.6592129516601562e+02,
       2.0760150909423828e+01, 6.0537628173828125e+01,
       8.7407864630222321e-02, 9896450, -1 ]
   - [ 1.9859634399414062e+02, 3.6592129516601562e+02,
       2.0760150909423828e+01, 3.0013024902343750e+02,
       8.7407864630222321e-02, 9896450, -1 ]
   - [ 2.0209210205078125e+02, 3.5706317138671875e+02,
       2.5358057022094727e+00, 2.1063371276855469e+02,
       1.3904306106269360e-02, 8258303, -1 ]
   - [ 2.0563916015625000e+02, 3.5842153930664062e+02,
       2.7991044521331787e+00, 2.3158181762695312e+02,
       2.7184814214706421e-02, 15401727, -1 ]
   - [ 2.0634719848632812e+02, 3.7691766357421875e+02,
       3.3207919597625732e+00, 2.5805862426757812e+02,
       1.8703520298004150e-02, 11011071, -1 ]
   - [ 2.0634719848632812e+02, 3.7691766357421875e+02,
       3.3207919597625732e+00, 2.9909796142578125e+02,
       1.8703520298004150e-02, 11011071, -1 ]
   - [ 2.0980424499511719e+02, 3.6292022705078125e+02,
       2.4238519668579102e+00, 9.9807067871093750e+01,
       1.9932923838496208e-02, 4981503, -1 ]
   - [ 2.1111883544921875e+02, 3.6876947021484375e+02,
       5.3556399345397949e+00, 9.5736572265625000e+01,
       1.9081264734268188e-02, 12190208, -1 ]
   - [ 2.1283604431152344e+02, 3.8798217773437500e+02,
       4.0377631187438965e+00, 2.8117947387695312e+02,
       4.0934763848781586e-02, 8454400, -1 ]
   - [ 2.1314094543457031e+02, 3.6035012817382812e+02,
       8.5368309020996094e+00, 7.4139739990234375e+01,
       3.9100416004657745e-02, 12452097, -1 ]
   - [ 2.1550045776367188e+02, 3.9628765869140625e+02,
       1.5985214233398438e+01, 2.9619131469726562e+02,
       6.0227606445550919e-02, 7733506, -1 ]
   - [ 2.1550045776367188e+02, 3.9628765869140625e+02,
       1.5985214233398438e+01, 3.3092681884765625e+02,
       6.0227606445550919e-02, 7733506, -1 ]
   - [ 2.1689521789550781e+02, 3.6566146850585938e+02,
       2.6498630046844482e+00, 7.0410736083984375e+01,
       2.2143974900245667e-02, 11404031, -1 ]
   - [ 2.1738690185546875e+02, 3.5310845947265625e+02,
       2.9844298362731934e+00, 2.7355398559570312e+02,
       1.5664404258131981e-02, 3343359, -1 ]
   - [ 2.1761169433593750e+02, 3.9419448852539062e+02,
       1.2475506782531738e+01, 2.9054174804687500e+02,
       6.1311021447181702e-02, 6488833, -1 ]
   - [ 2.1761169433593750e+02, 3.9419448852539062e+02,
       1.2475506782531738e+01, 3.3554092407226562e+02,
       6.1311021447181702e-02, 6488833, -1 ]
   - [ 2.2092167663574219e+02, 3.6041015625000000e+02,
       2.4371361732482910e+00, 5.0215240478515625e+01,
       2.8266368433833122e-02, 5374719, -1 ]
   - [ 2.2411579895019531e+02, 3.5281381225585938e+02,
       2.1969487667083740e+00, 3.0546810913085938e+02,
       2.0052786916494370e-02, 14549503, -1 ]
   - [ 2.2489309692382812e+02, 3.4269357299804688e+02,
       2.9426488876342773e+00, 8.3124023437500000e+01,
       5.3210396319627762e-02, 2294783, -1 ]
   - [ 2.2517660522460938e+02, 3.3582611083984375e+02,
       7.9072389602661133e+00, 7.6388793945312500e+01,
       6.2118351459503174e-02, 6947073, -1 ]
   - [ 2.2577235412597656e+02, 4.1124029541015625e+02,
       7.8650803565979004e+00, 3.4379342651367188e+02,
       3.8864605128765106e-02, 6553857, -1 ]
   - [ 2.2588105773925781e+02, 3.3660174560546875e+02,
       6.8853554725646973e+00, 7.7725799560546875e+01,
       6.2639072537422180e-02, 13632256, -1 ]
   - [ 2.2758312988281250e+02, 4.1167279052734375e+02,
       5.3123569488525391e+00, 3.4721658325195312e+02,
       3.9556559175252914e-02, 11600384, -1 ]
   - [ 2.3297915649414062e+02, 3.3197439575195312e+02,
       3.8092327117919922e+00, 9.6325073242187500e+00,
       3.9913807064294815e-02, 4260096, -1 ]
   - [ 2.3394082641601562e+02, 3.9543399047851562e+02,
       1.8313633203506470e+00, 3.0744534301757812e+02,
       1.8851943314075470e-02, 1442303, -1 ]
   - [ 2.3788366699218750e+02, 3.1412609863281250e+02,
       8.1364793777465820e+00, 1.4050720214843750e+01,
       3.8540069013834000e-02, 8978689, -1 ]
   - [ 2.3978999328613281e+02, 4.0460095214843750e+02,
       4.3403601646423340e+00, 2.7855981445312500e+02,
       1.3554069213569164e-02, 13697280, -1 ]
   - [ 2.3993174743652344e+02, 4.1028668212890625e+02,
       4.6964931488037109e+00, 2.7869656372070312e+02,
       2.0917201414704323e-02, 2687488, -1 ]
   - [ 2.4256501770019531e+02, 4.2697155761718750e+02,
       2.0098965167999268e+00, 2.8698767089843750e+02,
       1.9567942246794701e-02, 8126975, -1 ]
   - [ 2.4387974548339844e+02, 4.0681842041015625e+02,
       2.0281436443328857e+00, 2.7557653808593750e+02,
       1.3376742601394653e-02, 8782335, -1 ]
   - [ 2.4480734252929688e+02, 4.0928292846679688e+02,
       1.8282947540283203e+00, 2.7460717773437500e+02,
       1.6612153500318527e-02, 1311231, -1 ]
   - [ 2.4515087890625000e+02, 2.9508633422851562e+02,
       5.2047743797302246e+00, 3.1156311035156250e+01,
       4.8689570277929306e-02, 10093056, -1 ]
   - [ 2.5043840026855469e+02, 3.0244851684570312e+02,
       3.0213027000427246e+00, 2.9412747192382812e+02,
       1.4716760255396366e-02, 4195327, -1 ]
   - [ 2.5071301269531250e+02, 3.4217004394531250e+02,
       8.0154647827148438e+00, 1.0244784545898438e+02,
       1.4943602494895458e-02, 7930113, -1 ]
   - [ 2.5321786499023438e+02, 2.8708050537109375e+02,
       2.0307083129882812e+00, 7.2978759765625000e+01,
       5.2804917097091675e-02, 8913407, -1 ]
   - [ 2.5355455017089844e+02, 3.6103710937500000e+02,
       3.4616081714630127e+00, 2.0215982055664062e+02,
       2.3864459246397018e-02, 14025727, -1 ]
   - [ 2.5390524291992188e+02, 4.3433377075195312e+02,
       4.7498412132263184e+00, 2.7304318237304688e+02,
       3.5006489604711533e-02, 3473920, -1 ]
   - [ 2.5406268310546875e+02, 2.9687426757812500e+02,
       4.2385535240173340e+00, 5.1198150634765625e+01,
       1.8767075613141060e-02, 11993344, -1 ]
   - [ 2.5406268310546875e+02, 2.9687426757812500e+02,
       4.2385535240173340e+00, 2.8716180419921875e+02,
       1.8767075613141060e-02, 11993344, -1 ]
   - [ 2.5412872314453125e+02, 2.8818566894531250e+02,
       4.0048213005065918e+00, 7.9069396972656250e+01,
       4.9774769693613052e-02, 7864576, -1 ]
   - [ 2.5586796569824219e+02, 2.9681674194335938e+02,
       1.7634485244750977e+01, 8.3778320312500000e+01,
       6.5476819872856140e-02, 14811394, -1 ]
   - [ 2.6044384765625000e+02, 3.5517834472656250e+02,
       6.7777323722839355e+00, 1.3059461975097656e+02,
       1.3500401750206947e-02, 12518144, -1 ]
   - [ 2.6408383178710938e+02, 3.0567449951171875e+02,
       3.4218189239501953e+01, 3.8208190917968750e+01,
       6.2065321952104568e-02, 12648707, -1 ]
   - [ 2.6408383178710938e+02, 3.0567449951171875e+02,
       3.4218189239501953e+01, 8.9578643798828125e+01,
       6.2065321952104568e-02, 12648707, -1 ]
   - [ 2.6485647583007812e+02, 3.0608166503906250e+02,
       6.2547936439514160e+00, 2.6793780517578125e+02,
       1.4585696160793304e-02, 6685440, -1 ]
   - [ 2.6906875610351562e+02, 2.9349670410156250e+02,
       3.3879146575927734e+00, 9.3510162353515625e+01,
       1.6916252672672272e-02, 12452863, -1 ]
