%YAML:1.0
---
maskKeypoints:
   - [ 3.6298416137695312e+01, 4.6198065185546875e+02,
       2.3435494899749756e+00, 1.8632214355468750e+02,
       1.1851802468299866e-01, 2556671, -1 ]
   - [ 2.7577832031250000e+02, 4.7193841552734375e+02,
       8.4845590591430664e+00, 1.8086090087890625e+01,
       8.3509653806686401e-02, 12058881, -1 ]
   - [ 2.8193139648437500e+02, 4.6905899047851562e+02,
       4.0078454017639160e+00, 1.8308752441406250e+02,
       2.0592294633388519e-02, 7930112, -1 ]
   - [ 2.8797348022460938e+02, 6.2509429931640625e+02,
       2.1295456886291504e+00, 3.5490426635742188e+02,
       5.5833656340837479e-02, 12321279, -1 ]
   - [ 2.8960772705078125e+02, 6.3270861816406250e+02,
       2.7843086719512939e+00, 3.2842663574218750e+02,
       5.8059453964233398e-02, 15008511, -1 ]
   - [ 2.8960772705078125e+02, 6.3270861816406250e+02,
       2.7843086719512939e+00, 3.4906182861328125e+02,
       5.8059453964233398e-02, 15008511, -1 ]
   - [ 2.9336987304687500e+02, 4.3404898071289062e+02,
       6.5097880363464355e+00, 3.1702087402343750e+01,
       4.7834474593400955e-02, 9569024, -1 ]
   - [ 2.9423696899414062e+02, 4.3358651733398438e+02,
       7.3192415237426758e+00, 3.1460845947265625e+01,
       4.7474548220634460e-02, 1376513, -1 ]
   - [ 2.9569430541992188e+02, 6.3697521972656250e+02,
       4.4208793640136719e+00, 2.9419238281250000e+02,
       5.2410293370485306e-02, 15008000, -1 ]
   - [ 2.9724551391601562e+02, 4.8291287231445312e+02,
       4.0407195091247559e+00, 2.6484100341796875e+02,
       4.2667478322982788e-02, 8519936, -1 ]
   - [ 3.0443682861328125e+02, 6.0499353027343750e+02,
       5.3486671447753906e+00, 5.1318389892578125e+01,
       2.4497736245393753e-02, 12059136, -1 ]
   - [ 3.0464193725585938e+02, 5.9889196777343750e+02,
       3.2532365322113037e+00, 5.4474151611328125e+01,
       2.7722919359803200e-02, 9569279, -1 ]
   - [ 3.0519976806640625e+02, 4.8190536499023438e+02,
       3.9890754222869873e+00, 2.6336145019531250e+02,
       4.5144669711589813e-02, 7602432, -1 ]
   - [ 3.0826287841796875e+02, 6.0442028808593750e+02,
       8.1076288223266602e+00, 5.4705078125000000e+01,
       2.4101227521896362e-02, 8782081, -1 ]
   - [ 3.0935168457031250e+02, 4.7500796508789062e+02,
       7.0988435745239258e+00, 2.5894683837890625e+02,
       4.8713754862546921e-02, 15860480, -1 ]
   - [ 3.2325500488281250e+02, 4.0018933105468750e+02,
       5.5262546539306641e+00, 5.0135742187500000e+01,
       5.1593594253063202e-02, 14418432, -1 ]
   - [ 3.2699319458007812e+02, 5.8710498046875000e+02,
       3.3489918708801270e+00, 5.6903686523437500e+01,
       2.2872043773531914e-02, 11666431, -1 ]
   - [ 3.3102899169921875e+02, 3.9477850341796875e+02,
       6.4157090187072754e+00, 5.6271728515625000e+01,
       5.4282560944557190e-02, 8520448, -1 ]
   - [ 3.3594396972656250e+02, 4.7427670288085938e+02,
       4.3932433128356934e+00, 2.5661145019531250e+02,
       4.7921873629093170e-02, 14549248, -1 ]
   - [ 3.3677877807617188e+02, 3.8289874267578125e+02,
       5.6452078819274902e+00, 6.0042755126953125e+01,
       4.4844049960374832e-02, 15991296, -1 ]
   - [ 3.3841000366210938e+02, 5.7917358398437500e+02,
       3.2541787624359131e+00, 5.7367919921875000e+01,
       2.5006016716361046e-02, 9569279, -1 ]
   - [ 3.4531802368164062e+02, 5.7606170654296875e+02,
       4.0743861198425293e+00, 6.4450683593750000e+01,
       2.5405194610357285e-02, 9109760, -1 ]
   - [ 3.4935437011718750e+02, 6.2269598388671875e+02,
       3.4345822334289551e+00, 4.9799621582031250e+01,
       1.4288025908172131e-02, 13501439, -1 ]
   - [ 3.5540927124023438e+02, 5.6682952880859375e+02,
       4.2468180656433105e+00, 6.7748352050781250e+01,
       2.4009358137845993e-02, 12124416, -1 ]
   - [ 3.6125622558593750e+02, 4.6595266723632812e+02,
       3.8676159381866455e+00, 2.4880795288085938e+02,
       5.1769599318504333e-02, 5374208, -1 ]
   - [ 3.6129467773437500e+02, 6.5787524414062500e+02,
       3.7827172279357910e+00, 2.7520288085937500e+02,
       4.3205186724662781e-02, 3735808, -1 ]
   - [ 3.6304238891601562e+02, 5.6831597900390625e+02,
       4.1654138565063477e+00, 7.7690704345703125e+01,
       2.5649316608905792e-02, 10682624, -1 ]
   - [ 3.7389263916015625e+02, 5.6314697265625000e+02,
       4.6899275779724121e+00, 8.4761413574218750e+01,
       2.4004179984331131e-02, 2556416, -1 ]
   - [ 3.7469577026367188e+02, 6.0097210693359375e+02,
       3.6284871101379395e+00, 8.6664398193359375e+01,
       1.6113255172967911e-02, 721152, -1 ]
   - [ 3.7856179809570312e+02, 3.6636462402343750e+02,
       2.6806786060333252e+00, 7.3270141601562500e+01,
       4.3952099978923798e-02, 12255999, -1 ]
   - [ 3.7862188720703125e+02, 4.1464987182617188e+02,
       7.3057792663574219e+01, 7.0521789550781250e+01,
       1.2173960357904434e-01, 655876, -1 ]
   - [ 3.7862188720703125e+02, 4.1464987182617188e+02,
       7.3057792663574219e+01, 2.4755688476562500e+02,
       1.2173960357904434e-01, 655876, -1 ]
   - [ 3.8762243652343750e+02, 5.6205206298828125e+02,
       4.8249225616455078e+00, 8.4344757080078125e+01,
       2.4351196363568306e-02, 4653568, -1 ]
   - [ 4.0792407226562500e+02, 5.6609082031250000e+02,
       3.9699847698211670e+00, 9.3930267333984375e+01,
       2.4324692785739899e-02, 7209216, -1 ]
   - [ 4.1101470947265625e+02, 5.9480523681640625e+02,
       2.6695816516876221e+00, 7.0215881347656250e+01,
       1.8767090514302254e-02, 11928319, -1 ]
   - [ 4.1358923339843750e+02, 5.6207696533203125e+02,
       4.7774901390075684e+00, 9.3700531005859375e+01,
       2.6110557839274406e-02, 3932672, -1 ]
   - [ 4.2813290405273438e+02, 5.6804681396484375e+02,
       3.6697933673858643e+00, 9.6760070800781250e+01,
       2.3781763389706612e-02, 1573120, -1 ]
   - [ 4.3372488403320312e+02, 5.6374560546875000e+02,
       5.6217913627624512e+00, 9.7003845214843750e+01,
       2.6463255286216736e-02, 15663616, -1 ]
   - [ 4.4326498413085938e+02, 3.6007415771484375e+02,
       1.9164198637008667e+00, 9.0807189941406250e+01,
       2.9796784743666649e-02, 4719103, -1 ]
   - [ 4.5085275268554688e+02, 5.8871606445312500e+02,
       2.6394660472869873e+00, 8.2691009521484375e+01,
       1.6180684790015221e-02, 11141887, -1 ]
   - [ 4.6239837646484375e+02, 3.4775985717773438e+02,
       2.0446775436401367e+01, 7.9710388183593750e+01,
       5.5802438408136368e-02, 8782338, -1 ]
   - [ 4.7096286010742188e+02, 5.6498883056640625e+02,
       5.0338053703308105e+00, 8.3143432617187500e+01,
       2.5419939309358597e-02, 7668224, -1 ]
   - [ 4.7774795532226562e+02, 3.6346453857421875e+02,
       2.3448054790496826e+00, 9.1550567626953125e+01,
       2.3798154667019844e-02, 2556671, -1 ]
   - [ 4.8235424804687500e+02, 3.5006539916992188e+02,
       5.3608493804931641e+00, 4.9301818847656250e+01,
       3.5153169184923172e-02, 12255744, -1 ]
   - [ 4.8623321533203125e+02, 3.6337039184570312e+02,
       4.6867828369140625e+00, 8.0372955322265625e+01,
       2.1603809669613838e-02, 2556416, -1 ]
   - [ 4.9278097534179688e+02, 2.8036749267578125e+02,
       9.0167381286621094e+01, 7.5061676025390625e+01,
       4.3018072843551636e-02, 15860228, -1 ]
   - [ 4.9561361694335938e+02, 5.6620001220703125e+02,
       3.5237705707550049e+00, 7.8921142578125000e+01,
       2.4173052981495857e-02, 15336447, -1 ]
   - [ 5.0091601562500000e+02, 6.0829302978515625e+02,
       5.7914814949035645e+00, 2.5727810668945312e+02,
       4.1615519672632217e-02, 1114880, -1 ]
   - [ 5.0092434692382812e+02, 3.3763372802734375e+02,
       3.0442376136779785e+00, 8.8844421386718750e+01,
       6.1902243643999100e-02, 4719615, -1 ]
   - [ 5.0174511718750000e+02, 4.0212191772460938e+02,
       4.0779619216918945e+00, 2.5091165161132812e+02,
       4.6425957232713699e-02, 9175296, -1 ]
   - [ 5.0857562255859375e+02, 3.8992312622070312e+02,
       1.2116402626037598e+01, 2.4764973449707031e+02,
       5.3994424641132355e-02, 4391681, -1 ]
