%YAML:1.0
---
maskKeypoints:
   - [ 1.9057475280761719e+02, 6.6686279296875000e+02,
       2.9460771083831787e+00, 7.8616149902343750e+01,
       1.0428798198699951e-01, 2360319, -1 ]
   - [ 1.9057475280761719e+02, 6.6686279296875000e+02,
       2.9460771083831787e+00, 2.6367092895507812e+02,
       1.0428798198699951e-01, 2360319, -1 ]
   - [ 2.0017019653320312e+02, 6.6586901855468750e+02,
       2.6027600765228271e+00, 8.9068328857421875e+01,
       9.8927557468414307e-02, 10158847, -1 ]
   - [ 2.0017019653320312e+02, 6.6586901855468750e+02,
       2.6027600765228271e+00, 2.5765533447265625e+02,
       9.8927557468414307e-02, 10158847, -1 ]
   - [ 3.2246417236328125e+02, 3.5445986938476562e+02,
       4.8026013374328613e+00, 6.0578948974609375e+01,
       4.7810889780521393e-02, 4325888, -1 ]
   - [ 3.2440756225585938e+02, 3.6794097900390625e+02,
       2.1612312316894531e+01, 6.3353912353515625e+01,
       8.7298199534416199e-02, 12845570, -1 ]
   - [ 3.2440756225585938e+02, 3.6794097900390625e+02,
       2.1612312316894531e+01, 2.9663116455078125e+02,
       8.7298199534416199e-02, 12845570, -1 ]
   - [ 3.2848779296875000e+02, 3.5896411132812500e+02,
       2.1822714805603027e+00, 2.2872406005859375e+02,
       1.5614103525876999e-02, 14090751, -1 ]
   - [ 3.3118582153320312e+02, 3.6041842651367188e+02,
       2.1413955688476562e+00, 2.3464514160156250e+02,
       2.4385998025536537e-02, 12714495, -1 ]
   - [ 3.3176565551757812e+02, 3.6658767700195312e+02,
       2.3984756469726562e+00, 1.1210105895996094e+02,
       2.2989965975284576e-02, 4195071, -1 ]
   - [ 3.3497332763671875e+02, 3.7989001464843750e+02,
       3.5659840106964111e+00, 2.6977471923828125e+02,
       1.8437581136822701e-02, 16188415, -1 ]
   - [ 3.3712808227539062e+02, 3.6682211303710938e+02,
       1.8986644744873047e+00, 9.1143005371093750e+01,
       8.8264167308807373e-02, 3998207, -1 ]
   - [ 3.3858453369140625e+02, 3.7072653198242188e+02,
       3.3291375637054443e+00, 8.6432647705078125e+01,
       2.8829485177993774e-02, 11207679, -1 ]
   - [ 3.3923001098632812e+02, 3.5748287963867188e+02,
       2.9053101539611816e+00, 2.6743988037109375e+02,
       1.7083520069718361e-02, 1377279, -1 ]
   - [ 3.4000402832031250e+02, 3.4693319702148438e+02,
       1.8524084091186523e+00, 7.9147186279296875e+01,
       4.8159778118133545e-02, 2228735, -1 ]
   - [ 3.4164266967773438e+02, 3.6051797485351562e+02,
       1.9582470655441284e+00, 2.6704895019531250e+02,
       2.8000155463814735e-02, 6226431, -1 ]
   - [ 3.4652822875976562e+02, 3.5690109252929688e+02,
       2.2754395008087158e+00, 3.0129940795898438e+02,
       1.5625193715095520e-02, 393983, -1 ]
   - [ 3.4894958496093750e+02, 4.0275515747070312e+02,
       2.0214330673217773e+01, 2.9770211791992188e+02,
       5.8824449777603149e-02, 7995906, -1 ]
   - [ 3.5200134277343750e+02, 3.3944534301757812e+02,
       9.8084678649902344e+00, 7.7612243652343750e+01,
       6.1518326401710510e-02, 5833217, -1 ]
   - [ 3.6440133666992188e+02, 4.1150643920898438e+02,
       2.6798219680786133e+00, 7.7195739746093750e+00,
       4.3583620339632034e-02, 12255999, -1 ]
   - [ 3.6794842529296875e+02, 4.1735726928710938e+02,
       5.0081572532653809e+00, 3.4898309326171875e+02,
       5.2490100264549255e-02, 7340544, -1 ]
   - [ 3.6850149536132812e+02, 3.9808093261718750e+02,
       1.0577348709106445e+01, 3.2557952880859375e+02,
       3.1105911359190941e-02, 11272705, -1 ]
   - [ 3.6902883911132812e+02, 4.5767764282226562e+02,
       5.8215068817138672e+01, 3.1335223388671875e+02,
       3.7753287702798843e-02, 917764, -1 ]
   - [ 3.7247708129882812e+02, 3.0756985473632812e+02,
       2.7285029888153076e+00, 1.6687286376953125e+01,
       4.3059073388576508e-02, 13566719, -1 ]
   - [ 3.7295672607421875e+02, 3.2375390625000000e+02,
       1.3815423965454102e+01, 2.0004913330078125e+01,
       3.2344751060009003e-02, 13894401, -1 ]
   - [ 3.7489724731445312e+02, 4.2236712646484375e+02,
       1.0989241600036621e+01, 2.8977914428710938e+02,
       5.4891861975193024e-02, 14025217, -1 ]
   - [ 3.7489724731445312e+02, 4.2236712646484375e+02,
       1.0989241600036621e+01, 3.3643991088867188e+02,
       5.4891861975193024e-02, 14025217, -1 ]
   - [ 3.8028390502929688e+02, 4.1067587280273438e+02,
       4.8366770744323730e+00, 2.7378729248046875e+02,
       2.0281272009015083e-02, 4784640, -1 ]
   - [ 3.8388031005859375e+02, 4.2510513305664062e+02,
       3.2029120922088623e+00, 2.7302478027343750e+02,
       2.4851208552718163e-02, 8455167, -1 ]
   - [ 3.8395242309570312e+02, 4.0730032348632812e+02,
       2.0245139598846436e+00, 2.7352600097656250e+02,
       1.4207824133336544e-02, 8651263, -1 ]
   - [ 3.8692160034179688e+02, 4.2781408691406250e+02,
       1.8906065225601196e+00, 2.6887829589843750e+02,
       1.8540933728218079e-02, 3736063, -1 ]
   - [ 3.8695950317382812e+02, 3.4576269531250000e+02,
       4.2492938041687012e+00, 2.9619250488281250e+02,
       1.4613364823162556e-02, 12189952, -1 ]
   - [ 3.8733312988281250e+02, 4.3618386840820312e+02,
       8.1386451721191406e+00, 2.7879458618164062e+02,
       3.5632379353046417e-02, 9044225, -1 ]
   - [ 3.8756500244140625e+02, 4.0132797241210938e+02,
       1.8784183263778687e+00, 2.7149560546875000e+02,
       1.3640579767525196e-02, 3277311, -1 ]
   - [ 3.8864654541015625e+02, 4.3407095336914062e+02,
       4.1728730201721191e+00, 2.8047540283203125e+02,
       3.5350952297449112e-02, 10813696, -1 ]
   - [ 3.8871774291992188e+02, 3.0298358154296875e+02,
       1.9457628250122070e+01, 2.8356323242187500e+01,
       6.4935304224491119e-02, 5243394, -1 ]
   - [ 3.8871774291992188e+02, 3.0298358154296875e+02,
       1.9457628250122070e+01, 8.4956085205078125e+01,
       6.4935304224491119e-02, 5243394, -1 ]
   - [ 3.9069079589843750e+02, 3.5485964965820312e+02,
       2.5655617713928223e+00, 1.4676525878906250e+02,
       1.6680305823683739e-02, 9110271, -1 ]
   - [ 3.9382714843750000e+02, 3.0200128173828125e+02,
       3.8203499317169189e+00, 1.0375604248046875e+02,
       1.6036987304687500e-02, 4456704, -1 ]
   - [ 3.9447604370117188e+02, 3.5125265502929688e+02,
       4.4975867271423340e+00, 1.3140571594238281e+02,
       2.0907193422317505e-02, 16253184, -1 ]
   - [ 3.9447604370117188e+02, 3.5125265502929688e+02,
       4.4975867271423340e+00, 2.8949584960937500e+02,
       2.0907193422317505e-02, 16253184, -1 ]
   - [ 3.9984457397460938e+02, 4.1827203369140625e+02,
       3.7676551342010498e+00, 8.8267242431640625e+01,
       1.3477248139679432e-02, 3473664, -1 ]
   - [ 4.0056286621093750e+02, 3.6356509399414062e+02,
       2.1634006500244141e+00, 9.7497924804687500e+01,
       1.7315831035375595e-02, 13435391, -1 ]
   - [ 4.0056286621093750e+02, 3.6356509399414062e+02,
       2.1634006500244141e+00, 2.4323712158203125e+02,
       1.7315831035375595e-02, 13435391, -1 ]
   - [ 4.0105877685546875e+02, 3.6118988037109375e+02,
       9.0645675659179688e+01, 8.9637329101562500e+01,
       8.2924231886863708e-02, 16253444, -1 ]
   - [ 4.0105877685546875e+02, 3.6118988037109375e+02,
       9.0645675659179688e+01, 3.1703204345703125e+02,
       8.2924231886863708e-02, 16253444, -1 ]
   - [ 4.0208093261718750e+02, 2.9905358886718750e+02,
       2.4831929206848145e+00, 1.0085409545898438e+02,
       1.6449067741632462e-02, 6750975, -1 ]
   - [ 4.0208203125000000e+02, 3.0364761352539062e+02,
       4.2531695365905762e+00, 2.6964334106445312e+02,
       2.3218881338834763e-02, 12255488, -1 ]
   - [ 4.0547293090820312e+02, 4.3938235473632812e+02,
       6.7301454544067383e+00, 2.7556591796875000e+02,
       2.7960162609815598e-02, 11993856, -1 ]
   - [ 4.0604757690429688e+02, 4.3811431884765625e+02,
       4.2369089126586914e+00, 2.7520748901367188e+02,
       2.8608676046133041e-02, 11927808, -1 ]
   - [ 4.0622952270507812e+02, 3.6985302734375000e+02,
       7.6538939476013184e+00, 1.0369024658203125e+02,
       2.0699264481663704e-02, 4587777, -1 ]
