%YAML:1.0
---
maskKeypoints:
   - [ 7.7083263397216797e+00, 7.5711092948913574e+00,
       5.3347125053405762e+00, 4.2450225830078125e+01,
       4.3234955519437790e-02, 11928064, -1 ]
   - [ 5.1807907104492188e+01, 7.9948177337646484e+00,
       2.2418634891510010e+00, 2.2736344909667969e+02,
       6.0542929917573929e-02, 16056831, -1 ]
   - [ 1.0819522857666016e+02, 4.2714273071289062e+02,
       2.1797485351562500e+00, 1.1550021362304688e+02,
       1.0738893598318100e-01, 14025215, -1 ]
   - [ 1.0819522857666016e+02, 4.2714273071289062e+02,
       2.1797485351562500e+00, 3.0906762695312500e+02,
       1.0738893598318100e-01, 14025215, -1 ]
   - [ 1.1302972412109375e+02, 4.3046441650390625e+02,
       2.1533424854278564e+00, 1.3190710449218750e+02,
       1.0791944712400436e-01, 13107711, -1 ]
   - [ 2.6263906860351562e+02, 3.6583792114257812e+02,
       2.3937907218933105e+00, 2.8467144775390625e+02,
       1.4184719882905483e-02, 4063999, -1 ]
   - [ 2.6305047607421875e+02, 3.6008547973632812e+02,
       1.2799595832824707e+01, 7.0640594482421875e+01,
       9.8595395684242249e-02, 8323841, -1 ]
   - [ 2.6305047607421875e+02, 3.6008547973632812e+02,
       1.2799595832824707e+01, 2.9724417114257812e+02,
       9.8595395684242249e-02, 8323841, -1 ]
   - [ 2.6719113159179688e+02, 3.6388504028320312e+02,
       2.0126118659973145e+00, 2.5558172607421875e+02,
       1.6825420781970024e-02, 8258047, -1 ]
   - [ 2.7058602905273438e+02, 3.8061831665039062e+02,
       1.2762182235717773e+01, 2.9847689819335938e+02,
       5.5304806679487228e-02, 8127233, -1 ]
   - [ 2.7078271484375000e+02, 3.7412042236328125e+02,
       4.1412196159362793e+00, 3.0851272583007812e+02,
       5.0813995301723480e-02, 10289408, -1 ]
   - [ 2.7198739624023438e+02, 3.7310131835937500e+02,
       2.1078336238861084e+00, 3.1583255004882812e+02,
       5.4340064525604248e-02, 11600383, -1 ]
   - [ 2.7262908935546875e+02, 3.5577954101562500e+02,
       3.0067310333251953e+00, 9.2407348632812500e+01,
       4.4697716832160950e-02, 3867647, -1 ]
   - [ 2.7283370971679688e+02, 3.5948965454101562e+02,
       2.5062160491943359e+00, 9.2888641357421875e+01,
       1.9767440855503082e-02, 7406335, -1 ]
   - [ 2.7967752075195312e+02, 3.5899804687500000e+02,
       2.8446524143218994e+00, 8.2437866210937500e+01,
       1.8811650574207306e-02, 16581375, -1 ]
   - [ 2.8047052001953125e+02, 3.3531677246093750e+02,
       1.7980154037475586e+01, 6.2275939941406250e+01,
       5.9191789478063583e-02, 16253186, -1 ]
   - [ 2.8395413208007812e+02, 3.4911071777343750e+02,
       3.3010566234588623e+00, 7.9557098388671875e+01,
       5.9909205883741379e-02, 10617855, -1 ]
   - [ 2.8459014892578125e+02, 3.9252783203125000e+02,
       8.9234228134155273e+00, 2.8260333251953125e+02,
       6.6294342279434204e-02, 15663361, -1 ]
   - [ 2.8459014892578125e+02, 3.9252783203125000e+02,
       8.9234228134155273e+00, 3.5853759765625000e+02,
       6.6294342279434204e-02, 15663361, -1 ]
   - [ 2.8734332275390625e+02, 3.8207269287109375e+02,
       3.0488212108612061e+00, 1.0117141723632812e+02,
       1.8611505627632141e-02, 4850687, -1 ]
   - [ 2.8991073608398438e+02, 3.9379962158203125e+02,
       2.2247600555419922e+00, 2.7375503540039062e+02,
       3.1780313700437546e-02, 15467007, -1 ]
   - [ 2.8999487304687500e+02, 4.3822668457031250e+02,
       3.8809094429016113e+00, 3.1989407348632812e+02,
       5.0814725458621979e-02, 5570816, -1 ]
   - [ 2.9018322753906250e+02, 4.3805346679687500e+02,
       3.5251233577728271e+00, 3.1855371093750000e+02,
       5.0959717482328415e-02, 15336447, -1 ]
   - [ 2.9035446166992188e+02, 4.2260717773437500e+02,
       1.3011061668395996e+01, 9.7397277832031250e+01,
       9.7448684275150299e-02, 9569025, -1 ]
   - [ 2.9035446166992188e+02, 4.2260717773437500e+02,
       1.3011061668395996e+01, 3.2878765869140625e+02,
       9.7448684275150299e-02, 9569025, -1 ]
   - [ 2.9093865966796875e+02, 3.9662930297851562e+02,
       2.0262718200683594e+00, 2.7453643798828125e+02,
       1.7817450687289238e-02, 8716799, -1 ]
   - [ 2.9130120849609375e+02, 4.1563339233398438e+02,
       2.7850489616394043e+00, 1.0423658752441406e+02,
       4.9945861101150513e-02, 15008511, -1 ]
   - [ 2.9215109252929688e+02, 3.4399215698242188e+02,
       3.9085998535156250e+00, 3.8244476318359375e+01,
       4.4229578226804733e-02, 6095104, -1 ]
   - [ 2.9333380126953125e+02, 3.8277413940429688e+02,
       3.4633033275604248e+00, 9.4756286621093750e+01,
       2.2523259744048119e-02, 14091263, -1 ]
   - [ 2.9403237915039062e+02, 4.0312658691406250e+02,
       4.3687524795532227e+00, 2.7340805053710938e+02,
       3.2602611929178238e-02, 14156032, -1 ]
   - [ 3.0101757812500000e+02, 4.4989697265625000e+02,
       3.9017701148986816e+00, 3.1291793823242188e+02,
       4.8359267413616180e-02, 5964032, -1 ]
   - [ 3.0393075561523438e+02, 4.3387005615234375e+02,
       2.0140225887298584e+00, 3.5888333129882812e+02,
       1.9657960161566734e-02, 8258047, -1 ]
   - [ 3.0402194213867188e+02, 4.1921133422851562e+02,
       2.1886434555053711e+00, 1.0464245605468750e+02,
       4.6164657920598984e-02, 14287359, -1 ]
   - [ 3.0467620849609375e+02, 2.9112976074218750e+02,
       5.1069540977478027e+00, 5.9703613281250000e+01,
       4.4805232435464859e-02, 8716800, -1 ]
   - [ 3.0564334106445312e+02, 3.9706228637695312e+02,
       6.5212540626525879e+00, 2.7226553344726562e+02,
       3.3501267433166504e-02, 9700096, -1 ]
   - [ 3.0579415893554688e+02, 3.2629571533203125e+02,
       5.1312928199768066e+00, 3.0261523437500000e+02,
       1.3393662869930267e-02, 9110016, -1 ]
   - [ 3.0645126342773438e+02, 4.1035726928710938e+02,
       1.3156825065612793e+01, 9.8457519531250000e+01,
       8.8871374726295471e-02, 10355457, -1 ]
   - [ 3.0696267700195312e+02, 4.4825552368164062e+02,
       5.3176603317260742e+00, 3.1051040649414062e+02,
       4.6549841761589050e-02, 11665920, -1 ]
   - [ 3.1477404785156250e+02, 3.3231845092773438e+02,
       2.8787477016448975e+00, 2.8895184326171875e+02,
       1.5486666932702065e-02, 721919, -1 ]
   - [ 3.1530126953125000e+02, 3.4498529052734375e+02,
       5.9745202064514160e+00, 1.2207455444335938e+02,
       1.8335010856389999e-02, 3408640, -1 ]
   - [ 3.1637341308593750e+02, 3.5192266845703125e+02,
       3.6947801113128662e+00, 1.0758038330078125e+02,
       1.6764076426625252e-02, 2031872, -1 ]
   - [ 3.1761767578125000e+02, 3.8287243652343750e+02,
       1.0425373077392578e+01, 2.7169665527343750e+02,
       3.1456671655178070e-02, 10224129, -1 ]
   - [ 3.1784683227539062e+02, 2.8634051513671875e+02,
       5.5233507156372070e+00, 8.0965606689453125e+01,
       5.4437737911939621e-02, 14418432, -1 ]
   - [ 3.1803524780273438e+02, 3.4301245117187500e+02,
       2.1694715023040771e+00, 9.8359619140625000e+01,
       1.7094086855649948e-02, 13697535, -1 ]
   - [ 3.1803524780273438e+02, 3.4301245117187500e+02,
       2.1694715023040771e+00, 1.4216293334960938e+02,
       1.7094086855649948e-02, 13697535, -1 ]
   - [ 3.1857260131835938e+02, 3.8941842651367188e+02,
       1.8845688104629517e+00, 2.4942691040039062e+02,
       2.4355195462703705e-02, 3473919, -1 ]
   - [ 3.2010739135742188e+02, 3.8391860961914062e+02,
       3.1303803920745850e+00, 3.2942916870117188e+02,
       3.5865012556314468e-02, 6751231, -1 ]
   - [ 3.2057937622070312e+02, 3.3467901611328125e+02,
       2.7339236736297607e+00, 2.8018914794921875e+02,
       1.7146285623311996e-02, 13697791, -1 ]
   - [ 3.2139886474609375e+02, 3.9078955078125000e+02,
       2.5045442581176758e+00, 8.6270599365234375e+01,
       4.9197316169738770e-02, 7340799, -1 ]
   - [ 3.2207043457031250e+02, 3.3130944824218750e+02,
       3.1246600151062012e+00, 2.7986068725585938e+02,
       1.3999775983393192e-02, 6620159, -1 ]
   - [ 3.2218536376953125e+02, 3.0402972412109375e+02,
       3.3163742065429688e+01, 2.9806518554687500e+01,
       6.3123233616352081e-02, 10354947, -1 ]
