%YAML:1.0
---
maskKeypoints:
   - [ 1.4548251342773438e+02, 5.9727825927734375e+02,
       2.3454499244689941e+00, 2.7379580688476562e+02,
       1.0607844591140747e-01, 2622207, -1 ]
   - [ 1.5806449890136719e+02, 5.9608410644531250e+02,
       2.1552805900573730e+00, 9.2998596191406250e+01,
       1.0145807266235352e-01, 13173247, -1 ]
   - [ 2.9332989501953125e+02, 3.2326306152343750e+02,
       2.0675626754760742e+01, 6.7481109619140625e+01,
       8.7980456650257111e-02, 9634306, -1 ]
   - [ 2.9332989501953125e+02, 3.2326306152343750e+02,
       2.0675626754760742e+01, 3.0094195556640625e+02,
       8.7980456650257111e-02, 9634306, -1 ]
   - [ 2.9731787109375000e+02, 3.1597994995117188e+02,
       2.0130074024200439e+00, 2.2842619323730469e+02,
       1.3703150674700737e-02, 8258047, -1 ]
   - [ 2.9980606079101562e+02, 3.1752499389648438e+02,
       2.2838814258575439e+00, 2.3623661804199219e+02,
       2.0475922152400017e-02, 656127, -1 ]
   - [ 2.9995550537109375e+02, 3.2326049804687500e+02,
       2.3641891479492188e+00, 1.2139749145507812e+02,
       2.0549284294247627e-02, 3146495, -1 ]
   - [ 3.0570614624023438e+02, 3.2115893554687500e+02,
       1.9975767135620117e+00, 2.5291891479492188e+02,
       3.2380849123001099e-02, 7668223, -1 ]
   - [ 3.0621582031250000e+02, 3.1495077514648438e+02,
       2.6536602973937988e+00, 2.6424713134765625e+02,
       1.5305891633033752e-02, 11535103, -1 ]
   - [ 3.0703350830078125e+02, 3.2839920043945312e+02,
       3.9295620918273926e+00, 8.7940643310546875e+01,
       2.9783478006720543e-02, 6488320, -1 ]
   - [ 3.0776229858398438e+02, 3.2343994140625000e+02,
       2.9781727790832520e+00, 8.0304077148437500e+01,
       8.8175334036350250e-02, 3146751, -1 ]
   - [ 3.0851904296875000e+02, 3.1881692504882812e+02,
       3.1111147403717041e+00, 2.7235977172851562e+02,
       2.2841243073344231e-02, 6292479, -1 ]
   - [ 3.0940136718750000e+02, 3.4716131591796875e+02,
       4.2240085601806641e+00, 2.8315014648437500e+02,
       3.9922978729009628e-02, 11731200, -1 ]
   - [ 3.1254077148437500e+02, 3.4440423583984375e+02,
       2.0444982051849365e+00, 2.8697842407226562e+02,
       5.0988856703042984e-02, 9372159, -1 ]
   - [ 3.1451342773437500e+02, 3.1518862915039062e+02,
       2.0935354232788086e+00, 2.9992214965820312e+02,
       1.6307866200804710e-02, 11076095, -1 ]
   - [ 3.1712255859375000e+02, 3.2182922363281250e+02,
       2.3118534088134766e+00, 1.9244018554687500e+01,
       1.3526217080652714e-02, 1573631, -1 ]
   - [ 3.1749969482421875e+02, 3.5982843017578125e+02,
       2.0242254257202148e+01, 3.0006878662109375e+02,
       5.8594226837158203e-02, 8061442, -1 ]
   - [ 3.2127178955078125e+02, 3.0510900878906250e+02,
       2.0981063842773438e+00, 9.1313659667968750e+01,
       4.6264093369245529e-02, 11272703, -1 ]
   - [ 3.2195910644531250e+02, 2.9738665771484375e+02,
       1.0689578056335449e+01, 8.5134918212890625e+01,
       5.9709299355745316e-02, 12059137, -1 ]
   - [ 3.3170651245117188e+02, 3.6697909545898438e+02,
       4.2120680809020996e+00, 3.5846334838867188e+02,
       4.2732790112495422e-02, 11534592, -1 ]
   - [ 3.4124731445312500e+02, 2.8937957763671875e+02,
       2.8213641643524170e+00, 1.9631198120117188e+02,
       1.3927254825830460e-02, 15991551, -1 ]
   - [ 3.4186383056640625e+02, 3.7840344238281250e+02,
       1.0012598991394043e+01, 2.9518505859375000e+02,
       5.4771665483713150e-02, 7275009, -1 ]
   - [ 3.4186383056640625e+02, 3.7840344238281250e+02,
       1.0012598991394043e+01, 3.3856884765625000e+02,
       5.4771665483713150e-02, 7275009, -1 ]
   - [ 3.4535171508789062e+02, 2.7146829223632812e+02,
       4.2959971427917480e+00, 2.2653778076171875e+01,
       4.2129822075366974e-02, 12976384, -1 ]
   - [ 3.4585485839843750e+02, 3.8049853515625000e+02,
       2.7999320030212402e+00, 2.8147564697265625e+02,
       1.5091594308614731e-02, 15401727, -1 ]
   - [ 3.4671218872070312e+02, 3.0594320678710938e+02,
       9.4714279174804688e+00, 1.0973461914062500e+02,
       1.4037685468792915e-02, 3277313, -1 ]
   - [ 3.4892559814453125e+02, 3.2481466674804688e+02,
       3.0515003204345703e+00, 7.3959777832031250e+01,
       2.1696621552109718e-02, 4916223, -1 ]
   - [ 3.4962301635742188e+02, 3.6857385253906250e+02,
       4.2295651435852051e+00, 2.7843334960937500e+02,
       2.1380160003900528e-02, 11796736, -1 ]
   - [ 3.5070281982421875e+02, 3.9229537963867188e+02,
       7.8262176513671875e+00, 2.8141540527343750e+02,
       3.3646419644355774e-02, 6226177, -1 ]
   - [ 3.5204132080078125e+02, 3.8183001708984375e+02,
       2.8405752182006836e+00, 2.7858746337890625e+02,
       2.3222086951136589e-02, 16450303, -1 ]
   - [ 3.5363973999023438e+02, 2.6828878784179688e+02,
       1.9792461395263672e+00, 2.7438275146484375e+02,
       1.3423775322735310e-02, 7012863, -1 ]
   - [ 3.5838662719726562e+02, 3.1602386474609375e+02,
       2.3559334278106689e+00, 1.4816799926757812e+02,
       1.7607510089874268e-02, 2949887, -1 ]
   - [ 3.5872683715820312e+02, 2.5991418457031250e+02,
       4.0068807601928711e+00, 8.6828857421875000e+01,
       4.6244677156209946e-02, 7930112, -1 ]
   - [ 3.6045214843750000e+02, 2.6894140625000000e+02,
       1.8496747970581055e+01, 3.6348571777343750e+01,
       6.5768241882324219e-02, 1573378, -1 ]
   - [ 3.6045214843750000e+02, 2.6894140625000000e+02,
       1.8496747970581055e+01, 8.8248291015625000e+01,
       6.5768241882324219e-02, 1573378, -1 ]
   - [ 3.6214205932617188e+02, 3.1298461914062500e+02,
       4.3439130783081055e+00, 1.3455171203613281e+02,
       2.0846452564001083e-02, 13762816, -1 ]
   - [ 3.6214205932617188e+02, 3.1298461914062500e+02,
       4.3439130783081055e+00, 2.9660705566406250e+02,
       2.0846452564001083e-02, 13762816, -1 ]
   - [ 3.6451419067382812e+02, 3.7057617187500000e+02,
       4.9446520805358887e+00, 2.7855944824218750e+02,
       2.0967071875929832e-02, 6423040, -1 ]
   - [ 3.6553067016601562e+02, 2.5907763671875000e+02,
       2.1771335601806641e+00, 9.0085998535156250e+01,
       4.8000607639551163e-02, 13894143, -1 ]
   - [ 3.6621731567382812e+02, 3.7627279663085938e+02,
       3.1981494426727295e+00, 8.9665344238281250e+01,
       1.5787897631525993e-02, 8324095, -1 ]
   - [ 3.6738894653320312e+02, 3.2336514282226562e+02,
       8.4732040405273438e+01, 9.2948242187500000e+01,
       8.4753781557083130e-02, 11338244, -1 ]
   - [ 3.6738894653320312e+02, 3.2336514282226562e+02,
       8.4732040405273438e+01, 3.2042913818359375e+02,
       8.4753781557083130e-02, 11338244, -1 ]
   - [ 3.6764038085937500e+02, 3.2506729125976562e+02,
       2.1982104778289795e+00, 1.0799658203125000e+02,
       1.5087407082319260e-02, 14615039, -1 ]
   - [ 3.6764038085937500e+02, 3.2506729125976562e+02,
       2.1982104778289795e+00, 2.4925567626953125e+02,
       1.5087407082319260e-02, 14615039, -1 ]
   - [ 3.6855084228515625e+02, 3.1662503051757812e+02,
       9.0679540634155273e+00, 1.4503837585449219e+02,
       1.8542172387242317e-02, 131585, -1 ]
   - [ 3.6912115478515625e+02, 3.1566085815429688e+02,
       3.4560077190399170e+00, 2.8110070800781250e+02,
       1.4130044728517532e-02, 13894655, -1 ]
   - [ 3.7105294799804688e+02, 3.9409246826171875e+02,
       4.2244319915771484e+00, 2.7590643310546875e+02,
       3.0092690140008926e-02, 11731200, -1 ]
   - [ 3.7410238647460938e+02, 4.2690734863281250e+02,
       3.3049087524414062e+00, 7.6673858642578125e+01,
       5.0506681203842163e-02, 10683391, -1 ]
   - [ 3.7425845336914062e+02, 2.7065530395507812e+02,
       4.2093095779418945e+00, 2.7176882934570312e+02,
       2.1709645166993141e-02, 11469056, -1 ]
   - [ 3.7442245483398438e+02, 3.7667239379882812e+02,
       3.1497056484222412e+00, 9.9380126953125000e+01,
       1.6674339771270752e-02, 7209983, -1 ]
   - [ 3.7675720214843750e+02, 2.6138140869140625e+02,
       3.9595406055450439e+00, 9.6571899414062500e+01,
       4.9812596291303635e-02, 7078144, -1 ]
