%YAML:1.0
---
maskKeypoints:
   - [ 1.5110884094238281e+02, 7.2825079345703125e+02,
       2.3074498176574707e+00, 2.7448291015625000e+02,
       9.4048134982585907e-02, 1442559, -1 ]
   - [ 1.5243203735351562e+02, 7.2794323730468750e+02,
       3.1706531047821045e+00, 7.4461975097656250e+01,
       9.4998627901077271e-02, 7668735, -1 ]
   - [ 1.5243203735351562e+02, 7.2794323730468750e+02,
       3.1706531047821045e+00, 2.6672595214843750e+02,
       9.4998627901077271e-02, 7668735, -1 ]
   - [ 1.6411543273925781e+02, 7.2601898193359375e+02,
       2.0897545814514160e+00, 9.3131042480468750e+01,
       1.0073430091142654e-01, 10945023, -1 ]
   - [ 2.8098147583007812e+02, 4.3303787231445312e+02,
       2.2518316268920898e+01, 6.3413635253906250e+01,
       8.9120745658874512e-02, 15794690, -1 ]
   - [ 2.8098147583007812e+02, 4.3303787231445312e+02,
       2.2518316268920898e+01, 2.9482751464843750e+02,
       8.9120745658874512e-02, 15794690, -1 ]
   - [ 2.8354241943359375e+02, 4.2455508422851562e+02,
       2.1373505592346191e+00, 2.2484664916992188e+02,
       1.4547791332006454e-02, 12583423, -1 ]
   - [ 2.8657388305664062e+02, 4.3159799194335938e+02,
       2.5929136276245117e+00, 1.4375521850585938e+02,
       1.7961436882615089e-02, 9831167, -1 ]
   - [ 2.9012167358398438e+02, 4.5115185546875000e+02,
       2.4934957027435303e+00, 2.7444812011718750e+02,
       3.6794297397136688e-02, 7013119, -1 ]
   - [ 2.9127053833007812e+02, 4.4518002319335938e+02,
       3.4003078937530518e+00, 2.6330853271484375e+02,
       1.9384810701012611e-02, 12780543, -1 ]
   - [ 2.9197335815429688e+02, 4.2276635742187500e+02,
       2.4563653469085693e+00, 2.6369320678710938e+02,
       1.6722343862056732e-02, 5964543, -1 ]
   - [ 2.9318728637695312e+02, 4.3140499877929688e+02,
       2.4506127834320068e+00, 8.2353149414062500e+01,
       7.7661916613578796e-02, 5767935, -1 ]
   - [ 2.9492813110351562e+02, 4.2652478027343750e+02,
       3.1734366416931152e+00, 2.6822344970703125e+02,
       2.0949410274624825e-02, 7734271, -1 ]
   - [ 2.9611639404296875e+02, 4.3411441040039062e+02,
       2.6912286281585693e+00, 7.7770507812500000e+01,
       2.6950061321258545e-02, 12518143, -1 ]
   - [ 2.9621182250976562e+02, 4.5511541748046875e+02,
       4.5240974426269531e+00, 2.7672915649414062e+02,
       4.0596771985292435e-02, 16711936, -1 ]
   - [ 2.9685949707031250e+02, 4.3083499145507812e+02,
       1.9082201719284058e+00, 7.5447296142578125e+01,
       8.0952808260917664e-02, 4391423, -1 ]
   - [ 2.9738897705078125e+02, 4.1272561645507812e+02,
       3.0676763057708740e+00, 8.4739410400390625e+01,
       5.5039018392562866e-02, 5309439, -1 ]
   - [ 3.0046386718750000e+02, 4.2188638305664062e+02,
       2.0836136341094971e+00, 2.9861840820312500e+02,
       1.7221674323081970e-02, 10748415, -1 ]
   - [ 3.0559411621093750e+02, 4.6644763183593750e+02,
       1.9865121841430664e+01, 2.9605236816406250e+02,
       5.8875683695077896e-02, 6750722, -1 ]
   - [ 3.0742834472656250e+02, 4.0542550659179688e+02,
       8.4506158828735352e+00, 8.2034515380859375e+01,
       6.2351346015930176e-02, 11731201, -1 ]
   - [ 3.2152105712890625e+02, 4.7380017089843750e+02,
       2.5166046619415283e+00, 1.0169311523437500e+01,
       4.5533519238233566e-02, 7668479, -1 ]
   - [ 3.3176046752929688e+02, 4.8462405395507812e+02,
       1.0000599861145020e+01, 2.8400015258789062e+02,
       5.3647026419639587e-02, 7209473, -1 ]
   - [ 3.3176046752929688e+02, 4.8462405395507812e+02,
       1.0000599861145020e+01, 3.2900369262695312e+02,
       5.3647026419639587e-02, 7209473, -1 ]
   - [ 3.3515734863281250e+02, 4.2902828979492188e+02,
       3.0242736339569092e+00, 7.1052307128906250e+01,
       2.3543568328022957e-02, 4260863, -1 ]
   - [ 3.3515734863281250e+02, 4.2902828979492188e+02,
       3.0242736339569092e+00, 1.9678361511230469e+02,
       2.3543568328022957e-02, 4260863, -1 ]
   - [ 3.4028369140625000e+02, 4.8653250122070312e+02,
       3.5093953609466553e+00, 2.7145159912109375e+02,
       2.2595934569835663e-02, 15008767, -1 ]
   - [ 3.4082312011718750e+02, 3.6258172607421875e+02,
       3.0150976181030273e+00, 8.2159454345703125e+01,
       5.0536848604679108e-02, 4064255, -1 ]
   - [ 3.4107739257812500e+02, 4.7021151733398438e+02,
       2.1733846664428711e+00, 2.7094955444335938e+02,
       1.6673235222697258e-02, 13828607, -1 ]
   - [ 3.4262661743164062e+02, 3.7251983642578125e+02,
       1.9037111282348633e+01, 8.4803863525390625e+01,
       6.5947674214839935e-02, 3670530, -1 ]
   - [ 3.4344775390625000e+02, 4.8919519042968750e+02,
       1.7980402708053589e+00, 2.7015786743164062e+02,
       1.5004792250692844e-02, 66047, -1 ]
   - [ 3.4409985351562500e+02, 4.1982635498046875e+02,
       2.6057302951812744e+00, 1.3776934814453125e+02,
       1.5685977414250374e-02, 10224383, -1 ]
   - [ 3.4653738403320312e+02, 3.6204721069335938e+02,
       2.0453741550445557e+00, 8.9824737548828125e+01,
       5.0494078546762466e-02, 9437695, -1 ]
   - [ 3.4743710327148438e+02, 4.1616699218750000e+02,
       3.9504196643829346e+00, 1.2669992065429688e+02,
       2.2863360121846199e-02, 6881536, -1 ]
   - [ 3.4743710327148438e+02, 4.1616699218750000e+02,
       3.9504196643829346e+00, 2.8915072631835938e+02,
       2.2863360121846199e-02, 6881536, -1 ]
   - [ 3.5225747680664062e+02, 4.7290618896484375e+02,
       1.9034416675567627e+00, 2.6695196533203125e+02,
       1.9500350579619408e-02, 4194815, -1 ]
   - [ 3.5289205932617188e+02, 4.2663217163085938e+02,
       8.4326286315917969e+01, 8.7025939941406250e+01,
       8.6194649338722229e-02, 11010564, -1 ]
   - [ 3.5289205932617188e+02, 4.2663217163085938e+02,
       8.4326286315917969e+01, 3.1132418823242188e+02,
       8.6194649338722229e-02, 11010564, -1 ]
   - [ 3.5343096923828125e+02, 3.6295965576171875e+02,
       3.4486558437347412e+00, 9.3507080078125000e+01,
       4.9961514770984650e-02, 13763583, -1 ]
   - [ 3.5400814819335938e+02, 4.2761581420898438e+02,
       2.4628417491912842e+00, 1.0601731872558594e+02,
       1.6290910542011261e-02, 6161151, -1 ]
   - [ 3.5400814819335938e+02, 4.2761581420898438e+02,
       2.4628417491912842e+00, 2.3501333618164062e+02,
       1.6290910542011261e-02, 6161151, -1 ]
   - [ 3.5545764160156250e+02, 4.1804635620117188e+02,
       2.6695344448089600e+00, 2.7833288574218750e+02,
       1.6538592055439949e-02, 11928319, -1 ]
   - [ 3.5600885009765625e+02, 3.7314178466796875e+02,
       4.5177154541015625e+00, 2.6773736572265625e+02,
       2.3209733888506889e-02, 16580864, -1 ]
   - [ 3.5614172363281250e+02, 3.7956698608398438e+02,
       5.0206189155578613e+00, 2.6583755493164062e+02,
       1.4430946670472622e-02, 7537152, -1 ]
   - [ 3.5971066284179688e+02, 4.3399993896484375e+02,
       7.4544730186462402e+00, 1.0027908325195312e+02,
       2.4714505299925804e-02, 2687233, -1 ]
   - [ 3.6175167846679688e+02, 4.6818212890625000e+02,
       5.4341125488281250e+00, 2.6492288208007812e+02,
       1.5371433459222317e-02, 13238784, -1 ]
   - [ 3.6361614990234375e+02, 4.7949114990234375e+02,
       2.9029848575592041e+00, 9.5390502929687500e+01,
       1.6405196860432625e-02, 1311743, -1 ]
   - [ 3.6361614990234375e+02, 4.7949114990234375e+02,
       2.9029848575592041e+00, 2.5337982177734375e+02,
       1.6405196860432625e-02, 1311743, -1 ]
   - [ 3.6435879516601562e+02, 4.1494332885742188e+02,
       2.3256728649139404e+00, 2.7193991088867188e+02,
       2.2423308342695236e-02, 1966847, -1 ]
   - [ 3.6447155761718750e+02, 3.6216885375976562e+02,
       2.1695621013641357e+00, 9.7055603027343750e+01,
       5.2665110677480698e-02, 13697535, -1 ]
   - [ 3.7135372924804688e+02, 4.8805194091796875e+02,
       7.9395103454589844e+00, 2.6881500244140625e+02,
       3.9494216442108154e-02, 7209217, -1 ]
   - [ 3.7137768554687500e+02, 4.3534567260742188e+02,
       6.4713325500488281e+00, 8.7333831787109375e+01,
       2.2627089172601700e-02, 9175808, -1 ]
