%YAML:1.0
---
maskKeypoints:
   - [ 7.1472549438476562e+01, 3.6224661254882812e+02,
       9.6971158981323242e+00, 1.5336804199218750e+02,
       7.4840947985649109e-02, 4981249, -1 ]
   - [ 7.1472549438476562e+01, 3.6224661254882812e+02,
       9.6971158981323242e+00, 3.3735037231445312e+02,
       7.4840947985649109e-02, 4981249, -1 ]
   - [ 9.3819305419921875e+01, 7.8827447509765625e+02,
       2.3123195171356201e+00, 1.3848068237304688e+02,
       1.4519496262073517e-01, 1573631, -1 ]
   - [ 9.3819305419921875e+01, 7.8827447509765625e+02,
       2.3123195171356201e+00, 3.0045669555664062e+02,
       1.4519496262073517e-01, 1573631, -1 ]
   - [ 1.9432366943359375e+02, 8.1717382812500000e+02,
       4.1579236984252930e+00, 2.0633819580078125e+01,
       6.5871410071849823e-02, 10617088, -1 ]
   - [ 1.9432366943359375e+02, 8.1717382812500000e+02,
       4.1579236984252930e+00, 5.0469696044921875e+01,
       6.5871410071849823e-02, 10617088, -1 ]
   - [ 1.9592019653320312e+02, 8.0553613281250000e+02,
       9.2572116851806641e+00, 2.3049438476562500e+01,
       5.5380418896675110e-02, 1638913, -1 ]
   - [ 2.0059291076660156e+02, 8.1708801269531250e+02,
       2.9376561641693115e+00, 3.6006469726562500e+00,
       1.9539808854460716e-02, 2163711, -1 ]
   - [ 2.0059291076660156e+02, 8.1708801269531250e+02,
       2.9376561641693115e+00, 1.3399606323242188e+02,
       1.9539808854460716e-02, 2163711, -1 ]
   - [ 2.0647427368164062e+02, 8.4762530517578125e+02,
       1.0260787010192871e+01, 2.1761929321289062e+02,
       1.3759757392108440e-02, 9044481, -1 ]
   - [ 2.2436262512207031e+02, 8.0687487792968750e+02,
       7.4437613487243652e+00, 1.9839767456054688e+02,
       1.7336772754788399e-02, 2556161, -1 ]
   - [ 2.2511209106445312e+02, 8.2735729980468750e+02,
       4.3157820701599121e+00, 2.7424188232421875e+02,
       1.5904238447546959e-02, 13304064, -1 ]
   - [ 2.2569664001464844e+02, 7.5967822265625000e+02,
       4.7470879554748535e+00, 1.9949830627441406e+02,
       1.4739509671926498e-02, 3473920, -1 ]
   - [ 2.2607377624511719e+02, 3.0094409179687500e+02,
       3.6261680126190186e+00, 2.0478820800781250e+02,
       1.6020638868212700e-02, 655616, -1 ]
   - [ 2.2607377624511719e+02, 3.0094409179687500e+02,
       3.6261680126190186e+00, 2.9128106689453125e+02,
       1.6020638868212700e-02, 655616, -1 ]
   - [ 2.2747236633300781e+02, 8.4390307617187500e+02,
       4.9205412864685059e+00, 3.0359024047851562e+02,
       1.4380880631506443e-02, 6029824, -1 ]
   - [ 2.3007563781738281e+02, 8.5058160400390625e+02,
       4.3437418937683105e+00, 3.0656127929687500e+00,
       2.0157290622591972e-02, 13762816, -1 ]
   - [ 2.3007563781738281e+02, 8.5058160400390625e+02,
       4.3437418937683105e+00, 2.9923239135742188e+02,
       2.0157290622591972e-02, 13762816, -1 ]
   - [ 2.3087829589843750e+02, 8.3416497802734375e+02,
       6.6693673133850098e+00, 7.8036926269531250e+01,
       1.7580002546310425e-02, 11338496, -1 ]
   - [ 2.3087829589843750e+02, 8.3416497802734375e+02,
       6.6693673133850098e+00, 2.8838458251953125e+02,
       1.7580002546310425e-02, 11338496, -1 ]
   - [ 2.3989726257324219e+02, 8.4925695800781250e+02,
       1.1005019187927246e+01, 1.2469482421875000e+01,
       1.3452226296067238e-02, 14156289, -1 ]
   - [ 2.4273852539062500e+02, 8.3437097167968750e+02,
       4.7291140556335449e+00, 2.9113482666015625e+02,
       1.5085342340171337e-02, 3211776, -1 ]
   - [ 2.4276974487304688e+02, 7.9329730224609375e+02,
       6.0669670104980469e+00, 6.5249359130859375e+01,
       2.2981287911534309e-02, 4522752, -1 ]
   - [ 2.4276974487304688e+02, 7.9329730224609375e+02,
       6.0669670104980469e+00, 2.0001721191406250e+02,
       2.2981287911534309e-02, 4522752, -1 ]
   - [ 2.4355191040039062e+02, 8.0015338134765625e+02,
       3.5330626964569092e+00, 6.0387695312500000e+01,
       1.7756421118974686e-02, 15533055, -1 ]
   - [ 2.4594345092773438e+02, 3.1387026977539062e+02,
       2.6363594532012939e+00, 2.8568399047851562e+02,
       5.0665754824876785e-02, 11076351, -1 ]
   - [ 2.4627955627441406e+02, 3.1293460083007812e+02,
       4.2139239311218262e+00, 2.8557113647460938e+02,
       4.8334877938032150e-02, 11534592, -1 ]
   - [ 2.5231372070312500e+02, 8.3027905273437500e+02,
       8.2059984207153320e+00, 1.9129251098632812e+02,
       1.9948644563555717e-02, 9634049, -1 ]
   - [ 2.5457684326171875e+02, 8.1790887451171875e+02,
       6.1294775009155273e+00, 9.7637908935546875e+01,
       1.5557730570435524e-02, 5243648, -1 ]
   - [ 2.5501115417480469e+02, 7.8392102050781250e+02,
       4.1647396087646484e+00, 8.4382965087890625e+01,
       5.7819515466690063e-02, 10682624, -1 ]
   - [ 2.5654968261718750e+02, 3.1625531005859375e+02,
       2.3322551250457764e+00, 2.8004498291015625e+02,
       5.0751019269227982e-02, 2163455, -1 ]
   - [ 2.5717172241210938e+02, 8.1093133544921875e+02,
       5.2389307022094727e+00, 9.4537994384765625e+01,
       1.3728504069149494e-02, 10617344, -1 ]
   - [ 2.5947888183593750e+02, 3.2001583862304688e+02,
       3.8606667518615723e+00, 2.8012139892578125e+02,
       4.9548555165529251e-02, 5243136, -1 ]
   - [ 2.6587936401367188e+02, 8.2509069824218750e+02,
       2.2521171569824219e+00, 2.5190043640136719e+02,
       2.4976521730422974e-02, 16384511, -1 ]
   - [ 2.6792733764648438e+02, 8.1678247070312500e+02,
       8.0944128036499023e+00, 2.1902130126953125e+02,
       3.3479411154985428e-02, 8651009, -1 ]
   - [ 2.7384637451171875e+02, 3.2205728149414062e+02,
       4.0734705924987793e+00, 2.7809994506835938e+02,
       5.6702859699726105e-02, 9109760, -1 ]
   - [ 2.7466622924804688e+02, 7.7157604980468750e+02,
       2.5121142864227295e+00, 3.1054055786132812e+02,
       1.4223871752619743e-02, 7537407, -1 ]
   - [ 2.7655065917968750e+02, 8.0412066650390625e+02,
       5.3085341453552246e+00, 1.5852674865722656e+02,
       2.4732498452067375e-02, 11534848, -1 ]
   - [ 2.7976535034179688e+02, 7.1522229003906250e+02,
       7.4304614067077637e+00, 6.8007904052734375e+01,
       1.5477889217436314e-02, 2425089, -1 ]
   - [ 2.8042532348632812e+02, 7.0360540771484375e+02,
       3.1172080039978027e+00, 1.1368588256835938e+02,
       1.6180133447051048e-02, 6489087, -1 ]
   - [ 2.8273739624023438e+02, 7.9981756591796875e+02,
       6.1142935752868652e+00, 1.5769998168945312e+02,
       3.3281072974205017e-02, 5047040, -1 ]
   - [ 2.8352850341796875e+02, 8.1149230957031250e+02,
       2.8576514720916748e+00, 2.7311883544921875e+02,
       1.6985859721899033e-02, 197631, -1 ]
   - [ 2.9107308959960938e+02, 6.5825390625000000e+02,
       2.1592564582824707e+00, 7.4260803222656250e+01,
       4.6791948378086090e-02, 13304319, -1 ]
   - [ 2.9166146850585938e+02, 3.2484063720703125e+02,
       3.7609493732452393e+00, 2.7977474975585938e+02,
       5.4181050509214401e-02, 3342592, -1 ]
   - [ 2.9284744262695312e+02, 7.1586901855468750e+02,
       2.8178238868713379e+00, 1.0140838623046875e+02,
       1.3804226182401180e-02, 15860479, -1 ]
   - [ 2.9533633422851562e+02, 3.2190490722656250e+02,
       2.6405220031738281e+00, 2.7847079467773438e+02,
       4.9421351402997971e-02, 11141887, -1 ]
   - [ 2.9621353149414062e+02, 8.4071740722656250e+02,
       1.6000509262084961e+01, 2.2987498474121094e+02,
       3.4660901874303818e-02, 7799042, -1 ]
   - [ 2.9711117553710938e+02, 2.5965652465820312e+02,
       2.2819991111755371e+00, 8.3214691162109375e+01,
       5.2021633833646774e-02, 590591, -1 ]
   - [ 2.9773703002929688e+02, 3.2591717529296875e+02,
       4.0441317558288574e+00, 2.7942507934570312e+02,
       5.2061021327972412e-02, 8585472, -1 ]
   - [ 2.9869668579101562e+02, 7.1330682373046875e+02,
       4.0108470916748047e+00, 9.3297180175781250e+01,
       1.6908552497625351e-02, 7995648, -1 ]
   - [ 2.9950799560546875e+02, 4.0905630493164062e+02,
       5.4427719116210938e+00, 7.6609283447265625e+01,
       3.2063800841569901e-02, 13369856, -1 ]
