%YAML:1.0
---
maskKeypoints:
   - [ 2.8598974609375000e+02, 2.8813610839843750e+02,
       1.3109921455383301e+01, 6.0262390136718750e+01,
       9.5380142331123352e-02, 10093313, -1 ]
   - [ 2.8598974609375000e+02, 2.8813610839843750e+02,
       1.3109921455383301e+01, 3.0770388793945312e+02,
       9.5380142331123352e-02, 10093313, -1 ]
   - [ 2.8967007446289062e+02, 3.1240127563476562e+02,
       1.5345358848571777e+01, 3.1479031372070312e+02,
       5.0751630216836929e-02, 4784386, -1 ]
   - [ 2.8997299194335938e+02, 2.9362466430664062e+02,
       2.5105350017547607e+00, 2.6148117065429688e+02,
       1.4763325452804565e-02, 7537407, -1 ]
   - [ 2.9078417968750000e+02, 3.3806396484375000e+02,
       3.5765541076660156e+01, 3.2119326782226562e+02,
       3.9684239774942398e-02, 15859971, -1 ]
   - [ 2.9228427124023438e+02, 3.0497424316406250e+02,
       5.0897331237792969e+00, 3.2797067260742188e+02,
       5.5906563997268677e-02, 8520192, -1 ]
   - [ 2.9448171997070312e+02, 2.7717758178710938e+02,
       4.5709643363952637e+00, 6.8449951171875000e+01,
       6.3703864812850952e-02, 721408, -1 ]
   - [ 2.9508288574218750e+02, 2.8306314086914062e+02,
       3.5535812377929688e+00, 8.4438964843750000e+01,
       4.1095651686191559e-02, 15926271, -1 ]
   - [ 2.9508288574218750e+02, 2.8306314086914062e+02,
       3.5535812377929688e+00, 2.3966079711914062e+02,
       4.1095651686191559e-02, 15926271, -1 ]
   - [ 2.9571609497070312e+02, 2.8795788574218750e+02,
       3.4810490608215332e+00, 8.8373840332031250e+01,
       1.5637397766113281e-02, 14418943, -1 ]
   - [ 2.9895394897460938e+02, 2.5911889648437500e+02,
       1.8565771102905273e+01, 5.1397735595703125e+01,
       6.2133666127920151e-02, 1835522, -1 ]
   - [ 2.9948574829101562e+02, 3.1144567871093750e+02,
       1.9998039007186890e+00, 3.1886495971679688e+02,
       4.2239092290401459e-02, 7799295, -1 ]
   - [ 3.0005645751953125e+02, 2.7311331176757812e+02,
       2.1754572391510010e+00, 7.2277923583984375e+01,
       5.3703967481851578e-02, 13894143, -1 ]
   - [ 3.0047808837890625e+02, 3.0645098876953125e+02,
       6.3950924873352051e+00, 3.2419888305664062e+02,
       4.2090687900781631e-02, 8323840, -1 ]
   - [ 3.0074078369140625e+02, 2.8721075439453125e+02,
       3.8283905982971191e+00, 8.0817596435546875e+01,
       1.7482027411460876e-02, 4587776, -1 ]
   - [ 3.0077804565429688e+02, 2.8157928466796875e+02,
       4.7091369628906250e+00, 7.5729156494140625e+01,
       3.6055222153663635e-02, 2884096, -1 ]
   - [ 3.0132534790039062e+02, 2.8667523193359375e+02,
       3.2011773586273193e+00, 7.9965332031250000e+01,
       1.7443049699068069e-02, 8389631, -1 ]
   - [ 3.0367031860351562e+02, 2.6386990356445312e+02,
       1.0517866134643555e+01, 6.0369873046875000e+01,
       6.3102871179580688e-02, 10879489, -1 ]
   - [ 3.0561157226562500e+02, 2.4637640380859375e+02,
       8.9635152816772461e+00, 3.5164395141601562e+02,
       4.0478110313415527e-02, 15991041, -1 ]
   - [ 3.0854425048828125e+02, 2.3229187011718750e+02,
       3.2183170318603516e+00, 3.5850216674804688e+02,
       4.4101580977439880e-02, 8782847, -1 ]
   - [ 3.0854644775390625e+02, 3.2574627685546875e+02,
       8.9560117721557617e+00, 2.8049456787109375e+02,
       6.8650819361209869e-02, 15925505, -1 ]
   - [ 3.0854644775390625e+02, 3.2574627685546875e+02,
       8.9560117721557617e+00, 3.2327545166015625e+02,
       6.8650819361209869e-02, 15925505, -1 ]
   - [ 3.0854644775390625e+02, 3.2574627685546875e+02,
       8.9560117721557617e+00, 3.4732159423828125e+02,
       6.8650819361209869e-02, 15925505, -1 ]
   - [ 3.0904995727539062e+02, 2.3237475585937500e+02,
       3.9082410335540771e+00, 1.1838989257812500e+00,
       4.3045505881309509e-02, 6095104, -1 ]
   - [ 3.1248980712890625e+02, 3.1031838989257812e+02,
       1.8307656049728394e+00, 2.7330493164062500e+02,
       1.4738328754901886e-02, 1376767, -1 ]
   - [ 3.1317022705078125e+02, 3.2690142822265625e+02,
       2.7328131198883057e+00, 2.7352691650390625e+02,
       2.4078445509076118e-02, 13632255, -1 ]
   - [ 3.1435702514648438e+02, 2.9261633300781250e+02,
       3.7843452453613281e+01, 2.5620422363281250e+01,
       7.9535573720932007e-02, 3211779, -1 ]
   - [ 3.1435702514648438e+02, 2.9261633300781250e+02,
       3.7843452453613281e+01, 3.2403842163085938e+02,
       7.9535573720932007e-02, 3211779, -1 ]
   - [ 3.1794515991210938e+02, 3.1425149536132812e+02,
       7.9891371726989746e+00, 2.7012670898437500e+02,
       2.7272475883364677e-02, 7667969, -1 ]
   - [ 3.1831866455078125e+02, 2.1167077636718750e+02,
       4.0789785385131836e+00, 5.4193634033203125e+01,
       4.3883509933948517e-02, 9175296, -1 ]
   - [ 3.2153332519531250e+02, 3.1014739990234375e+02,
       2.1905038356781006e+00, 2.7508880615234375e+02,
       1.4112423174083233e-02, 14352895, -1 ]
   - [ 3.2165005493164062e+02, 3.1616516113281250e+02,
       2.7908172607421875e+00, 8.7837829589843750e+01,
       1.9921045750379562e-02, 15205119, -1 ]
   - [ 3.2542706298828125e+02, 3.7859320068359375e+02,
       2.2722363471984863e+00, 3.5584576416015625e+02,
       1.7385000362992287e-02, 328447, -1 ]
   - [ 3.2659646606445312e+02, 2.5977536010742188e+02,
       7.7539935111999512e+00, 1.0865989685058594e+02,
       1.5168237499892712e-02, 5505281, -1 ]
   - [ 3.2731964111328125e+02, 3.6324887084960938e+02,
       2.2610785961151123e+00, 1.0175927734375000e+02,
       5.4018020629882812e-02, 16646655, -1 ]
   - [ 3.2833752441406250e+02, 2.0957023620605469e+02,
       3.1208190917968750e+00, 7.9664642333984375e+01,
       5.6613627821207047e-02, 6554623, -1 ]
   - [ 3.2861502075195312e+02, 2.1346063232421875e+02,
       9.0869245529174805e+00, 6.8070343017578125e+01,
       5.5096320807933807e-02, 262657, -1 ]
   - [ 3.3229455566406250e+02, 2.7137600708007812e+02,
       6.5530061721801758e+00, 1.2041226196289062e+02,
       1.7788436263799667e-02, 10093312, -1 ]
   - [ 3.3355075073242188e+02, 3.4917636108398438e+02,
       2.1239414215087891e+01, 9.7938507080078125e+01,
       7.9783082008361816e-02, 11534850, -1 ]
   - [ 3.3389941406250000e+02, 2.1587544250488281e+02,
       1.9708274602890015e+00, 1.0067782592773438e+02,
       2.1406905725598335e-02, 6750719, -1 ]
   - [ 3.3389941406250000e+02, 2.1587544250488281e+02,
       1.9708274602890015e+00, 2.7231536865234375e+02,
       2.1406905725598335e-02, 6750719, -1 ]
   - [ 3.3613800048828125e+02, 3.6510540771484375e+02,
       1.9860543012619019e+00, 1.0181164550781250e+02,
       4.7422863543033600e-02, 7275007, -1 ]
   - [ 3.3615060424804688e+02, 3.1993090820312500e+02,
       3.0993182659149170e+00, 1.0394952392578125e+02,
       2.3520506918430328e-02, 6030335, -1 ]
   - [ 3.3621221923828125e+02, 2.2904843139648438e+02,
       3.4586448669433594e+01, 2.2860260009765625e+01,
       6.4461201429367065e-02, 13435139, -1 ]
   - [ 3.3621221923828125e+02, 2.2904843139648438e+02,
       3.4586448669433594e+01, 8.8089019775390625e+01,
       6.4461201429367065e-02, 13435139, -1 ]
   - [ 3.3644204711914062e+02, 3.0946795654296875e+02,
       2.0970764160156250e+00, 2.6715991210937500e+02,
       1.3796775601804256e-02, 11207167, -1 ]
   - [ 3.3726849365234375e+02, 3.3860046386718750e+02,
       8.5567035675048828e+00, 2.7721105957031250e+02,
       4.2674325406551361e-02, 12648705, -1 ]
   - [ 3.3854776000976562e+02, 2.6687045288085938e+02,
       2.4872148036956787e+00, 1.3668562316894531e+02,
       1.8396824598312378e-02, 6816511, -1 ]
   - [ 3.3938623046875000e+02, 3.1586236572265625e+02,
       2.6954174041748047e+00, 3.2279104614257812e+02,
       2.7522044256329536e-02, 12649215, -1 ]
   - [ 3.4096768188476562e+02, 2.6480432128906250e+02,
       6.5318541526794434e+00, 8.4547912597656250e+01,
       3.1368032097816467e-02, 9831168, -1 ]
   - [ 3.4096768188476562e+02, 2.6480432128906250e+02,
       6.5318541526794434e+00, 1.2509738159179688e+02,
       3.1368032097816467e-02, 9831168, -1 ]
