%YAML:1.0
---
maskKeypoints:
   - [ 1.5731906890869141e+01, 5.2318389892578125e+01,
       5.3697204589843750e+00, 1.1822450256347656e+02,
       1.0518421232700348e-01, 12386816, -1 ]
   - [ 2.9382586669921875e+02, 6.9930383300781250e+02,
       2.3802738189697266e+00, 6.7809356689453125e+01,
       9.7086325287818909e-02, 3670783, -1 ]
   - [ 2.9382586669921875e+02, 6.9930383300781250e+02,
       2.3802738189697266e+00, 2.6379235839843750e+02,
       9.7086325287818909e-02, 3670783, -1 ]
   - [ 3.0259579467773438e+02, 6.9801470947265625e+02,
       2.3896739482879639e+00, 9.3077575683593750e+01,
       8.9867703616619110e-02, 3932927, -1 ]
   - [ 4.0153637695312500e+02, 4.0107003784179688e+02,
       1.8778394460678101e+00, 5.5167114257812500e+01,
       5.0479248166084290e-02, 3211775, -1 ]
   - [ 4.0965264892578125e+02, 4.1268585205078125e+02,
       2.0973583221435547e+01, 6.3058105468750000e+01,
       8.9534170925617218e-02, 10682882, -1 ]
   - [ 4.0965264892578125e+02, 4.1268585205078125e+02,
       2.0973583221435547e+01, 2.9559072875976562e+02,
       8.9534170925617218e-02, 10682882, -1 ]
   - [ 4.1263766479492188e+02, 4.1275735473632812e+02,
       2.3662729263305664e+01, 5.9318939208984375e+01,
       8.8871777057647705e-02, 2687746, -1 ]
   - [ 4.1263766479492188e+02, 4.1275735473632812e+02,
       2.3662729263305664e+01, 2.9781185913085938e+02,
       8.8871777057647705e-02, 2687746, -1 ]
   - [ 4.2115179443359375e+02, 4.0371401977539062e+02,
       2.1962203979492188e+00, 2.7089187622070312e+02,
       1.7236914485692978e-02, 14549503, -1 ]
   - [ 4.2174258422851562e+02, 4.1563488769531250e+02,
       3.2989735603332520e+00, 8.7937225341796875e+01,
       2.9555736109614372e-02, 10552319, -1 ]
   - [ 4.2223544311523438e+02, 4.0748876953125000e+02,
       2.8833870887756348e+00, 2.7193658447265625e+02,
       2.2574389353394508e-02, 852991, -1 ]
   - [ 4.2265209960937500e+02, 4.1147000122070312e+02,
       2.7123289108276367e+00, 8.4416625976562500e+01,
       9.6828021109104156e-02, 13107967, -1 ]
   - [ 4.2401370239257812e+02, 3.9464758300781250e+02,
       3.0821783542633057e+00, 8.3319274902343750e+01,
       5.3454767912626266e-02, 5637119, -1 ]
   - [ 4.2606143188476562e+02, 4.3411444091796875e+02,
       4.4504160881042480e+00, 2.7651361083984375e+02,
       4.1629109531641006e-02, 15532288, -1 ]
   - [ 4.2748135375976562e+02, 4.0280499267578125e+02,
       2.0346505641937256e+00, 2.9225863647460938e+02,
       1.4148630201816559e-02, 9044479, -1 ]
   - [ 4.3336953735351562e+02, 3.8592514038085938e+02,
       1.0315645217895508e+01, 7.5585998535156250e+01,
       6.1391912400722504e-02, 9437697, -1 ]
   - [ 4.3386935424804688e+02, 3.8715060424804688e+02,
       8.6760911941528320e+00, 7.9818145751953125e+01,
       6.1974134296178818e-02, 13631745, -1 ]
   - [ 4.3536114501953125e+02, 4.4520666503906250e+02,
       1.9143339157104492e+01, 2.9508825683593750e+02,
       5.8856137096881866e-02, 4063746, -1 ]
   - [ 4.4720333862304688e+02, 3.7404922485351562e+02,
       3.8266735076904297e+00, 2.3323822021484375e+01,
       4.4512681663036346e-02, 4587776, -1 ]
   - [ 4.6018670654296875e+02, 3.9033883666992188e+02,
       9.8261327743530273e+00, 1.0268161010742188e+02,
       1.3603732921183109e-02, 5964289, -1 ]
   - [ 4.6030511474609375e+02, 4.5976477050781250e+02,
       9.4683675765991211e+00, 3.0228649902343750e+02,
       5.4275959730148315e-02, 3277313, -1 ]
   - [ 4.6030511474609375e+02, 4.5976477050781250e+02,
       9.4683675765991211e+00, 3.2930111694335938e+02,
       5.4275959730148315e-02, 3277313, -1 ]
   - [ 4.6306906127929688e+02, 4.0768487548828125e+02,
       3.1007857322692871e+00, 8.1823638916015625e+01,
       1.8086535856127739e-02, 6095871, -1 ]
   - [ 4.6619558715820312e+02, 3.4371435546875000e+02,
       3.3326957225799561e+00, 8.0834259033203125e+01,
       4.8054728657007217e-02, 11273215, -1 ]
   - [ 4.6629959106445312e+02, 3.4406243896484375e+02,
       3.8181598186492920e+00, 8.0078216552734375e+01,
       4.7537062317132950e-02, 4391168, -1 ]
   - [ 4.6919830322265625e+02, 4.5001037597656250e+02,
       5.4822430610656738e+00, 2.7171365356445312e+02,
       2.1319173276424408e-02, 13894144, -1 ]
   - [ 4.7688735961914062e+02, 3.6042938232421875e+02,
       3.2574199676513672e+01, 9.0363952636718750e+01,
       6.1719711869955063e-02, 9044227, -1 ]
   - [ 4.8061752319335938e+02, 4.0646200561523438e+02,
       2.3881485462188721e+00, 2.3065884399414062e+02,
       1.3959328643977642e-02, 3932927, -1 ]
   - [ 4.8243447875976562e+02, 4.0537768554687500e+02,
       8.3820106506347656e+01, 8.6123596191406250e+01,
       8.6729243397712708e-02, 10617348, -1 ]
   - [ 4.8634994506835938e+02, 4.1233984375000000e+02,
       7.3705110549926758e+00, 9.9606262207031250e+01,
       2.2484205663204193e-02, 1835265, -1 ]
   - [ 4.8955325317382812e+02, 4.4611868286132812e+02,
       1.9516782760620117e+00, 2.7613568115234375e+02,
       1.5978561714291573e-02, 6029823, -1 ]
   - [ 4.9089840698242188e+02, 4.4471655273437500e+02,
       4.2034640312194824e+00, 2.6756637573242188e+02,
       1.4971741475164890e-02, 11403520, -1 ]
   - [ 4.9149014282226562e+02, 3.9349435424804688e+02,
       2.7092742919921875e+00, 2.6521182250976562e+02,
       1.8924344331026077e-02, 13042431, -1 ]
   - [ 4.9301864624023438e+02, 4.5524533081054688e+02,
       3.0054118633270264e+00, 9.8413177490234375e+01,
       2.0425941795110703e-02, 3802111, -1 ]
   - [ 4.9301864624023438e+02, 4.5524533081054688e+02,
       3.0054118633270264e+00, 2.5964770507812500e+02,
       2.0425941795110703e-02, 3802111, -1 ]
   - [ 4.9458624267578125e+02, 4.7109356689453125e+02,
       2.6097664833068848e+00, 2.6647128295898438e+02,
       3.1898595392704010e-02, 10289919, -1 ]
   - [ 4.9791238403320312e+02, 4.0301101684570312e+02,
       6.0751056671142578e+00, 1.3595115661621094e+02,
       3.2575786113739014e-02, 4588288, -1 ]
   - [ 5.0432418823242188e+02, 4.5281329345703125e+02,
       3.2633132934570312e+00, 2.6085900878906250e+02,
       4.8268225044012070e-02, 9765887, -1 ]
   - [ 5.0432418823242188e+02, 4.5281329345703125e+02,
       3.2633132934570312e+00, 3.1581848144531250e+02,
       4.8268225044012070e-02, 9765887, -1 ]
   - [ 5.0534747314453125e+02, 4.2067663574218750e+02,
       5.3838458061218262e+00, 9.1106231689453125e+01,
       2.6101225987076759e-02, 12583424, -1 ]
   - [ 5.0640289306640625e+02, 3.5191918945312500e+02,
       3.0102441310882568e+00, 3.4949493408203125e+01,
       3.5708781331777573e-02, 3933183, -1 ]
   - [ 5.0640289306640625e+02, 3.5191918945312500e+02,
       3.0102441310882568e+00, 8.6726867675781250e+01,
       3.5708781331777573e-02, 3933183, -1 ]
   - [ 5.0857171630859375e+02, 3.9717849731445312e+02,
       8.0233373641967773e+00, 8.4202331542968750e+01,
       4.3146599084138870e-02, 7995649, -1 ]
   - [ 5.0857171630859375e+02, 3.9717849731445312e+02,
       8.0233373641967773e+00, 2.5393498229980469e+02,
       4.3146599084138870e-02, 7995649, -1 ]
   - [ 5.0946063232421875e+02, 4.1803381347656250e+02,
       1.9233664274215698e+00, 9.5043853759765625e+01,
       1.6522547230124474e-02, 4981247, -1 ]
   - [ 5.1057351684570312e+02, 4.4706884765625000e+02,
       2.6886048316955566e+00, 2.6173266601562500e+02,
       2.0947135984897614e-02, 12452607, -1 ]
   - [ 5.1552557373046875e+02, 3.4876986694335938e+02,
       9.5305500030517578e+00, 1.0349896240234375e+02,
       4.8505522310733795e-02, 3736065, -1 ]
   - [ 5.1595526123046875e+02, 4.6429461669921875e+02,
       1.1765693664550781e+01, 2.5809231567382812e+02,
       3.0047317966818810e-02, 2294529, -1 ]
   - [ 5.1942755126953125e+02, 3.6688980102539062e+02,
       9.8251314163208008e+00, 1.0835836791992188e+02,
       1.6681434586644173e-02, 5964289, -1 ]
   - [ 5.2174853515625000e+02, 4.6993792724609375e+02,
       2.7831723690032959e+00, 2.5946850585937500e+02,
       3.6158852279186249e-02, 14942975, -1 ]
