%YAML:1.0
---
maskKeypoints:
   - [ 3.6277850341796875e+02, 6.9428533935546875e+02,
       2.3592460155487061e+00, 6.9227905273437500e+01,
       8.7566912174224854e-02, 3015423, -1 ]
   - [ 3.6277850341796875e+02, 6.9428533935546875e+02,
       2.3592460155487061e+00, 2.6067031860351562e+02,
       8.7566912174224854e-02, 3015423, -1 ]
   - [ 4.6477615356445312e+02, 4.1387493896484375e+02,
       2.4051733016967773e+01, 5.5467498779296875e+01,
       8.7792903184890747e-02, 3867394, -1 ]
   - [ 4.6477615356445312e+02, 4.1387493896484375e+02,
       2.4051733016967773e+01, 2.9755999755859375e+02,
       8.7792903184890747e-02, 3867394, -1 ]
   - [ 4.7023114013671875e+02, 4.1033767700195312e+02,
       7.6580729484558105e+00, 6.9886627197265625e+01,
       3.4606408327817917e-02, 4653313, -1 ]
   - [ 4.7551226806640625e+02, 3.9504150390625000e+02,
       3.4946174621582031e+00, 8.0522491455078125e+01,
       4.7446653246879578e-02, 14746623, -1 ]
   - [ 4.8129446411132812e+02, 4.2508563232421875e+02,
       1.9388517141342163e+00, 2.4336889648437500e+02,
       1.4090728014707565e-02, 5571071, -1 ]
   - [ 4.8144543457031250e+02, 3.8549114990234375e+02,
       1.0455406188964844e+01, 7.2082397460937500e+01,
       5.8829694986343384e-02, 10420737, -1 ]
   - [ 4.8451693725585938e+02, 4.4439297485351562e+02,
       1.9149042129516602e+01, 2.9366500854492188e+02,
       5.8066181838512421e-02, 4063746, -1 ]
   - [ 4.8495968627929688e+02, 4.3308041381835938e+02,
       2.6022734642028809e+00, 2.6220391845703125e+02,
       5.2662063390016556e-02, 10093311, -1 ]
   - [ 5.1009841918945312e+02, 4.5783496093750000e+02,
       1.0019480705261230e+01, 2.8944067382812500e+02,
       5.4425355046987534e-02, 7340545, -1 ]
   - [ 5.1009841918945312e+02, 4.5783496093750000e+02,
       1.0019480705261230e+01, 3.2887725830078125e+02,
       5.4425355046987534e-02, 7340545, -1 ]
   - [ 5.1361187744140625e+02, 3.5214056396484375e+02,
       1.7614923477172852e+01, 2.4288269042968750e+01,
       6.4906850457191467e-02, 14745858, -1 ]
   - [ 5.1361187744140625e+02, 3.5214056396484375e+02,
       1.7614923477172852e+01, 7.8693054199218750e+01,
       6.4906850457191467e-02, 14745858, -1 ]
   - [ 5.1608630371093750e+02, 4.6822494506835938e+02,
       4.5134253501892090e+00, 2.7786294555664062e+02,
       3.3550631254911423e-02, 16515328, -1 ]
   - [ 5.2214495849609375e+02, 3.5879867553710938e+02,
       3.1143213272094727e+01, 3.8698883056640625e+01,
       6.1505261808633804e-02, 5832963, -1 ]
   - [ 5.2214495849609375e+02, 3.5879867553710938e+02,
       3.1143213272094727e+01, 8.2937194824218750e+01,
       6.1505261808633804e-02, 5832963, -1 ]
   - [ 5.2604168701171875e+02, 3.5169787597656250e+02,
       4.2900443077087402e+00, 2.5796600341796875e+02,
       1.5560200437903404e-02, 12845312, -1 ]
   - [ 5.2924060058593750e+02, 4.4692117309570312e+02,
       5.4117426872253418e+00, 2.6994378662109375e+02,
       1.9160285592079163e-02, 12911104, -1 ]
   - [ 5.2931787109375000e+02, 4.0279519653320312e+02,
       8.1664878845214844e+01, 8.2942138671875000e+01,
       8.4693133831024170e-02, 8716804, -1 ]
   - [ 5.2931787109375000e+02, 4.0279519653320312e+02,
       8.1664878845214844e+01, 3.1226477050781250e+02,
       8.4693133831024170e-02, 8716804, -1 ]
   - [ 5.3199963378906250e+02, 4.0934362792968750e+02,
       6.7327933311462402e+00, 9.3630920410156250e+01,
       2.0933836698532104e-02, 11993856, -1 ]
   - [ 5.4088397216796875e+02, 3.9356927490234375e+02,
       3.7804048061370850e+00, 8.3377990722656250e+01,
       2.3959659039974213e-02, 3670272, -1 ]
   - [ 5.4240527343750000e+02, 4.5405697631835938e+02,
       1.8944879770278931e+00, 8.2452209472656250e+01,
       1.7218790948390961e-02, 3867135, -1 ]
   - [ 5.4240527343750000e+02, 4.5405697631835938e+02,
       1.8944879770278931e+00, 2.4241615295410156e+02,
       1.7218790948390961e-02, 3867135, -1 ]
   - [ 5.4249304199218750e+02, 4.0992056274414062e+02,
       6.3603973388671875e+00, 8.5785766601562500e+01,
       1.8259085714817047e-02, 7930624, -1 ]
   - [ 5.4324591064453125e+02, 3.9995779418945312e+02,
       6.0392928123474121e+00, 1.3682325744628906e+02,
       2.9702667146921158e-02, 4129536, -1 ]
   - [ 5.4608038330078125e+02, 4.7023806762695312e+02,
       4.7687087059020996e+00, 2.6099923706054688e+02,
       2.7297284454107285e-02, 3801600, -1 ]
   - [ 5.4951220703125000e+02, 3.4886923217773438e+02,
       3.4364662170410156e+00, 3.6990539550781250e+01,
       2.5882927700877190e-02, 13501439, -1 ]
   - [ 5.4951220703125000e+02, 3.4886923217773438e+02,
       3.4364662170410156e+00, 2.5929699707031250e+02,
       2.5882927700877190e-02, 13501439, -1 ]
   - [ 5.5117846679687500e+02, 4.1694570922851562e+02,
       5.3964776992797852e+00, 8.7982116699218750e+01,
       2.3086987435817719e-02, 12714496, -1 ]
   - [ 5.5393634033203125e+02, 3.9387368774414062e+02,
       7.9808678627014160e+00, 8.0267944335937500e+01,
       3.9539996534585953e-02, 7602433, -1 ]
   - [ 5.5393634033203125e+02, 3.9387368774414062e+02,
       7.9808678627014160e+00, 2.5454838562011719e+02,
       3.9539996534585953e-02, 7602433, -1 ]
   - [ 5.5891607666015625e+02, 3.4611221313476562e+02,
       1.0630037307739258e+01, 9.7952209472656250e+01,
       4.6435423195362091e-02, 11600385, -1 ]
   - [ 5.6236779785156250e+02, 3.6332089233398438e+02,
       9.6553440093994141e+00, 1.0462736511230469e+02,
       1.6292043030261993e-02, 4653569, -1 ]
   - [ 5.6236779785156250e+02, 3.6332089233398438e+02,
       9.6553440093994141e+00, 1.6013528442382812e+02,
       1.6292043030261993e-02, 4653569, -1 ]
   - [ 5.6348828125000000e+02, 4.5876348876953125e+02,
       1.1502595901489258e+01, 2.5676263427734375e+02,
       2.8632672503590584e-02, 656129, -1 ]
   - [ 5.6475012207031250e+02, 4.4355120849609375e+02,
       7.2500329017639160e+00, 2.6794494628906250e+02,
       1.3440450653433800e-02, 655617, -1 ]
   - [ 5.6535150146484375e+02, 4.1106939697265625e+02,
       4.0320405960083008e+00, 8.8477111816406250e+01,
       1.7034024000167847e-02, 8388864, -1 ]
   - [ 5.6580767822265625e+02, 3.7980728149414062e+02,
       9.7544651031494141e+00, 2.6035379028320312e+02,
       1.8197456374764442e-02, 5440001, -1 ]
   - [ 5.6669238281250000e+02, 4.0169473266601562e+02,
       7.9085321426391602e+00, 8.0227996826171875e+01,
       1.7939275130629539e-02, 6947073, -1 ]
   - [ 5.7820977783203125e+02, 4.1038891601562500e+02,
       4.2100338935852051e+00, 9.0637145996093750e+01,
       1.5817992389202118e-02, 11469056, -1 ]
   - [ 5.9540661621093750e+02, 5.2392553710937500e+02,
       3.9315372467041016e+01, 9.1140075683593750e+01,
       1.1291003227233887e-01, 5964291, -1 ]
   - [ 5.9540661621093750e+02, 5.2392553710937500e+02,
       3.9315372467041016e+01, 2.9386193847656250e+02,
       1.1291003227233887e-01, 5964291, -1 ]
   - [ 6.0060333251953125e+02, 4.1453161621093750e+02,
       5.2045049667358398e+00, 8.7278167724609375e+01,
       1.8013579770922661e-02, 10093056, -1 ]
   - [ 6.0936010742187500e+02, 4.1288919067382812e+02,
       4.2176823616027832e+00, 8.4064819335937500e+01,
       1.9701614975929260e-02, 11600128, -1 ]
   - [ 6.1355316162109375e+02, 4.5601339721679688e+02,
       3.8112747669219971e+00, 2.8693859863281250e+02,
       2.8998846188187599e-02, 4260096, -1 ]
   - [ 6.2000866699218750e+02, 4.5358090209960938e+02,
       4.2252135276794434e+00, 2.8480462646484375e+02,
       3.1778767704963684e-02, 11731200, -1 ]
   - [ 6.2197790527343750e+02, 3.4210638427734375e+02,
       4.6220264434814453e+00, 7.6929779052734375e+01,
       4.5437358319759369e-02, 1507840, -1 ]
   - [ 6.2278674316406250e+02, 4.5905969238281250e+02,
       4.3336501121520996e+00, 2.8063183593750000e+02,
       2.6497645303606987e-02, 13566208, -1 ]
   - [ 6.2555511474609375e+02, 4.1070193481445312e+02,
       4.7443504333496094e+00, 7.3561462402343750e+01,
       1.4082299545407295e-02, 3408384, -1 ]
