%YAML:1.0
---
maskKeypoints:
   - [ 7.7213320732116699e+00, 2.4963194274902344e+02,
       2.8734099864959717e+00, 2.2995928955078125e+02,
       3.1416814774274826e-02, 590847, -1 ]
   - [ 8.0423717498779297e+00, 2.0959576416015625e+02,
       5.9500651359558105e+00, 1.7022625732421875e+02,
       2.8278604149818420e-02, 3080960, -1 ]
   - [ 1.0734959602355957e+01, 2.1542584228515625e+02,
       7.7985548973083496e+00, 1.5755538940429688e+02,
       2.9042709618806839e-02, 5964033, -1 ]
   - [ 1.3641251564025879e+01, 1.1203442382812500e+03,
       3.5130374431610107e+00, 2.2030172729492188e+02,
       7.2396710515022278e-02, 15139839, -1 ]
   - [ 1.3641251564025879e+01, 1.1203442382812500e+03,
       3.5130374431610107e+00, 3.5882629394531250e+02,
       7.2396710515022278e-02, 15139839, -1 ]
   - [ 1.7909971237182617e+01, 1.1045671386718750e+03,
       6.6222748756408691e+00, 1.9301208496093750e+01,
       8.2454346120357513e-02, 10814208, -1 ]
   - [ 1.7909971237182617e+01, 1.1045671386718750e+03,
       6.6222748756408691e+00, 1.9487576293945312e+02,
       8.2454346120357513e-02, 10814208, -1 ]
   - [ 2.7989336013793945e+01, 1.1432512207031250e+03,
       2.2174015045166016e+00, 1.8738351440429688e+02,
       8.5164971649646759e-02, 15270399, -1 ]
   - [ 2.7989336013793945e+01, 1.1432512207031250e+03,
       2.2174015045166016e+00, 3.5411672973632812e+02,
       8.5164971649646759e-02, 15270399, -1 ]
   - [ 2.6745565795898438e+02, 9.4333184814453125e+02,
       2.0339157581329346e+00, 4.6680145263671875e+01,
       1.1055181175470352e-01, 8978943, -1 ]
   - [ 2.6745565795898438e+02, 9.4333184814453125e+02,
       2.0339157581329346e+00, 2.2571726989746094e+02,
       1.1055181175470352e-01, 8978943, -1 ]
   - [ 7.4089416503906250e+02, 1.2334477539062500e+03,
       4.2575964927673340e+00, 5.3770751953125000e+00,
       3.0262958258390427e-02, 12321024, -1 ]
   - [ 7.4115722656250000e+02, 1.2490605468750000e+03,
       4.7358741760253906e+00, 3.5638357543945312e+02,
       3.7294313311576843e-02, 3277312, -1 ]
   - [ 7.4381542968750000e+02, 9.4869799804687500e+02,
       3.2105815410614014e+00, 2.8915295410156250e+02,
       4.3077107518911362e-02, 8586239, -1 ]
   - [ 7.4398840332031250e+02, 9.3379821777343750e+02,
       1.6985584259033203e+01, 1.5296905517578125e+01,
       7.8322604298591614e-02, 12124418, -1 ]
   - [ 7.4984179687500000e+02, 1.2574910888671875e+03,
       8.2611207962036133e+00, 3.1629733276367188e+02,
       5.6047689169645309e-02, 10092801, -1 ]
   - [ 7.5468585205078125e+02, 9.2835137939453125e+02,
       6.9427833557128906e+00, 1.8854963684082031e+02,
       2.1388299763202667e-02, 14222080, -1 ]
   - [ 7.6834887695312500e+02, 1.2749084472656250e+03,
       3.6274018287658691e+00, 2.8179766845703125e+02,
       3.9505664259195328e-02, 721152, -1 ]
   - [ 7.8594750976562500e+02, 9.5303082275390625e+02,
       4.1332726478576660e+00, 2.6458889770507812e+02,
       3.9481811225414276e-02, 10158336, -1 ]
   - [ 7.8631176757812500e+02, 1.1827172851562500e+03,
       4.0445070266723633e+00, 5.9877502441406250e+01,
       2.3845823481678963e-02, 8585472, -1 ]
   - [ 7.9747686767578125e+02, 8.1394183349609375e+02,
       2.6330411434173584e+00, 4.4260192871093750e+01,
       2.8086610138416290e-02, 10945279, -1 ]
   - [ 7.9756060791015625e+02, 9.5091040039062500e+02,
       3.8058094978332520e+00, 2.6029296875000000e+02,
       4.2518548667430878e-02, 4194560, -1 ]
   - [ 8.0721374511718750e+02, 1.1699832763671875e+03,
       2.6793625354766846e+00, 4.9570892333984375e+01,
       2.5744326412677765e-02, 12255999, -1 ]
   - [ 8.1417846679687500e+02, 9.4606298828125000e+02,
       3.9834103584289551e+00, 2.5456069946289062e+02,
       4.7976519912481308e-02, 7471360, -1 ]
   - [ 8.1697967529296875e+02, 1.1590495605468750e+03,
       3.7297534942626953e+00, 5.0205413818359375e+01,
       2.3762909695506096e-02, 2752768, -1 ]
   - [ 8.3315753173828125e+02, 1.2899868164062500e+03,
       3.8094239234924316e+00, 2.8387329101562500e+02,
       4.1762288659811020e-02, 4260096, -1 ]
   - [ 8.3319287109375000e+02, 9.4126440429687500e+02,
       4.5063600540161133e+00, 2.5624121093750000e+02,
       4.5682881027460098e-02, 16384256, -1 ]
   - [ 8.4285076904296875e+02, 1.2886600341796875e+03,
       4.2553625106811523e+00, 2.8678900146484375e+02,
       3.9047103375196457e-02, 12255488, -1 ]
   - [ 8.4795153808593750e+02, 9.3840521240234375e+02,
       5.7512102127075195e+00, 2.5045544433593750e+02,
       4.4427786022424698e-02, 656128, -1 ]
   - [ 8.5165069580078125e+02, 1.1441313476562500e+03,
       8.7199239730834961e+00, 6.0616882324218750e+01,
       2.3366356268525124e-02, 14024961, -1 ]
   - [ 8.6092230224609375e+02, 9.3315936279296875e+02,
       4.0371069908142090e+00, 2.5011895751953125e+02,
       4.5237917453050613e-02, 8454400, -1 ]
   - [ 8.6782800292968750e+02, 1.2979920654296875e+03,
       3.8386173248291016e+00, 2.8007083129882812e+02,
       4.1848674416542053e-02, 4784384, -1 ]
   - [ 8.6869110107421875e+02, 1.1256821289062500e+03,
       8.1524686813354492e+00, 6.9993041992187500e+01,
       2.1255735307931900e-02, 9175297, -1 ]
   - [ 8.6965100097656250e+02, 9.3011767578125000e+02,
       3.8379445075988770e+00, 2.5003259277343750e+02,
       4.4482398778200150e-02, 4784384, -1 ]
   - [ 8.7495159912109375e+02, 1.2947012939453125e+03,
       5.0047683715820312e+00, 2.7848498535156250e+02,
       4.1054885834455490e-02, 7275008, -1 ]
   - [ 8.7991992187500000e+02, 1.2999707031250000e+03,
       3.9681344032287598e+00, 2.7409506225585938e+02,
       3.9972532540559769e-02, 7209216, -1 ]
   - [ 8.8141613769531250e+02, 1.1363598632812500e+03,
       1.6470592498779297e+01, 7.5715606689453125e+01,
       2.1390918642282486e-02, 9896194, -1 ]
   - [ 8.8622778320312500e+02, 1.2888481445312500e+03,
       1.6286283493041992e+01, 2.6858755493164062e+02,
       4.8178177326917648e-02, 9044226, -1 ]
   - [ 8.8878674316406250e+02, 1.1228670654296875e+03,
       4.2034449577331543e+00, 8.3287750244140625e+01,
       2.3544248193502426e-02, 11403520, -1 ]
   - [ 8.9511218261718750e+02, 1.1255007324218750e+03,
       3.0825359821319580e+00, 8.3652282714843750e+01,
       2.7107834815979004e-02, 5637119, -1 ]
   - [ 8.9514776611328125e+02, 1.1258905029296875e+03,
       3.6027569770812988e+00, 8.4480682373046875e+01,
       2.6402961462736130e-02, 196864, -1 ]
   - [ 8.9813043212890625e+02, 1.2998586425781250e+03,
       3.7159142494201660e+00, 2.6328845214843750e+02,
       3.8800910115242004e-02, 2425088, -1 ]
   - [ 9.0414099121093750e+02, 1.1180216064453125e+03,
       9.6305418014526367e+00, 8.0468811035156250e+01,
       2.3153509944677353e-02, 4522497, -1 ]
   - [ 9.0498669433593750e+02, 1.1214136962890625e+03,
       4.1019949913024902e+00, 7.8220947265625000e+01,
       2.4337818846106529e-02, 9634048, -1 ]
   - [ 9.1626544189453125e+02, 1.3009959716796875e+03,
       1.3338462829589844e+01, 2.5628723144531250e+02,
       3.3594861626625061e-02, 11338497, -1 ]
   - [ 9.1793054199218750e+02, 1.1223677978515625e+03,
       4.4164137840270996e+00, 8.2153747558593750e+01,
       2.5022204965353012e-02, 14942464, -1 ]
   - [ 9.2146185302734375e+02, 8.2707421875000000e+02,
       1.3725151062011719e+02, 6.9601440429687500e+01,
       1.2107510119676590e-01, 12845317, -1 ]
   - [ 9.2146185302734375e+02, 8.2707421875000000e+02,
       1.3725151062011719e+02, 2.4630538940429688e+02,
       1.2107510119676590e-01, 12845317, -1 ]
   - [ 9.2796173095703125e+02, 1.1178741455078125e+03,
       5.2513475418090820e+00, 8.8523529052734375e+01,
       2.4229696020483971e-02, 10748416, -1 ]
   - [ 9.2834014892578125e+02, 1.1160708007812500e+03,
       7.9114632606506348e+00, 8.9138000488281250e+01,
       2.3245515301823616e-02, 6947073, -1 ]
   - [ 9.7897790527343750e+02, 1.1747983398437500e+03,
       4.8823552131652832e+00, 7.1431640625000000e+01,
       1.5751168131828308e-02, 5505536, -1 ]
