%YAML:1.0
---
maskKeypoints:
   - [ 2.5599493408203125e+02, 3.8585723876953125e+02,
       1.5837432861328125e+01, 4.7310394287109375e+01,
       8.4533385932445526e-02, 7078146, -1 ]
   - [ 2.6617230224609375e+02, 5.0573654174804688e+00,
       3.8797783851623535e+00, 3.0891345214843750e+02,
       3.7458457052707672e-02, 5570816, -1 ]
   - [ 2.6697229003906250e+02, 3.7888323974609375e+02,
       6.4299407005310059e+00, 6.2996795654296875e+01,
       3.7289321422576904e-02, 8717056, -1 ]
   - [ 2.6765222167968750e+02, 3.7455865478515625e+02,
       2.0813746452331543e+00, 2.3878933715820312e+02,
       1.6155961900949478e-02, 10682879, -1 ]
   - [ 2.6979443359375000e+02, 3.5393466186523438e+02,
       1.1389154434204102e+01, 5.6775970458984375e+01,
       6.5666794776916504e-02, 16646657, -1 ]
   - [ 2.7398571777343750e+02, 5.9076066017150879e+00,
       4.2510046958923340e+00, 2.9003292846679688e+02,
       5.4141856729984283e-02, 12189952, -1 ]
   - [ 2.7503073120117188e+02, 3.1474661254882812e+02,
       4.0389757156372070e+00, 3.3861083984375000e+01,
       4.5975990593433380e-02, 8454400, -1 ]
   - [ 2.7653851318359375e+02, 4.1400372314453125e+02,
       9.4387817382812500e+00, 3.3398477172851562e+02,
       4.9638196825981140e-02, 3015169, -1 ]
   - [ 2.7844192504882812e+02, 4.2667080688476562e+02,
       2.1229712963104248e+00, 3.5473147583007812e+02,
       5.1309678703546524e-02, 12124671, -1 ]
   - [ 2.8516650390625000e+02, 4.3330575561523438e+02,
       6.9974169731140137e+00, 3.3501138305664062e+02,
       5.4926369339227676e-02, 14811904, -1 ]
   - [ 2.8605456542968750e+02, 3.0513150024414062e+02,
       2.2252194881439209e+00, 7.5006347656250000e+01,
       5.2450180053710938e-02, 15532543, -1 ]
   - [ 2.8606811523437500e+02, 4.3356835937500000e+02,
       7.7473273277282715e+00, 3.2269430541992188e+02,
       5.4806582629680634e-02, 5439745, -1 ]
   - [ 2.8947924804687500e+02, 1.5983231544494629e+01,
       7.7829775810241699e+00, 2.8257238769531250e+02,
       3.3397246152162552e-02, 5767425, -1 ]
   - [ 2.8983364868164062e+02, 3.1207522583007812e+02,
       1.3755447387695312e+01, 3.9642395019531250e+01,
       6.4218111336231232e-02, 13566721, -1 ]
   - [ 2.8983364868164062e+02, 3.1207522583007812e+02,
       1.3755447387695312e+01, 7.6718780517578125e+01,
       6.4218111336231232e-02, 13566721, -1 ]
   - [ 2.8993060302734375e+02, 1.5006636619567871e+01,
       6.2479324340820312e+00, 2.8257504272460938e+02,
       3.3943817019462585e-02, 6619904, -1 ]
   - [ 2.9032791137695312e+02, 4.3826406860351562e+02,
       1.9445320367813110e+00, 3.0757696533203125e+02,
       1.7059942707419395e-02, 5767679, -1 ]
   - [ 2.9109878540039062e+02, 1.3930703163146973e+01,
       4.0774774551391602e+00, 2.8447509765625000e+02,
       3.5194821655750275e-02, 9175296, -1 ]
   - [ 2.9211575317382812e+02, 4.4631735229492188e+02,
       6.4148001670837402e+00, 3.1588110351562500e+02,
       5.7245664298534393e-02, 8520448, -1 ]
   - [ 2.9213656616210938e+02, 3.5779913330078125e+02,
       6.5460257530212402e+00, 9.4830413818359375e+01,
       1.3873143121600151e-02, 9962240, -1 ]
   - [ 2.9320364379882812e+02, 3.2158157348632812e+02,
       5.8410410881042480e+00, 2.5888677978515625e+02,
       1.3848099857568741e-02, 1770240, -1 ]
   - [ 2.9785928344726562e+02, 3.2282427978515625e+02,
       3.3761470794677734e+01, 2.3591278076171875e+01,
       6.4709812402725220e-02, 11665667, -1 ]
   - [ 2.9785928344726562e+02, 3.2282427978515625e+02,
       3.3761470794677734e+01, 8.6283721923828125e+01,
       6.4709812402725220e-02, 11665667, -1 ]
   - [ 2.9936267089843750e+02, 3.7473544311523438e+02,
       3.1157102584838867e+00, 1.9316917419433594e+02,
       1.3345516286790371e-02, 6423551, -1 ]
   - [ 2.9936267089843750e+02, 3.7473544311523438e+02,
       3.1157102584838867e+00, 2.3825491333007812e+02,
       1.3345516286790371e-02, 6423551, -1 ]
   - [ 3.0145062255859375e+02, 4.1734680175781250e+02,
       3.4003398418426514e+00, 2.6755664062500000e+02,
       1.4373393729329109e-02, 12780543, -1 ]
   - [ 3.0198660278320312e+02, 4.1599340820312500e+02,
       5.1520457267761230e+00, 2.6504962158203125e+02,
       1.4489056542515755e-02, 9372160, -1 ]
   - [ 3.0214483642578125e+02, 3.2275772094726562e+02,
       7.9634103775024414e+00, 2.5966784667968750e+02,
       1.3966944068670273e-02, 7471361, -1 ]
   - [ 3.0853976440429688e+02, 3.6202746582031250e+02,
       2.6585662364959717e+00, 1.2629609680175781e+02,
       1.7431031912565231e-02, 11666175, -1 ]
   - [ 3.0853976440429688e+02, 3.6202746582031250e+02,
       2.6585662364959717e+00, 2.5837594604492188e+02,
       1.7431031912565231e-02, 11666175, -1 ]
   - [ 3.1191555786132812e+02, 3.6264993286132812e+02,
       5.9209122657775879e+00, 8.1550262451171875e+01,
       1.9251927733421326e-02, 2753280, -1 ]
   - [ 3.1191555786132812e+02, 3.6264993286132812e+02,
       5.9209122657775879e+00, 1.3296353149414062e+02,
       1.9251927733421326e-02, 2753280, -1 ]
   - [ 3.1323315429687500e+02, 4.6065176391601562e+02,
       4.9643249511718750e+00, 3.1386041259765625e+02,
       5.5194675922393799e-02, 6685184, -1 ]
   - [ 3.1405981445312500e+02, 3.3299447631835938e+02,
       1.0326762199401855e+01, 1.5025567626953125e+02,
       1.3372593559324741e-02, 9568769, -1 ]
   - [ 3.1560940551757812e+02, 3.5803805541992188e+02,
       3.0564067363739014e+00, 2.5519465637207031e+02,
       1.4907282777130604e-02, 5047295, -1 ]
   - [ 3.1881408691406250e+02, 3.5779357910156250e+01,
       2.3851293563842773e+01, 3.4093371582031250e+02,
       4.9144290387630463e-02, 3212034, -1 ]
   - [ 3.2020446777343750e+02, 3.7954138183593750e+02,
       7.5922570228576660e+00, 9.7096221923828125e+01,
       1.8797138705849648e-02, 3997953, -1 ]
   - [ 3.2096514892578125e+02, 4.1845520019531250e+02,
       2.9739050865173340e+00, 2.5981521606445312e+02,
       1.7890626564621925e-02, 3081215, -1 ]
   - [ 3.2173461914062500e+02, 2.1996944427490234e+01,
       4.7374687194824219e+00, 3.0539514160156250e+02,
       4.0947150439023972e-02, 3342848, -1 ]
   - [ 3.2254531860351562e+02, 4.2284783935546875e+02,
       1.2502081871032715e+01, 9.1780517578125000e+01,
       3.4960839897394180e-02, 6685441, -1 ]
   - [ 3.2298318481445312e+02, 7.0480113029479980e+00,
       5.6604175567626953e+00, 2.9836276245117188e+02,
       1.4430158771574497e-02, 16187904, -1 ]
   - [ 3.2320965576171875e+02, 3.6843109130859375e+02,
       6.4298982620239258e+00, 8.8478027343750000e+01,
       2.9667027294635773e-02, 8717056, -1 ]
   - [ 3.2702758789062500e+02, 3.8767474365234375e+02,
       5.7222213745117188e+00, 9.2897216796875000e+01,
       2.2961093112826347e-02, 262912, -1 ]
   - [ 3.2897991943359375e+02, 3.6298718261718750e+02,
       3.0856711864471436e+00, 1.2071487426757812e+02,
       1.3911994174122810e-02, 5702655, -1 ]
   - [ 3.2969171142578125e+02, 3.2467498779296875e+01,
       8.7753343582153320e+00, 3.4790823364257812e+02,
       4.7824982553720474e-02, 14483713, -1 ]
   - [ 3.3182922363281250e+02, 3.5930886840820312e+02,
       1.9313700199127197e+00, 2.5768746948242188e+02,
       2.6664471253752708e-02, 5243391, -1 ]
   - [ 3.3260540771484375e+02, 3.2774996948242188e+02,
       1.0888957023620605e+01, 1.4787072753906250e+02,
       1.6846813261508942e-02, 13369857, -1 ]
   - [ 3.3295718383789062e+02, 3.1677548217773438e+02,
       3.3424718379974365e+00, 2.7715026855468750e+02,
       1.4181416481733322e-02, 11535359, -1 ]
   - [ 3.3348159790039062e+02, 3.9592599487304688e+02,
       1.9202463150024414e+01, 9.6731964111328125e+01,
       1.8441868945956230e-02, 4260354, -1 ]
   - [ 3.3507275390625000e+02, 5.0064277648925781e+01,
       4.7125840187072754e+00, 3.5278713989257812e+02,
       4.4059496372938156e-02, 2949632, -1 ]
   - [ 3.3621206665039062e+02, 4.8084097290039062e+02,
       4.8459305763244629e+00, 3.0542553710937500e+02,
       5.1727768033742905e-02, 4981248, -1 ]
