%YAML:1.0
---
maskKeypoints:
   - [ 1.0748149108886719e+02, 4.0080978393554688e+02,
       5.0080275535583496e+00, 7.1415832519531250e+01,
       9.0569578111171722e-02, 7340544, -1 ]
   - [ 1.0748149108886719e+02, 4.0080978393554688e+02,
       5.0080275535583496e+00, 2.5005673217773438e+02,
       9.0569578111171722e-02, 7340544, -1 ]
   - [ 2.5906439208984375e+02, 7.1058174133300781e+01,
       4.0407929420471191e+00, 7.1789550781250000e-01,
       5.7815354317426682e-02, 8519936, -1 ]
   - [ 2.6114694213867188e+02, 6.7632980346679688e+01,
       6.6742463111877441e+00, 7.0312500000000000e-01,
       5.8155898004770279e-02, 11404032, -1 ]
   - [ 2.6160052490234375e+02, 6.7234764099121094e+01,
       7.3403582572937012e+00, 3.5815881347656250e+02,
       5.7150170207023621e-02, 1573121, -1 ]
   - [ 2.6182379150390625e+02, 5.2226902008056641e+01,
       6.4618287086486816e+00, 7.2410583496093750e+00,
       5.9802606701850891e-02, 9044736, -1 ]
   - [ 2.6290289306640625e+02, 8.3711189270019531e+01,
       5.8440971374511719e+00, 3.3965475463867188e+02,
       5.3046017885208130e-02, 1770240, -1 ]
   - [ 2.6440789794921875e+02, 3.7527713775634766e+01,
       5.1211276054382324e+00, 2.7023254394531250e+01,
       6.3233673572540283e-02, 8913408, -1 ]
   - [ 2.6488739013671875e+02, 3.0878845214843750e+01,
       2.9753887653350830e+00, 3.7473754882812500e+01,
       6.4078561961650848e-02, 3081215, -1 ]
   - [ 2.6617108154296875e+02, 7.4997680664062500e+01,
       4.6986079216003418e+00, 2.2760807800292969e+02,
       1.8579330295324326e-02, 2687488, -1 ]
   - [ 2.6858218383789062e+02, 9.2580703735351562e+01,
       2.1330614089965820e+00, 3.3071258544921875e+01,
       1.4799143187701702e-02, 12452351, -1 ]
   - [ 2.6858975219726562e+02, 6.4108894348144531e+01,
       4.3995976448059082e+00, 2.2737738037109375e+02,
       2.0389104261994362e-02, 14680320, -1 ]
   - [ 2.6939099121093750e+02, 9.0648254394531250e+01,
       3.1688809394836426e+00, 3.6802032470703125e+01,
       1.3768745586276054e-02, 7668735, -1 ]
   - [ 2.7032031250000000e+02, 2.7844766616821289e+01,
       4.7072520256042480e+00, 3.1708099365234375e+01,
       5.8590359985828400e-02, 2818560, -1 ]
   - [ 2.7101943969726562e+02, 9.9107498168945312e+01,
       4.8259973526000977e+00, 3.2131286621093750e+02,
       4.7199614346027374e-02, 4653568, -1 ]
   - [ 2.7160992431640625e+02, 4.2830150604248047e+01,
       5.1451945304870605e+00, 2.4880509948730469e+02,
       2.1218089386820793e-02, 9306624, -1 ]
   - [ 2.7232101440429688e+02, 1.9557378768920898e+01,
       2.4354228973388672e+00, 3.6365203857421875e+01,
       6.4577609300613403e-02, 5309183, -1 ]
   - [ 2.7482421875000000e+02, 1.0783574676513672e+02,
       3.0736367702484131e+00, 3.5372827148437500e+02,
       4.6247698366641998e-02, 5440511, -1 ]
   - [ 2.7493548583984375e+02, 4.8309684753417969e+01,
       4.2763862609863281e+00, 2.3113310241699219e+02,
       1.5959070995450020e-02, 12648704, -1 ]
   - [ 2.7529226684570312e+02, 1.0804214477539062e+02,
       2.5708453655242920e+00, 7.5054931640625000e-01,
       4.6276744455099106e-02, 9241343, -1 ]
   - [ 2.7827297973632812e+02, 5.3704536437988281e+01,
       2.8413019180297852e+00, 2.3238003540039062e+02,
       1.3920871540904045e-02, 16450303, -1 ]
   - [ 2.7845428466796875e+02, 1.0055102539062500e+02,
       2.8475434780120850e+00, 1.9627014160156250e+01,
       1.3368031010031700e-02, 16646911, -1 ]
   - [ 2.7845428466796875e+02, 1.0055102539062500e+02,
       2.8475434780120850e+00, 1.9405236816406250e+02,
       1.3368031010031700e-02, 16646911, -1 ]
   - [ 2.7964889526367188e+02, 1.1204595184326172e+02,
       4.1986384391784668e+00, 3.2431613159179688e+02,
       5.2340798079967499e-02, 11272448, -1 ]
   - [ 2.8093652343750000e+02, 4.1904365539550781e+01,
       3.9912624359130859e+00, 2.4467089843750000e+02,
       1.4054427854716778e-02, 7602432, -1 ]
   - [ 2.8140597534179688e+02, 2.6827352523803711e+01,
       2.0428083419799805e+01, 2.9310638427734375e+01,
       7.2584398090839386e-02, 8716802, -1 ]
   - [ 2.8227722167968750e+02, 2.9155454635620117e+01,
       4.7766966819763184e+00, 2.5125534057617188e+02,
       1.9518820568919182e-02, 3932672, -1 ]
   - [ 2.8355090332031250e+02, 6.1979896545410156e+01,
       1.8819130659103394e+00, 1.9032714843750000e+02,
       6.9216102361679077e-02, 3408383, -1 ]
   - [ 2.8355090332031250e+02, 6.1979896545410156e+01,
       1.8819130659103394e+00, 2.2973397827148438e+02,
       6.9216102361679077e-02, 3408383, -1 ]
   - [ 2.8910867309570312e+02, 9.1384757995605469e+01,
       2.0956497192382812e+00, 1.4010032653808594e+02,
       6.2945827841758728e-02, 11141631, -1 ]
   - [ 2.8928494262695312e+02, 1.1584367370605469e+02,
       1.8104752302169800e+00, 4.3051452636718750e+00,
       1.5617214143276215e-02, 590335, -1 ]
   - [ 2.8976290893554688e+02, 2.4738670349121094e+01,
       4.2526850700378418e+00, 2.5779412841796875e+02,
       1.7835961654782295e-02, 12189952, -1 ]
   - [ 2.9002633666992188e+02, 1.0948539733886719e+01,
       7.8636026382446289e+00, 5.3846099853515625e+01,
       6.3349507749080658e-02, 6553857, -1 ]
   - [ 2.9021984863281250e+02, 3.0586606979370117e+01,
       3.4941527843475342e+00, 2.6008822631835938e+02,
       1.6476929187774658e-02, 14746623, -1 ]
   - [ 2.9203771972656250e+02, 3.6683090209960938e+01,
       4.0218462944030762e+00, 2.2876593017578125e+02,
       2.9637381434440613e-02, 8192256, -1 ]
   - [ 2.9254992675781250e+02, 1.9149887084960938e+01,
       4.6423196792602539e+00, 2.6283288574218750e+02,
       2.0425602793693542e-02, 1835520, -1 ]
   - [ 2.9421646118164062e+02, 1.1988928222656250e+02,
       4.5146346092224121e+00, 3.0951907348632812e+02,
       2.9529370367527008e-02, 16515328, -1 ]
   - [ 3.0064544677734375e+02, 2.9208553314208984e+01,
       5.9619102478027344e+00, 2.3751152038574219e+02,
       2.2923434153199196e-02, 3212032, -1 ]
   - [ 3.0185571289062500e+02, 1.2293105316162109e+02,
       2.5976865291595459e+00, 3.4597824096679688e+02,
       1.3850502669811249e-02, 9962239, -1 ]
   - [ 3.0455715942382812e+02, 1.1630836486816406e+02,
       1.7701671600341797e+01, 1.3456214904785156e+02,
       7.7907137572765350e-02, 15073538, -1 ]
   - [ 3.0455715942382812e+02, 1.1630836486816406e+02,
       1.7701671600341797e+01, 3.0137002563476562e+02,
       7.7907137572765350e-02, 15073538, -1 ]
   - [ 3.0520462036132812e+02, 1.0092104911804199e+01,
       4.0031561851501465e+00, 2.6465429687500000e+02,
       1.5316730365157127e-02, 7864576, -1 ]
   - [ 3.0659417724609375e+02, 1.5853712081909180e+01,
       4.1136603355407715e+00, 2.5988876342773438e+02,
       2.3265091702342033e-02, 9830656, -1 ]
   - [ 3.1180761718750000e+02, 5.3359828948974609e+01,
       3.3918670654296875e+01, 2.4147583007812500e+02,
       4.7898691147565842e-02, 11993347, -1 ]
   - [ 3.1260012817382812e+02, 1.1510209655761719e+02,
       6.7161555290222168e+00, 1.3588021850585938e+02,
       6.4905174076557159e-02, 11862784, -1 ]
   - [ 3.1321917724609375e+02, 1.3690347671508789e+01,
       4.5344691276550293e+00, 2.6793832397460938e+02,
       1.7347922548651695e-02, 131584, -1 ]
   - [ 3.1689462280273438e+02, 2.6685695648193359e+01,
       3.1602642536163330e+00, 2.5788418579101562e+02,
       3.8267970085144043e-02, 7472127, -1 ]
   - [ 3.1889843750000000e+02, 1.1824164581298828e+02,
       2.3880972862243652e+00, 1.7471138000488281e+02,
       3.6551773548126221e-02, 3932927, -1 ]
   - [ 3.2696878051757812e+02, 1.2600563049316406e+02,
       1.3583586692810059e+01, 1.8354553222656250e+02,
       3.1241923570632935e-02, 12649217, -1 ]
   - [ 3.2818234252929688e+02, 6.9929661750793457e+00,
       3.0747530460357666e+00, 1.7509703063964844e+02,
       1.5270186588168144e-02, 5440511, -1 ]
   - [ 3.2818234252929688e+02, 6.9929661750793457e+00,
       3.0747530460357666e+00, 2.7100198364257812e+02,
       1.5270186588168144e-02, 5440511, -1 ]
