%YAML:1.0
---
maskKeypoints:
   - [ 1.9107337951660156e+02, 5.1351525878906250e+02,
       2.7475376129150391e+00, 5.7820068359375000e+01,
       3.0400278046727180e-02, 14025471, -1 ]
   - [ 1.9458934020996094e+02, 3.6639932250976562e+02,
       7.0341353416442871e+00, 3.0511901855468750e+01,
       8.2740850746631622e-02, 15205120, -1 ]
   - [ 2.0204176330566406e+02, 3.6498617553710938e+02,
       4.1442413330078125e+00, 2.0569581604003906e+02,
       2.3188743740320206e-02, 10354944, -1 ]
   - [ 2.1709425354003906e+02, 3.7657308959960938e+02,
       4.8773093223571777e+00, 2.7842654418945312e+02,
       4.4066708534955978e-02, 5440000, -1 ]
   - [ 2.1741046142578125e+02, 3.3707946777343750e+02,
       5.1661081314086914e+00, 4.3456665039062500e+01,
       5.1464799791574478e-02, 9568768, -1 ]
   - [ 2.2158705139160156e+02, 4.9259454345703125e+02,
       5.3635029792785645e+00, 6.0097473144531250e+01,
       2.7792600914835930e-02, 12321280, -1 ]
   - [ 2.2171697998046875e+02, 5.3996069335937500e+02,
       2.4351913928985596e+00, 1.0024511718750000e+02,
       2.1297151222825050e-02, 5309183, -1 ]
   - [ 2.2291189575195312e+02, 5.4359863281250000e+02,
       2.4799256324768066e+00, 9.8926422119140625e+01,
       1.9320281222462654e-02, 6619903, -1 ]
   - [ 2.2364021301269531e+02, 5.4681829833984375e+02,
       6.6657433509826660e+00, 2.9004980468750000e+02,
       4.7774210572242737e-02, 11272960, -1 ]
   - [ 2.2808416748046875e+02, 4.9412435913085938e+02,
       3.1684081554412842e+00, 6.1872009277343750e+01,
       2.7985831722617149e-02, 7668735, -1 ]
   - [ 2.3388757324218750e+02, 4.9063421630859375e+02,
       2.5757009983062744e+00, 6.0681579589843750e+01,
       2.3479558527469635e-02, 9372415, -1 ]
   - [ 2.3657409667968750e+02, 5.4547912597656250e+02,
       2.3314309120178223e+00, 1.2849128723144531e+02,
       1.4355028048157692e-02, 2163455, -1 ]
   - [ 2.3674971008300781e+02, 5.5887866210937500e+02,
       3.9611675739288330e+00, 2.9223052978515625e+02,
       4.1281312704086304e-02, 7078144, -1 ]
   - [ 2.3702119445800781e+02, 4.8818826293945312e+02,
       2.0678734779357910e+00, 6.3570220947265625e+01,
       2.6514871045947075e-02, 10224127, -1 ]
   - [ 2.4032621765136719e+02, 5.2980773925781250e+02,
       2.8321583271026611e+00, 5.7917663574218750e+01,
       1.3370815664529800e-02, 16253695, -1 ]
   - [ 2.4053828430175781e+02, 5.1908276367187500e+02,
       1.8229073286056519e+00, 9.2132751464843750e+01,
       1.4897091314196587e-02, 1049087, -1 ]
   - [ 2.4133895874023438e+02, 4.9041744995117188e+02,
       7.8520278930664062e+00, 6.9094818115234375e+01,
       2.4919899180531502e-02, 6422785, -1 ]
   - [ 2.4190240478515625e+02, 4.8917858886718750e+02,
       6.4268302917480469e+00, 6.9064575195312500e+01,
       2.5147074833512306e-02, 8651520, -1 ]
   - [ 2.4269786071777344e+02, 5.3346002197265625e+02,
       2.9334647655487061e+00, 5.6501647949218750e+01,
       1.4460582286119461e-02, 2098175, -1 ]
   - [ 2.4474325561523438e+02, 5.4885479736328125e+02,
       2.0008141994476318e+00, 1.1876150512695312e+02,
       1.3424637727439404e-02, 7799295, -1 ]
   - [ 2.4484381103515625e+02, 5.2702856445312500e+02,
       2.9344174861907959e+00, 6.5765411376953125e+01,
       1.3880812563002110e-02, 2098175, -1 ]
   - [ 2.4484381103515625e+02, 5.2702856445312500e+02,
       2.9344174861907959e+00, 3.1982836914062500e+02,
       1.3880812563002110e-02, 2098175, -1 ]
   - [ 2.4795870971679688e+02, 5.5071197509765625e+02,
       2.0336382389068604e+00, 1.2067552185058594e+02,
       1.5967175364494324e-02, 8978943, -1 ]
   - [ 2.5136286926269531e+02, 5.5803906250000000e+02,
       5.4313049316406250e+00, 2.8222027587890625e+02,
       5.0906464457511902e-02, 13173248, -1 ]
   - [ 2.5205778503417969e+02, 3.1206576538085938e+02,
       5.5845341682434082e+00, 6.3633178710937500e+01,
       5.3313389420509338e-02, 15204864, -1 ]
   - [ 2.5276963806152344e+02, 5.1846276855468750e+02,
       2.7109181880950928e+00, 8.5606201171875000e+01,
       1.8546178936958313e-02, 13042431, -1 ]
   - [ 2.5598022460937500e+02, 3.0376464843750000e+02,
       4.8245406150817871e+00, 6.9626098632812500e+01,
       4.4139470905065536e-02, 4653568, -1 ]
   - [ 2.5744879150390625e+02, 5.2471728515625000e+02,
       6.1425502777099609e+01, 8.5617187500000000e+01,
       9.3751057982444763e-02, 4784388, -1 ]
   - [ 2.5744879150390625e+02, 5.2471728515625000e+02,
       6.1425502777099609e+01, 2.6859326171875000e+02,
       9.3751057982444763e-02, 4784388, -1 ]
   - [ 2.5902478027343750e+02, 4.8475338745117188e+02,
       9.8867330551147461e+00, 8.3645050048828125e+01,
       2.4012826383113861e-02, 6357505, -1 ]
   - [ 2.6105773925781250e+02, 3.0826245117187500e+02,
       5.5922660827636719e+00, 6.9754547119140625e+01,
       5.5449765175580978e-02, 15335936, -1 ]
   - [ 2.6351531982421875e+02, 3.0247497558593750e+02,
       2.5606026649475098e+00, 7.3376190185546875e+01,
       4.6812344342470169e-02, 8913663, -1 ]
   - [ 2.6395568847656250e+02, 5.1377905273437500e+02,
       4.0915412902832031e+00, 9.7756011962890625e+01,
       1.4852097257971764e-02, 9437440, -1 ]
   - [ 2.6719198608398438e+02, 5.1618225097656250e+02,
       1.8510954380035400e+00, 5.2286621093750000e+01,
       2.0381296053528786e-02, 2163199, -1 ]
   - [ 2.6863400268554688e+02, 5.1657775878906250e+02,
       3.3127706050872803e+00, 9.6824523925781250e+01,
       1.8749093636870384e-02, 10879999, -1 ]
   - [ 2.7612319946289062e+02, 4.9763427734375000e+02,
       4.0910258293151855e+00, 7.1019683837890625e+01,
       1.4958061277866364e-02, 9437440, -1 ]
   - [ 2.7612319946289062e+02, 4.9763427734375000e+02,
       4.0910258293151855e+00, 1.1828300476074219e+02,
       1.4958061277866364e-02, 9437440, -1 ]
   - [ 2.7634509277343750e+02, 4.8337670898437500e+02,
       5.6644988059997559e+00, 9.2734313964843750e+01,
       2.3098045960068703e-02, 16253440, -1 ]
   - [ 2.7918331909179688e+02, 4.9930764770507812e+02,
       2.0576562881469727e+00, 8.9429443359375000e+01,
       1.5354371629655361e-02, 9830911, -1 ]
   - [ 2.8090618896484375e+02, 5.2623541259765625e+02,
       5.3169302940368652e+00, 2.3169146728515625e+02,
       1.4936989173293114e-02, 11665920, -1 ]
   - [ 2.8732220458984375e+02, 4.7689974975585938e+02,
       5.2289490699768066e+00, 9.2619873046875000e+01,
       2.3364836350083351e-02, 10420736, -1 ]
   - [ 2.9015341186523438e+02, 3.7806933593750000e+02,
       4.5210118293762207e+00, 2.6152413940429688e+02,
       5.2526578307151794e-02, 16646400, -1 ]
   - [ 2.9240066528320312e+02, 5.1090197753906250e+02,
       1.8238235712051392e+00, 9.3678497314453125e+01,
       1.8350766971707344e-02, 1114623, -1 ]
   - [ 2.9633526611328125e+02, 4.8325112915039062e+02,
       5.4940643310546875e+00, 9.7075317382812500e+01,
       2.2374181076884270e-02, 14025216, -1 ]
   - [ 2.9803906250000000e+02, 3.7724987792968750e+02,
       4.8462610244750977e+00, 2.6001586914062500e+02,
       5.2112583070993423e-02, 4981248, -1 ]
   - [ 3.0661254882812500e+02, 4.8009634399414062e+02,
       4.7386460304260254e+00, 1.0046093750000000e+02,
       2.4864133447408676e-02, 3342848, -1 ]
   - [ 3.0665975952148438e+02, 4.7765255737304688e+02,
       8.8862352371215820e+00, 9.9645812988281250e+01,
       2.3969765752553940e-02, 15401217, -1 ]
   - [ 3.1089739990234375e+02, 4.8513238525390625e+02,
       3.8488636016845703e+00, 9.7941070556640625e+01,
       2.3577176034450531e-02, 4980992, -1 ]
   - [ 3.1815814208984375e+02, 4.8221627807617188e+02,
       4.3080101013183594e+00, 1.0182522583007812e+02,
       2.3657094687223434e-02, 13172992, -1 ]
   - [ 3.2235052490234375e+02, 3.7184304809570312e+02,
       2.2871832847595215e+00, 2.6120477294921875e+02,
       5.5949740111827850e-02, 787199, -1 ]
   - [ 3.2816772460937500e+02, 3.7215060424804688e+02,
       4.4067764282226562e+00, 2.5956530761718750e+02,
       5.1944267004728317e-02, 14811392, -1 ]
