%YAML:1.0
---
maskKeypoints:
   - [ 1.7720678710937500e+02, 1.1515463867187500e+03,
       4.5906376838684082e+00, 2.8824987792968750e+02,
       9.5782086253166199e-02, 1049088, -1 ]
   - [ 4.1422753906250000e+02, 7.3407104492187500e+02,
       7.8211836814880371e+00, 3.7039978027343750e+01,
       4.0355384349822998e-02, 6160641, -1 ]
   - [ 4.2785314941406250e+02, 7.8216674804687500e+02,
       3.2010400295257568e+00, 2.9836865234375000e+02,
       3.9302431046962738e-02, 8389631, -1 ]
   - [ 4.3446347045898438e+02, 7.5347332763671875e+02,
       3.4501903533935547e+01, 5.0094940185546875e+01,
       8.5895881056785583e-02, 13238531, -1 ]
   - [ 4.3446347045898438e+02, 7.5347332763671875e+02,
       3.4501903533935547e+01, 3.0763879394531250e+02,
       8.5895881056785583e-02, 13238531, -1 ]
   - [ 4.4652944946289062e+02, 7.1641217041015625e+02,
       5.3710322380065918e+00, 6.2865081787109375e+01,
       4.3948668986558914e-02, 12386816, -1 ]
   - [ 4.4788470458984375e+02, 7.0980029296875000e+02,
       3.9206032752990723e+00, 6.4516662597656250e+01,
       4.0540561079978943e-02, 6357248, -1 ]
   - [ 4.5776861572265625e+02, 7.5651458740234375e+02,
       1.0190184593200684e+01, 8.6311859130859375e+01,
       1.5292917378246784e-02, 8585729, -1 ]
   - [ 4.5929428100585938e+02, 7.3985388183593750e+02,
       1.4687125205993652e+01, 6.5991363525390625e+01,
       3.6170713603496552e-02, 1573122, -1 ]
   - [ 4.6043417358398438e+02, 7.3219116210937500e+02,
       5.3354988098144531e+00, 2.4258483886718750e+02,
       1.5307665802538395e-02, 11928064, -1 ]
   - [ 4.6544839477539062e+02, 7.9613018798828125e+02,
       1.0397043228149414e+01, 2.8436743164062500e+02,
       6.7325055599212646e-02, 10027521, -1 ]
   - [ 4.6544839477539062e+02, 7.9613018798828125e+02,
       1.0397043228149414e+01, 3.5814312744140625e+02,
       6.7325055599212646e-02, 10027521, -1 ]
   - [ 4.6794839477539062e+02, 7.7415332031250000e+02,
       5.1101403236389160e+00, 2.6809402465820312e+02,
       1.3989243656396866e-02, 8782336, -1 ]
   - [ 4.6978637695312500e+02, 6.8625646972656250e+02,
       2.5359167098999023e+01, 5.9412872314453125e+01,
       6.3963413238525391e-02, 7668482, -1 ]
   - [ 4.7518493652343750e+02, 7.2535113525390625e+02,
       5.8644556999206543e+00, 2.8115728759765625e+02,
       1.3357737101614475e-02, 2032384, -1 ]
   - [ 4.7640243530273438e+02, 8.4375524902343750e+02,
       1.5651384353637695e+01, 3.3466983032226562e+02,
       4.0102168917655945e-02, 6160642, -1 ]
   - [ 4.7683206176757812e+02, 6.4737597656250000e+02,
       3.6297421455383301e+00, 3.3773498535156250e+00,
       3.9304345846176147e-02, 786688, -1 ]
   - [ 4.7811047363281250e+02, 7.2518261718750000e+02,
       3.9120585918426514e+00, 2.9415148925781250e+02,
       1.4532503671944141e-02, 6160640, -1 ]
   - [ 4.7968844604492188e+02, 8.4280114746093750e+02,
       1.0535437583923340e+01, 3.3557156372070312e+02,
       4.1688606142997742e-02, 11010561, -1 ]
   - [ 4.8109701538085938e+02, 8.3410229492187500e+02,
       1.8845707178115845e+00, 3.2911996459960938e+02,
       4.7030456364154816e-02, 3473919, -1 ]
   - [ 4.8447140502929688e+02, 8.1521990966796875e+02,
       1.9651233673095703e+01, 3.3760916137695312e+02,
       4.7553174197673798e-02, 5964290, -1 ]
   - [ 4.8809472656250000e+02, 6.8868524169921875e+02,
       3.9107670783996582e+00, 8.4582519531250000e-01,
       4.0408283472061157e-02, 6160640, -1 ]
   - [ 4.9005282592773438e+02, 6.1309985351562500e+02,
       7.9295525550842285e+00, 3.1166442871093750e+01,
       4.5907083898782730e-02, 7143681, -1 ]
   - [ 5.0077682495117188e+02, 8.3458813476562500e+02,
       9.2379970550537109e+00, 2.7476751708984375e+02,
       1.6863731667399406e-02, 1507841, -1 ]
   - [ 5.1976635742187500e+02, 7.0064886474609375e+02,
       1.4113473892211914e+01, 9.9856964111328125e+01,
       1.4164629392325878e-02, 15401729, -1 ]
   - [ 5.2158203125000000e+02, 6.0913513183593750e+02,
       3.0922973632812500e+01, 7.7118133544921875e+01,
       6.5203450620174408e-02, 5308675, -1 ]
   - [ 5.2367602539062500e+02, 8.3709814453125000e+02,
       1.5363200187683105e+01, 2.7139349365234375e+02,
       2.2106662392616272e-02, 4849922, -1 ]
   - [ 5.2405584716796875e+02, 8.8529119873046875e+02,
       1.6071004867553711e+01, 3.1707272338867188e+02,
       5.9574279934167862e-02, 8126722, -1 ]
   - [ 5.3075506591796875e+02, 7.3678332519531250e+02,
       6.7342271804809570e+00, 1.9205183410644531e+02,
       1.3703769072890282e-02, 12059392, -1 ]
   - [ 5.3113153076171875e+02, 6.2832525634765625e+02,
       1.2276631355285645e+01, 2.6429553222656250e+02,
       1.4187375083565712e-02, 5309185, -1 ]
   - [ 5.3333520507812500e+02, 8.5546423339843750e+02,
       3.5481171607971191e+00, 9.9056732177734375e+01,
       1.6653893515467644e-02, 15795199, -1 ]
   - [ 5.3436914062500000e+02, 6.2782531738281250e+02,
       6.4661170959472656e+01, 3.0521118164062500e+01,
       6.3835039734840393e-02, 8519940, -1 ]
   - [ 5.3624261474609375e+02, 8.3192626953125000e+02,
       3.7418715953826904e+00, 2.7785430908203125e+02,
       1.3528795912861824e-02, 2949376, -1 ]
   - [ 5.3783715820312500e+02, 5.8594622802734375e+02,
       3.6662909984588623e+00, 8.9393890380859375e+01,
       3.9269581437110901e-02, 1507584, -1 ]
   - [ 5.3971838378906250e+02, 8.2302459716796875e+02,
       1.0469360351562500e+01, 2.6678161621093750e+02,
       1.3558896258473396e-02, 10551809, -1 ]
   - [ 5.4858331298828125e+02, 6.0413647460937500e+02,
       4.8024268150329590e+00, 9.8670257568359375e+01,
       1.3623042032122612e-02, 4325888, -1 ]
   - [ 5.5101898193359375e+02, 6.3293395996093750e+02,
       1.7729028701782227e+01, 2.6206671142578125e+02,
       1.3697876594960690e-02, 15204610, -1 ]
   - [ 5.5971484375000000e+02, 8.3926239013671875e+02,
       3.8082458972930908e+00, 9.9011322021484375e+01,
       1.3354794122278690e-02, 4260096, -1 ]
   - [ 5.5993591308593750e+02, 8.3467364501953125e+02,
       1.9896780252456665e+00, 2.9695349121093750e+02,
       1.5074375085532665e-02, 7406079, -1 ]
   - [ 5.6048767089843750e+02, 7.1389086914062500e+02,
       1.3692817687988281e+01, 8.0449432373046875e+01,
       1.8338264897465706e-02, 13239041, -1 ]
   - [ 5.6048767089843750e+02, 7.1389086914062500e+02,
       1.3692817687988281e+01, 1.3833529663085938e+02,
       1.8338264897465706e-02, 13239041, -1 ]
   - [ 5.6563818359375000e+02, 6.1374737548828125e+02,
       6.5558924674987793e+00, 1.0803437805175781e+02,
       1.8274893984198570e-02, 10093312, -1 ]
   - [ 5.6563818359375000e+02, 6.1374737548828125e+02,
       6.5558924674987793e+00, 2.6700262451171875e+02,
       1.8274893984198570e-02, 10093312, -1 ]
   - [ 5.6638531494140625e+02, 9.2462908935546875e+02,
       3.7985889911651611e+00, 3.1936489868164062e+02,
       5.0339497625827789e-02, 4063488, -1 ]
   - [ 5.6683593750000000e+02, 9.2408441162109375e+02,
       2.5699856281280518e+00, 3.1757943725585938e+02,
       5.3240526467561722e-02, 9241343, -1 ]
   - [ 5.6898931884765625e+02, 8.5127874755859375e+02,
       3.7125637531280518e+00, 9.8914215087890625e+01,
       2.2799976170063019e-02, 2359552, -1 ]
   - [ 5.6911230468750000e+02, 6.0695050048828125e+02,
       5.1886515617370605e+00, 1.0226980590820312e+02,
       1.9480904564261436e-02, 9896448, -1 ]
   - [ 5.7198437500000000e+02, 7.0457617187500000e+02,
       6.1907687187194824e+00, 2.5764318847656250e+02,
       1.3667060062289238e-02, 5964544, -1 ]
   - [ 5.7540777587890625e+02, 7.5439526367187500e+02,
       4.7466773986816406e+00, 1.0857846069335938e+02,
       1.5114350244402885e-02, 3473920, -1 ]
   - [ 5.7605065917968750e+02, 8.4062182617187500e+02,
       2.7092344760894775e+00, 3.0694775390625000e+02,
       2.3966711014509201e-02, 13042431, -1 ]
   - [ 5.7711926269531250e+02, 8.4006225585937500e+02,
       2.2702772140502930e+01, 9.2019531250000000e+01,
       3.4986566752195358e-02, 16384514, -1 ]
