%YAML:1.0
---
maskKeypoints:
   - [ 2.2170404434204102e+01, 8.2896386718750000e+02,
       5.0450410842895508e+00, 8.4261108398437500e+01,
       4.6561408787965775e-02, 7864832, -1 ]
   - [ 2.6411876678466797e+01, 8.3253527832031250e+02,
       2.6550202369689941e+00, 8.4922729492187500e+01,
       4.5541025698184967e-02, 11535103, -1 ]
   - [ 3.0612478256225586e+01, 8.8989616394042969e+01,
       4.0537953376770020e+00, 1.7878311157226562e+02,
       1.1026082187891006e-01, 8782080, -1 ]
   - [ 2.4252191162109375e+02, 6.6919653320312500e+02,
       2.4312934875488281e+00, 8.3902954101562500e+01,
       1.0005192458629608e-01, 5178111, -1 ]
   - [ 2.5074487304687500e+02, 6.6808856201171875e+02,
       2.4434955120086670e+00, 8.5689636230468750e+01,
       9.8356775939464569e-02, 5571327, -1 ]
   - [ 2.5074487304687500e+02, 6.6808856201171875e+02,
       2.4434955120086670e+00, 2.6100189208984375e+02,
       9.8356775939464569e-02, 5571327, -1 ]
   - [ 3.5091058349609375e+02, 4.4322097778320312e+02,
       4.0199322700500488e+00, 3.1657992553710938e+02,
       3.0831605195999146e-02, 8126720, -1 ]
   - [ 3.6116809082031250e+02, 4.3285229492187500e+02,
       1.7986810684204102e+01, 6.7806091308593750e+01,
       8.4928505122661591e-02, 16253186, -1 ]
   - [ 3.6116809082031250e+02, 4.3285229492187500e+02,
       1.7986810684204102e+01, 2.9815737915039062e+02,
       8.4928505122661591e-02, 16253186, -1 ]
   - [ 3.6584976196289062e+02, 4.2819641113281250e+02,
       2.2594077587127686e+00, 2.3759729003906250e+02,
       1.7184544354677200e-02, 16581119, -1 ]
   - [ 3.6706420898437500e+02, 4.4858288574218750e+02,
       1.8579607009887695e+00, 2.8264904785156250e+02,
       3.9753768593072891e-02, 2425343, -1 ]
   - [ 3.6987969970703125e+02, 4.3278015136718750e+02,
       1.9534418582916260e+00, 9.4412872314453125e+01,
       8.2510963082313538e-02, 6095359, -1 ]
   - [ 3.7042098999023438e+02, 4.4391296386718750e+02,
       3.0172173976898193e+00, 2.7378515625000000e+02,
       1.9014859572052956e-02, 4129791, -1 ]
   - [ 3.7147891235351562e+02, 4.3659832763671875e+02,
       3.1374893188476562e+00, 8.8986022949218750e+01,
       3.0489068478345871e-02, 6947839, -1 ]
   - [ 3.7341522216796875e+02, 4.3279232788085938e+02,
       1.9411296844482422e+00, 8.0017852783203125e+01,
       8.5649549961090088e-02, 5636607, -1 ]
   - [ 3.7744229125976562e+02, 4.4924337768554688e+02,
       2.6865963935852051e+00, 2.8674920654296875e+02,
       4.4664178043603897e-02, 12387071, -1 ]
   - [ 3.8370144653320312e+02, 4.0977117919921875e+02,
       9.9194688796997070e+00, 7.9709747314453125e+01,
       5.6843318045139313e-02, 6619649, -1 ]
   - [ 3.8557833862304688e+02, 4.1262890625000000e+02,
       5.6591963768005371e+00, 8.7164581298828125e+01,
       5.8457348495721817e-02, 16187904, -1 ]
   - [ 4.0216128540039062e+02, 3.9199234008789062e+02,
       3.4554595947265625e+00, 2.2569641113281250e+01,
       4.3354798108339310e-02, 13894655, -1 ]
   - [ 4.0257803344726562e+02, 4.7649206542968750e+02,
       8.2068700790405273e+00, 3.3728384399414062e+02,
       5.2275598049163818e-02, 9634049, -1 ]
   - [ 4.1002386474609375e+02, 4.6792742919921875e+02,
       2.0962371826171875e+00, 2.7417434692382812e+02,
       2.1441904827952385e-02, 11207167, -1 ]
   - [ 4.1008837890625000e+02, 4.7891543579101562e+02,
       2.4233224391937256e+00, 2.7815802001953125e+02,
       2.2869294509291649e-02, 4981503, -1 ]
   - [ 4.1273370361328125e+02, 4.6562780761718750e+02,
       1.9831898212432861e+00, 2.7526742553710938e+02,
       1.4379046857357025e-02, 7143935, -1 ]
   - [ 4.1408590698242188e+02, 4.6797351074218750e+02,
       2.0208191871643066e+00, 2.7426541137695312e+02,
       1.5385543927550316e-02, 8520191, -1 ]
   - [ 4.1620605468750000e+02, 3.8813122558593750e+02,
       1.6638498306274414e+01, 8.7723937988281250e+01,
       6.3162229955196381e-02, 10617090, -1 ]
   - [ 4.1711999511718750e+02, 4.2260772705078125e+02,
       3.9385077953338623e+00, 1.3110983276367188e+02,
       2.0433641970157623e-02, 6684928, -1 ]
   - [ 4.2010299682617188e+02, 3.7954479980468750e+02,
       2.7707910537719727e+00, 9.5582763671875000e+01,
       4.6627510339021683e-02, 14680831, -1 ]
   - [ 4.2099557495117188e+02, 4.3125451660156250e+02,
       6.8149803161621094e+01, 8.8458923339843750e+01,
       8.3817936480045319e-02, 12321028, -1 ]
   - [ 4.2099557495117188e+02, 4.3125451660156250e+02,
       6.8149803161621094e+01, 3.1371838378906250e+02,
       8.3817936480045319e-02, 12321028, -1 ]
   - [ 4.2118704223632812e+02, 4.6969897460937500e+02,
       4.0902705192565918e+00, 2.7102813720703125e+02,
       1.9834451377391815e-02, 9371904, -1 ]
   - [ 4.2137603759765625e+02, 4.7697933959960938e+02,
       1.8009132146835327e+00, 2.6715411376953125e+02,
       1.8492901697754860e-02, 197119, -1 ]
   - [ 4.2253228759765625e+02, 4.3216876220703125e+02,
       1.9532995223999023e+00, 1.0956077575683594e+02,
       1.7171261832118034e-02, 6095359, -1 ]
   - [ 4.2253228759765625e+02, 4.3216876220703125e+02,
       1.9532995223999023e+00, 2.3034468078613281e+02,
       1.7171261832118034e-02, 6095359, -1 ]
   - [ 4.2272311401367188e+02, 4.7401153564453125e+02,
       2.5871884822845459e+00, 8.4860778808593750e+01,
       1.4020519331097603e-02, 9700095, -1 ]
   - [ 4.2341720581054688e+02, 4.2566513061523438e+02,
       7.8846220970153809e+00, 1.4443151855468750e+02,
       1.7990320920944214e-02, 6750465, -1 ]
   - [ 4.2506253051757812e+02, 3.8005456542968750e+02,
       2.0704379081726074e+00, 9.0761169433593750e+01,
       4.5637737959623337e-02, 10289663, -1 ]
   - [ 4.2759207153320312e+02, 3.9411450195312500e+02,
       4.2655673027038574e+00, 2.6764385986328125e+02,
       1.3857234269380569e-02, 12452096, -1 ]
   - [ 4.2919927978515625e+02, 4.2472848510742188e+02,
       2.1745135784149170e+00, 2.7597317504882812e+02,
       2.8140258044004440e-02, 13828607, -1 ]
   - [ 4.2920571899414062e+02, 4.7413604736328125e+02,
       2.4633264541625977e+00, 9.7050445556640625e+01,
       1.6199007630348206e-02, 6161151, -1 ]
   - [ 4.2920571899414062e+02, 4.7413604736328125e+02,
       2.4633264541625977e+00, 2.5891897583007812e+02,
       1.6199007630348206e-02, 6161151, -1 ]
   - [ 4.3106439208984375e+02, 4.6974145507812500e+02,
       3.6071586608886719e+00, 2.6190252685546875e+02,
       1.6538899391889572e-02, 327936, -1 ]
   - [ 4.3123181152343750e+02, 4.2236965942382812e+02,
       1.9266407489776611e+00, 2.7750811767578125e+02,
       1.8857495859265327e-02, 5112319, -1 ]
   - [ 4.3149298095703125e+02, 5.3039538574218750e+02,
       2.5179803371429443e+00, 3.2271844482421875e+02,
       5.6960478425025940e-02, 7734015, -1 ]
   - [ 4.3456771850585938e+02, 5.3386071777343750e+02,
       3.0825569629669189e+00, 3.1476800537109375e+02,
       6.1705477535724640e-02, 5637119, -1 ]
   - [ 4.3520016479492188e+02, 4.8184851074218750e+02,
       6.9168548583984375e+00, 2.6974090576171875e+02,
       3.4814920276403427e-02, 13959936, -1 ]
   - [ 4.3561279296875000e+02, 4.3910696411132812e+02,
       5.3378634452819824e+00, 9.2037841796875000e+01,
       2.0176788792014122e-02, 11928064, -1 ]
   - [ 4.3701916503906250e+02, 4.3037103271484375e+02,
       5.0063056945800781e+00, 1.3944830322265625e+02,
       3.1691573560237885e-02, 7275008, -1 ]
   - [ 4.3781207275390625e+02, 4.4332440185546875e+02,
       1.8294384479522705e+00, 8.9001708984375000e+01,
       1.9071109592914581e-02, 1311231, -1 ]
   - [ 4.3966210937500000e+02, 4.7308511352539062e+02,
       2.8837459087371826e+00, 2.6313488769531250e+02,
       5.0310049206018448e-02, 852991, -1 ]
   - [ 4.4159216308593750e+02, 3.9016671752929688e+02,
       2.2336671352386475e+00, 1.1295295715332031e+02,
       1.8867606297135353e-02, 15794687, -1 ]
   - [ 4.4159216308593750e+02, 3.9016671752929688e+02,
       2.2336671352386475e+00, 1.4682188415527344e+02,
       1.8867606297135353e-02, 15794687, -1 ]
