%YAML:1.0
---
maskKeypoints:
   - [ 1.3848158836364746e+01, 3.2775378417968750e+02,
       2.4939894676208496e+00, 1.2159680175781250e+02,
       7.0819482207298279e-02, 7013119, -1 ]
   - [ 1.7305217742919922e+01, 3.2738385009765625e+02,
       2.3575303554534912e+00, 1.9015014648437500e+02,
       7.3078781366348267e-02, 2949887, -1 ]
   - [ 7.7079437255859375e+01, 8.4665405273437500e+02,
       3.3662796020507812e+00, 9.1262512207031250e+01,
       1.0799808055162430e-01, 11994111, -1 ]
   - [ 7.7079437255859375e+01, 8.4665405273437500e+02,
       3.3662796020507812e+00, 2.8422460937500000e+02,
       1.0799808055162430e-01, 11994111, -1 ]
   - [ 1.5478866577148438e+02, 1.4329176902770996e+01,
       1.8839590549468994e+00, 1.5803169250488281e+02,
       1.4650422334671021e-01, 3473919, -1 ]
   - [ 1.8187718200683594e+02, 1.1629841613769531e+02,
       4.2739362716674805e+00, 3.3048602294921875e+02,
       4.2533583939075470e-02, 12583168, -1 ]
   - [ 1.8409724426269531e+02, 9.1097831726074219e+01,
       6.1069231033325195e+00, 7.6156921386718750e+00,
       6.5077267587184906e-02, 4981504, -1 ]
   - [ 1.8840869140625000e+02, 1.2094194030761719e+02,
       4.1304554939270020e+00, 3.3347961425781250e+02,
       5.5310562252998352e-02, 10092800, -1 ]
   - [ 1.8988475036621094e+02, 1.0078950500488281e+02,
       4.1618785858154297e+00, 1.3343838500976562e+02,
       1.5861347317695618e-02, 10682624, -1 ]
   - [ 1.8995370483398438e+02, 6.9082969665527344e+01,
       2.5763547420501709e+00, 2.3660095214843750e+01,
       7.0753216743469238e-02, 9372415, -1 ]
   - [ 1.8995370483398438e+02, 6.9082969665527344e+01,
       2.5763547420501709e+00, 7.0488372802734375e+01,
       7.0753216743469238e-02, 9372415, -1 ]
   - [ 1.9169093322753906e+02, 8.5882354736328125e+01,
       4.8661966323852539e+00, 2.7774932861328125e+02,
       1.9922634586691856e-02, 5243392, -1 ]
   - [ 1.9951736450195312e+02, 5.5272159576416016e+01,
       4.8769788742065430e+00, 4.6092712402343750e+01,
       5.5473618209362030e-02, 5440000, -1 ]
   - [ 1.9982048034667969e+02, 1.0098635101318359e+02,
       5.9018454551696777e+00, 1.4650842285156250e+02,
       1.4040465466678143e-02, 2491136, -1 ]
   - [ 1.9982048034667969e+02, 1.0098635101318359e+02,
       5.9018454551696777e+00, 2.1914765930175781e+02,
       1.4040465466678143e-02, 2491136, -1 ]
   - [ 2.0386509704589844e+02, 7.4429870605468750e+01,
       5.0896925926208496e+00, 2.6583175659179688e+02,
       2.2014651447534561e-02, 8520192, -1 ]
   - [ 2.1039295959472656e+02, 5.3546138763427734e+01,
       7.2022089958190918e+00, 5.2165252685546875e+01,
       5.6183014065027237e-02, 196865, -1 ]
   - [ 2.1052944946289062e+02, 8.2546180725097656e+01,
       5.3209428787231445e+00, 2.5095007324218750e+02,
       1.5356491319835186e-02, 11731456, -1 ]
   - [ 2.1308456420898438e+02, 4.3766288757324219e+01,
       5.3567762374877930e+00, 5.6761383056640625e+01,
       5.2597500383853912e-02, 12190208, -1 ]
   - [ 2.1505415344238281e+02, 7.6408660888671875e+01,
       5.1975598335266113e+00, 2.6949212646484375e+02,
       1.4968184754252434e-02, 10027520, -1 ]
   - [ 2.1899418640136719e+02, 6.3015258789062500e+01,
       5.1440081596374512e+00, 2.8443579101562500e+02,
       1.8585424870252609e-02, 9241088, -1 ]
   - [ 2.1972824096679688e+02, 4.2405532836914062e+01,
       2.4760880470275879e+00, 3.1919586181640625e+01,
       6.7465186119079590e-02, 6488831, -1 ]
   - [ 2.1972824096679688e+02, 4.2405532836914062e+01,
       2.4760880470275879e+00, 7.8312347412109375e+01,
       6.7465186119079590e-02, 6488831, -1 ]
   - [ 2.2239891052246094e+02, 1.0353400421142578e+02,
       8.0810003280639648e+00, 1.1225083923339844e+02,
       5.9457797557115555e-02, 8519937, -1 ]
   - [ 2.2509219360351562e+02, 8.8599403381347656e+01,
       2.0654633045196533e+00, 1.9343339538574219e+02,
       4.6998217701911926e-02, 10093055, -1 ]
   - [ 2.2509219360351562e+02, 8.8599403381347656e+01,
       2.0654633045196533e+00, 2.2989897155761719e+02,
       4.6998217701911926e-02, 10093055, -1 ]
   - [ 2.2555529785156250e+02, 7.2933326721191406e+01,
       5.1643977165222168e+00, 2.6051818847656250e+02,
       1.4504096470773220e-02, 9568768, -1 ]
   - [ 2.2616453552246094e+02, 1.1581445312500000e+02,
       8.0296602249145508e+00, 1.0968080139160156e+02,
       6.0356441885232925e-02, 8061185, -1 ]
   - [ 2.2785017395019531e+02, 1.4606906127929688e+02,
       3.8296394348144531e+00, 2.9734146118164062e+02,
       4.0342859923839569e-02, 4653312, -1 ]
   - [ 2.2815507507324219e+02, 1.4567814636230469e+02,
       3.2739949226379395e+00, 2.7405886840820312e+02,
       4.0688883513212204e-02, 10028031, -1 ]
   - [ 2.2815507507324219e+02, 1.4567814636230469e+02,
       3.2739949226379395e+00, 3.0002764892578125e+02,
       4.0688883513212204e-02, 10028031, -1 ]
   - [ 2.2978794860839844e+02, 6.7016082763671875e+01,
       5.4949965476989746e+00, 2.7346878051757812e+02,
       1.7892498522996902e-02, 14025216, -1 ]
   - [ 2.3045626831054688e+02, 3.6252449035644531e+01,
       7.6693229675292969e+00, 7.6527679443359375e+01,
       5.3807213902473450e-02, 4718849, -1 ]
   - [ 2.3076863098144531e+02, 3.7869819641113281e+01,
       5.2383732795715332e+00, 7.7486511230468750e+01,
       5.6270215660333633e-02, 10551808, -1 ]
   - [ 2.3937937927246094e+02, 9.5990417480468750e+01,
       2.5125862121582031e+01, 2.4377537536621094e+02,
       7.1109026670455933e-02, 7013122, -1 ]
   - [ 2.4197628784179688e+02, 3.4764266967773438e+01,
       4.8354096412658691e+00, 7.0995056152343750e+01,
       5.5146981030702591e-02, 4784640, -1 ]
   - [ 2.4432067871093750e+02, 1.5088952636718750e+02,
       3.7034058570861816e+00, 2.7674789428710938e+02,
       3.4551769495010376e-02, 2228480, -1 ]
   - [ 2.4447129821777344e+02, 1.2410445404052734e+02,
       9.5372009277343750e+00, 1.1510531616210938e+02,
       5.9644252061843872e-02, 3801601, -1 ]
   - [ 2.4651344299316406e+02, 5.5940761566162109e+01,
       6.0071749687194824e+00, 2.7638793945312500e+02,
       2.3567184805870056e-02, 3801856, -1 ]
   - [ 2.4746348571777344e+02, 1.3325357055664062e+02,
       2.2072507858276367e+01, 1.2256558227539062e+02,
       8.1703051924705505e-02, 14352898, -1 ]
   - [ 2.4943524169921875e+02, 6.7638961791992188e+01,
       9.5733165740966797e+00, 2.5054940795898438e+02,
       3.6213174462318420e-02, 4063745, -1 ]
   - [ 2.5580479431152344e+02, 7.8749404907226562e+01,
       9.4996623992919922e+00, 2.5148443603515625e+02,
       3.7544712424278259e-02, 3473921, -1 ]
   - [ 2.5753863525390625e+02, 6.2034931182861328e+01,
       4.6772632598876953e+00, 2.7894869995117188e+02,
       1.7646128311753273e-02, 2359808, -1 ]
   - [ 2.5795867919921875e+02, 1.4790159606933594e+02,
       3.2519550323486328e+00, 2.6139785766601562e+02,
       4.1219942271709442e-02, 9503743, -1 ]
   - [ 2.6031295776367188e+02, 5.1064834594726562e+01,
       6.5982751846313477e+00, 2.7832217407226562e+02,
       1.5972519293427467e-02, 10552064, -1 ]
   - [ 2.6489437866210938e+02, 2.8970918655395508e+01,
       4.8291645050048828e+00, 7.5608337402343750e+01,
       6.4048811793327332e-02, 4719104, -1 ]
   - [ 2.6501431274414062e+02, 1.4791099548339844e+02,
       4.7014675140380859e+00, 2.2046520996093750e+02,
       2.3454288020730019e-02, 2753024, -1 ]
   - [ 2.6538320922851562e+02, 1.2929307556152344e+02,
       2.1762542724609375e+00, 1.4641528320312500e+02,
       3.1943082809448242e-02, 13894143, -1 ]
   - [ 2.6806015014648438e+02, 1.3252465820312500e+02,
       2.4388971328735352e+00, 1.1449136352539062e+02,
       4.0077321231365204e-02, 5440255, -1 ]
   - [ 2.6806015014648438e+02, 1.3252465820312500e+02,
       2.4388971328735352e+00, 2.4880293273925781e+02,
       4.0077321231365204e-02, 5440255, -1 ]
   - [ 2.7597131347656250e+02, 1.4806195068359375e+02,
       1.6203538894653320e+01, 3.2409863281250000e+02,
       3.3496253192424774e-02, 8716546, -1 ]
