%YAML:1.0
---
maskKeypoints:
   - [ 1.9246817016601562e+02, 6.4783587646484375e+02,
       2.9876449108123779e+00, 7.2529846191406250e+01,
       9.5899611711502075e-02, 3408895, -1 ]
   - [ 1.9246817016601562e+02, 6.4783587646484375e+02,
       2.9876449108123779e+00, 2.6546429443359375e+02,
       9.5899611711502075e-02, 3408895, -1 ]
   - [ 2.0142053222656250e+02, 6.4675311279296875e+02,
       3.1544072628021240e+00, 2.6413696289062500e+02,
       9.7014464437961578e-02, 7341055, -1 ]
   - [ 3.2786541748046875e+02, 3.6338958740234375e+02,
       1.9049314260482788e+00, 3.2127175903320312e+02,
       1.4772552996873856e-02, 4260351, -1 ]
   - [ 3.2908432006835938e+02, 3.3809136962890625e+02,
       2.9363310337066650e+00, 6.5685668945312500e+01,
       5.2015494555234909e-02, 2163711, -1 ]
   - [ 3.3426400756835938e+02, 3.5311083984375000e+02,
       2.5176824569702148e+01, 6.3529296875000000e+01,
       8.7738223373889923e-02, 7144194, -1 ]
   - [ 3.3426400756835938e+02, 3.5311083984375000e+02,
       2.5176824569702148e+01, 3.0052496337890625e+02,
       8.7738223373889923e-02, 7144194, -1 ]
   - [ 3.3490124511718750e+02, 3.4397640991210938e+02,
       2.4317920207977295e+00, 2.3207940673828125e+02,
       1.4280071482062340e-02, 5243647, -1 ]
   - [ 3.3509942626953125e+02, 3.4776632690429688e+02,
       2.1163036823272705e+00, 2.1787362670898438e+02,
       2.2954760119318962e-02, 11862527, -1 ]
   - [ 3.4031710815429688e+02, 3.6506173706054688e+02,
       3.5069930553436279e+00, 2.6309783935546875e+02,
       1.8024124205112457e-02, 15008767, -1 ]
   - [ 3.4069805908203125e+02, 3.4928710937500000e+02,
       7.7199211120605469e+00, 7.9494506835937500e+01,
       3.5986505448818207e-02, 5177601, -1 ]
   - [ 3.4334091186523438e+02, 3.5735211181640625e+02,
       4.2830414772033691e+00, 8.7853820800781250e+01,
       1.8211867660284042e-02, 12714240, -1 ]
   - [ 3.4455197143554688e+02, 3.4331149291992188e+02,
       2.7820565700531006e+00, 2.6453106689453125e+02,
       1.6315691173076630e-02, 14942975, -1 ]
   - [ 3.4718786621093750e+02, 3.4643392944335938e+02,
       2.0181791782379150e+00, 2.6720361328125000e+02,
       2.2578522562980652e-02, 8454655, -1 ]
   - [ 3.4869711303710938e+02, 3.5068038940429688e+02,
       4.1020174026489258e+00, 6.9773284912109375e+01,
       2.6497909799218178e-02, 9634048, -1 ]
   - [ 3.5244403076171875e+02, 3.7037738037109375e+02,
       1.9516128301620483e+00, 2.7148876953125000e+02,
       1.9829185679554939e-02, 6029823, -1 ]
   - [ 3.5252755737304688e+02, 3.4292553710937500e+02,
       2.1035511493682861e+00, 2.9940570068359375e+02,
       1.4558836817741394e-02, 11403775, -1 ]
   - [ 3.5294445800781250e+02, 3.6640841674804688e+02,
       2.1658568382263184e+00, 2.6561935424804688e+02,
       1.9343698397278786e-02, 13566463, -1 ]
   - [ 3.5456503295898438e+02, 3.8794708251953125e+02,
       1.9675508499145508e+01, 3.0149066162109375e+02,
       5.9179753065109253e-02, 6029826, -1 ]
   - [ 3.5789630126953125e+02, 3.2552664184570312e+02,
       9.9853515625000000e+00, 7.8972351074218750e+01,
       6.1230935156345367e-02, 7078401, -1 ]
   - [ 3.6782067871093750e+02, 3.9493780517578125e+02,
       5.1703162193298340e+00, 3.4808657836914062e+02,
       4.2415879666805267e-02, 9634304, -1 ]
   - [ 3.7172448730468750e+02, 4.4223962402343750e+02,
       5.8955768585205078e+01, 3.1455654907226562e+02,
       3.7874672561883926e-02, 1835268, -1 ]
   - [ 3.7314569091796875e+02, 3.0685678100585938e+02,
       2.1110866069793701e+00, 2.3434082031250000e+01,
       4.5686036348342896e-02, 11665919, -1 ]
   - [ 3.7972381591796875e+02, 4.0714294433593750e+02,
       1.0706713676452637e+01, 2.8753152465820312e+02,
       5.6912407279014587e-02, 12124673, -1 ]
   - [ 3.8265896606445312e+02, 3.9413024902343750e+02,
       2.1890671253204346e+00, 2.7164770507812500e+02,
       1.7638586461544037e-02, 14287359, -1 ]
   - [ 3.8382275390625000e+02, 3.9154660034179688e+02,
       1.9075405597686768e+00, 2.7139962768554688e+02,
       1.5405169688165188e-02, 4391423, -1 ]
   - [ 3.8487225341796875e+02, 3.9543505859375000e+02,
       5.1185512542724609e+00, 2.7821096801757812e+02,
       1.9523160532116890e-02, 8913408, -1 ]
   - [ 3.8813552856445312e+02, 4.2021353149414062e+02,
       7.8189940452575684e+00, 2.8338421630859375e+02,
       3.7048865109682083e-02, 6160641, -1 ]
   - [ 3.9019827270507812e+02, 3.9430050659179688e+02,
       1.8666836023330688e+00, 2.7441482543945312e+02,
       1.4007557183504105e-02, 2818559, -1 ]
   - [ 3.9091668701171875e+02, 4.1260690307617188e+02,
       1.8291513919830322e+00, 2.7203656005859375e+02,
       1.4196629635989666e-02, 1311231, -1 ]
   - [ 3.9240090942382812e+02, 2.7910409545898438e+02,
       2.1799340248107910e+00, 8.7929382324218750e+01,
       4.5771885663270950e-02, 14025215, -1 ]
   - [ 3.9241217041015625e+02, 3.9985818481445312e+02,
       1.9728307723999023e+00, 8.9439758300781250e+01,
       1.4133016578853130e-02, 6816255, -1 ]
   - [ 3.9263580322265625e+02, 2.8767697143554688e+02,
       3.1336820125579834e+00, 2.8457644653320312e+02,
       1.8736939877271652e-02, 6816767, -1 ]
   - [ 3.9430230712890625e+02, 2.8867367553710938e+02,
       1.7923543930053711e+01, 8.8037139892578125e+01,
       6.5443143248558044e-02, 15991042, -1 ]
   - [ 3.9654614257812500e+02, 3.4033090209960938e+02,
       2.2539081573486328e+00, 1.5333676147460938e+02,
       1.7422625795006752e-02, 16450047, -1 ]
   - [ 4.0002243041992188e+02, 2.8805694580078125e+02,
       3.5883584022521973e+00, 1.0443984985351562e+02,
       1.4907403849065304e-02, 16647167, -1 ]
   - [ 4.0005780029296875e+02, 2.7910131835937500e+02,
       2.2313957214355469e+00, 8.9804321289062500e+01,
       4.7271184623241425e-02, 15729151, -1 ]
   - [ 4.0032595825195312e+02, 3.3739746093750000e+02,
       5.1511898040771484e+00, 1.2967825317382812e+02,
       2.0663455128669739e-02, 9372160, -1 ]
   - [ 4.0032595825195312e+02, 3.3739746093750000e+02,
       5.1511898040771484e+00, 2.8870443725585938e+02,
       2.0663455128669739e-02, 9372160, -1 ]
   - [ 4.0187557983398438e+02, 2.9690478515625000e+02,
       3.2329799652099609e+01, 4.1060699462890625e+01,
       6.1848383396863937e-02, 8519939, -1 ]
   - [ 4.0187557983398438e+02, 2.9690478515625000e+02,
       3.2329799652099609e+01, 8.9209442138671875e+01,
       6.1848383396863937e-02, 8519939, -1 ]
   - [ 4.0449084472656250e+02, 3.9498428344726562e+02,
       2.0636000633239746e+00, 2.7593420410156250e+02,
       1.3673468492925167e-02, 10027519, -1 ]
   - [ 4.0683953857421875e+02, 3.4770385742187500e+02,
       9.0418754577636719e+01, 9.1084960937500000e+01,
       8.3106920123100281e-02, 16056836, -1 ]
   - [ 4.0683953857421875e+02, 3.4770385742187500e+02,
       9.0418754577636719e+01, 3.1698168945312500e+02,
       8.3106920123100281e-02, 16056836, -1 ]
   - [ 4.0793225097656250e+02, 2.8514819335937500e+02,
       3.0547206401824951e+00, 9.9473632812500000e+01,
       1.6086108982563019e-02, 4981759, -1 ]
   - [ 4.0828497314453125e+02, 2.9005838012695312e+02,
       3.9565899372100830e+00, 2.6993728637695312e+02,
       2.1372005343437195e-02, 7012608, -1 ]
   - [ 4.0960253906250000e+02, 3.9337838745117188e+02,
       1.9468679428100586e+00, 2.8235165405273438e+02,
       1.6125004738569260e-02, 5833215, -1 ]
   - [ 4.1010229492187500e+02, 3.9158489990234375e+02,
       4.4657616615295410e+00, 2.6968298339843750e+02,
       1.4989554882049561e-02, 15728896, -1 ]
   - [ 4.1073104858398438e+02, 4.0718807983398438e+02,
       1.8832601308822632e+00, 2.6264282226562500e+02,
       2.4116432294249535e-02, 3408383, -1 ]
   - [ 4.1140859985351562e+02, 3.5600372314453125e+02,
       7.6852312088012695e+00, 1.0370266723632812e+02,
       2.0189343020319939e-02, 4849921, -1 ]
   - [ 4.1218740844726562e+02, 4.0335083007812500e+02,
       3.3316235542297363e+00, 9.8318908691406250e+01,
       1.5385545790195465e-02, 11273215, -1 ]
