%YAML:1.0
---
maskKeypoints:
   - [ 2.8415100097656250e+02, 1.2373698730468750e+03,
       5.4013342857360840e+00, 7.1931549072265625e+01,
       9.4328567385673523e-02, 12780032, -1 ]
   - [ 2.8415100097656250e+02, 1.2373698730468750e+03,
       5.4013342857360840e+00, 2.7257705688476562e+02,
       9.4328567385673523e-02, 12780032, -1 ]
   - [ 2.8893542480468750e+02, 1.2420875244140625e+03,
       3.4671268463134766e+00, 2.6695147705078125e+02,
       4.0287829935550690e-02, 14156799, -1 ]
   - [ 3.0575906372070312e+02, 1.2349218750000000e+03,
       5.3570351600646973e+00, 9.2589050292968750e+01,
       9.4137601554393768e-02, 12190208, -1 ]
   - [ 3.0575906372070312e+02, 1.2349218750000000e+03,
       5.3570351600646973e+00, 2.5270828247070312e+02,
       9.4137601554393768e-02, 12190208, -1 ]
   - [ 5.7983129882812500e+02, 6.9751226806640625e+02,
       3.3766441345214844e+00, 2.9129348754882812e+02,
       1.4246337115764618e-02, 12256255, -1 ]
   - [ 5.8560729980468750e+02, 6.8411242675781250e+02,
       4.2857879638671875e+01, 2.9972384643554688e+02,
       8.8202454149723053e-02, 12190211, -1 ]
   - [ 5.9978100585937500e+02, 6.7340704345703125e+02,
       6.2656741142272949e+00, 2.3804031372070312e+02,
       1.6099192202091217e-02, 6816512, -1 ]
   - [ 6.0850329589843750e+02, 6.8522088623046875e+02,
       4.3667397499084473e+00, 9.2111846923828125e+01,
       7.7543944120407104e-02, 14156032, -1 ]
   - [ 6.1075268554687500e+02, 6.8910089111328125e+02,
       3.1360323429107666e+00, 8.8741790771484375e+01,
       3.0570184811949730e-02, 6882303, -1 ]
   - [ 6.1251959228515625e+02, 6.8012121582031250e+02,
       3.0863251686096191e+00, 2.6072375488281250e+02,
       2.7805386111140251e-02, 5768191, -1 ]
   - [ 6.1316955566406250e+02, 6.9453521728515625e+02,
       8.2522649765014648e+00, 8.7665466308593750e+01,
       3.0146382749080658e-02, 10027265, -1 ]
   - [ 6.1423907470703125e+02, 6.6732861328125000e+02,
       4.9752736091613770e+00, 2.7459167480468750e+02,
       1.3671039603650570e-02, 6881792, -1 ]
   - [ 6.1567291259765625e+02, 6.7594067382812500e+02,
       6.2875857353210449e+00, 2.7219366455078125e+02,
       2.2160006687045097e-02, 7078656, -1 ]
   - [ 6.1693280029296875e+02, 6.8411102294921875e+02,
       6.0733528137207031e+00, 7.9237548828125000e+01,
       8.1161230802536011e-02, 4588288, -1 ]
   - [ 6.1705645751953125e+02, 7.3000750732421875e+02,
       4.1143794059753418e+00, 2.8329309082031250e+02,
       3.9589162915945053e-02, 9830656, -1 ]
   - [ 6.2906011962890625e+02, 7.2875939941406250e+02,
       3.2626075744628906e+00, 2.7810668945312500e+02,
       4.7992434352636337e-02, 9765887, -1 ]
   - [ 6.3084381103515625e+02, 7.1498645019531250e+02,
       4.3158164024353027e+00, 2.6956262207031250e+02,
       1.4664243906736374e-02, 13304064, -1 ]
   - [ 6.3224676513671875e+02, 7.5731500244140625e+02,
       4.0448543548583984e+01, 3.0258602905273438e+02,
       5.8326058089733124e-02, 7995907, -1 ]
   - [ 6.3579071044921875e+02, 7.2984692382812500e+02,
       2.5640072822570801e+00, 2.7990328979492188e+02,
       4.1173886507749557e-02, 9044735, -1 ]
   - [ 6.3920239257812500e+02, 6.2334533691406250e+02,
       3.2829784393310547e+01, 7.6373718261718750e+01,
       5.7314328849315643e-02, 9634051, -1 ]
   - [ 6.4290771484375000e+02, 6.3108734130859375e+02,
       2.2271661758422852e+01, 8.4067443847656250e+01,
       5.9534616768360138e-02, 15008258, -1 ]
   - [ 6.5941778564453125e+02, 7.4940496826171875e+02,
       5.5112328529357910e+00, 3.3133435058593750e+02,
       3.4978646785020828e-02, 14221824, -1 ]
   - [ 6.5953503417968750e+02, 7.7160449218750000e+02,
       1.0899199485778809e+01, 3.4261196899414062e+02,
       4.2393669486045837e-02, 13435393, -1 ]
   - [ 6.6009527587890625e+02, 6.3746075439453125e+02,
       5.7064142227172852e+00, 3.0348236083984375e+01,
       3.5992018878459930e-02, 66304, -1 ]
   - [ 6.6313775634765625e+02, 7.6021221923828125e+02,
       4.2606086730957031e+00, 3.3129550170898438e+02,
       3.4800551831722260e-02, 12321024, -1 ]
   - [ 6.6365765380859375e+02, 7.7370916748046875e+02,
       4.6205224990844727e+00, 1.1076324462890625e+01,
       4.1221957653760910e-02, 1507840, -1 ]
   - [ 6.7329962158203125e+02, 8.0732208251953125e+02,
       4.5640153884887695e+00, 3.1104067993164062e+02,
       3.1788293272256851e-02, 590336, -1 ]
   - [ 6.7810241699218750e+02, 5.8708825683593750e+02,
       8.0377674102783203e+00, 2.5710693359375000e+01,
       4.1771233081817627e-02, 8126721, -1 ]
   - [ 6.7972857666015625e+02, 5.8783636474609375e+02,
       5.3255267143249512e+00, 2.5734985351562500e+01,
       4.2787764221429825e-02, 11796992, -1 ]
   - [ 6.8219213867187500e+02, 7.9560321044921875e+02,
       2.0805984497070312e+01, 2.9100210571289062e+02,
       5.2899733185768127e-02, 10093058, -1 ]
   - [ 6.8575042724609375e+02, 8.1086309814453125e+02,
       3.2495248317718506e+00, 2.7877365112304688e+02,
       4.0692146867513657e-02, 9438207, -1 ]
   - [ 6.8980664062500000e+02, 5.8214672851562500e+02,
       8.6776971817016602e+00, 2.1069519042968750e+01,
       4.0931377559900284e-02, 13697281, -1 ]
   - [ 6.9273034667968750e+02, 6.4893426513671875e+02,
       1.9022317886352539e+01, 1.0956350708007812e+02,
       1.3696755282580853e-02, 3604994, -1 ]
   - [ 6.9684466552734375e+02, 7.6593908691406250e+02,
       7.9576387405395508e+00, 2.8120184326171875e+02,
       1.3453033752739429e-02, 7405825, -1 ]
   - [ 6.9771588134765625e+02, 7.7623883056640625e+02,
       8.9030456542968750e+00, 2.7902160644531250e+02,
       2.0305372774600983e-02, 15532289, -1 ]
   - [ 6.9829284667968750e+02, 6.8669232177734375e+02,
       6.3057212829589844e+00, 8.3626342773437500e+01,
       1.6479201614856720e-02, 7275264, -1 ]
   - [ 7.0474151611328125e+02, 8.1319757080078125e+02,
       3.7779386043548584e+00, 2.7899819946289062e+02,
       3.2269679009914398e-02, 3670272, -1 ]
   - [ 7.0794396972656250e+02, 7.9723541259765625e+02,
       2.5262291431427002e+00, 1.0084417724609375e+02,
       1.5684092417359352e-02, 7996159, -1 ]
   - [ 7.0883294677734375e+02, 8.1793188476562500e+02,
       3.9338536262512207e+00, 2.8108245849609375e+02,
       3.3054698258638382e-02, 6553856, -1 ]
   - [ 7.1704919433593750e+02, 7.9763128662109375e+02,
       2.1480011940002441e+00, 9.8316345214843750e+01,
       1.4024243690073490e-02, 12976639, -1 ]
   - [ 7.1704919433593750e+02, 7.9763128662109375e+02,
       2.1480011940002441e+00, 2.7608480834960938e+02,
       1.4024243690073490e-02, 12976639, -1 ]
   - [ 7.2138970947265625e+02, 5.7608734130859375e+02,
       3.9445339202880859e+01, 3.5080596923828125e+01,
       6.5190471708774567e-02, 6226435, -1 ]
   - [ 7.2138970947265625e+02, 5.7608734130859375e+02,
       3.9445339202880859e+01, 8.7829986572265625e+01,
       6.5190471708774567e-02, 6226435, -1 ]
   - [ 7.2491455078125000e+02, 6.6383093261718750e+02,
       1.0074165344238281e+01, 1.3537278747558594e+02,
       1.8930165097117424e-02, 7733761, -1 ]
   - [ 7.3104351806640625e+02, 6.8430523681640625e+02,
       1.6879084777832031e+02, 9.2677581787109375e+01,
       8.3912886679172516e-02, 11076101, -1 ]
   - [ 7.3302972412109375e+02, 5.5633166503906250e+02,
       5.5985155105590820e+00, 9.6109222412109375e+01,
       4.5284349471330643e-02, 15401472, -1 ]
   - [ 7.3552587890625000e+02, 5.9032623291015625e+02,
       6.4374588012695312e+01, 4.8604522705078125e+01,
       6.1686974018812180e-02, 8192260, -1 ]
   - [ 7.3552587890625000e+02, 5.9032623291015625e+02,
       6.4374588012695312e+01, 9.5735900878906250e+01,
       6.1686974018812180e-02, 8192260, -1 ]
   - [ 7.3784228515625000e+02, 7.7749719238281250e+02,
       3.4045453071594238e+00, 2.8003244018554688e+02,
       1.7151392996311188e-02, 12846079, -1 ]
   - [ 7.3808905029296875e+02, 8.2431774902343750e+02,
       6.6509819030761719e+00, 2.7526873779296875e+02,
       2.8400618582963943e-02, 11141888, -1 ]
