%YAML:1.0
---
maskKeypoints:
   - [ 1.0078077316284180e+01, 1.8497026443481445e+01,
       5.7207303047180176e+00, 2.5446267700195312e+02,
       5.9696249663829803e-02, 262912, -1 ]
   - [ 1.7193283081054688e+02, 4.1902813720703125e+02,
       4.1515460014343262e+00, 8.2815704345703125e+01,
       8.7146088480949402e-02, 10486016, -1 ]
   - [ 1.7193283081054688e+02, 4.1902813720703125e+02,
       4.1515460014343262e+00, 2.1944349670410156e+02,
       8.7146088480949402e-02, 10486016, -1 ]
   - [ 3.5134823608398438e+02, 1.0144445037841797e+02,
       4.4640851020812988e+00, 8.8629455566406250e+00,
       6.1497330665588379e-02, 15728896, -1 ]
   - [ 3.5138470458984375e+02, 1.1732077789306641e+02,
       4.3170781135559082e+00, 3.4971075439453125e+02,
       5.7173367589712143e-02, 13304064, -1 ]
   - [ 3.5174334716796875e+02, 1.0183944702148438e+02,
       5.3682036399841309e+00, 7.0651245117187500e+00,
       6.0756269842386246e-02, 12321280, -1 ]
   - [ 3.5210205078125000e+02, 9.0252418518066406e+01,
       4.1554260253906250e+00, 1.5057617187500000e+01,
       6.2337320297956467e-02, 10551552, -1 ]
   - [ 3.5387359619140625e+02, 7.8315017700195312e+01,
       3.4332108497619629e+00, 1.5026000976562500e+01,
       6.1203666031360626e-02, 13435903, -1 ]
   - [ 3.5587210083007812e+02, 8.3581573486328125e+01,
       1.9008711576461792e+00, 7.7983673095703125e+01,
       1.4371153898537159e-02, 4129279, -1 ]
   - [ 3.5610266113281250e+02, 1.1392713928222656e+02,
       1.8993629217147827e+00, 6.4169311523437500e+01,
       1.5903744846582413e-02, 4063743, -1 ]
   - [ 3.5703094482421875e+02, 1.3154927062988281e+02,
       3.2245399951934814e+00, 3.2706466674804688e+02,
       4.9459896981716156e-02, 8913919, -1 ]
   - [ 3.5789578247070312e+02, 1.0948374176025391e+02,
       1.8380602598190308e+00, 6.9713165283203125e+01,
       1.8929649144411087e-02, 1704447, -1 ]
   - [ 3.5797561645507812e+02, 9.4263145446777344e+01,
       4.1284518241882324e+00, 2.2809019470214844e+02,
       2.2156693041324615e-02, 10092800, -1 ]
   - [ 3.5963278198242188e+02, 1.2694008636474609e+02,
       2.5024812221527100e+00, 3.1701629638671875e+01,
       1.8721900880336761e-02, 7275263, -1 ]
   - [ 3.5986614990234375e+02, 9.8461074829101562e+01,
       3.4166417121887207e+00, 8.3281250000000000e+01,
       2.4069566279649734e-02, 13108223, -1 ]
   - [ 3.5986614990234375e+02, 9.8461074829101562e+01,
       3.4166417121887207e+00, 2.3092543029785156e+02,
       2.4069566279649734e-02, 13108223, -1 ]
   - [ 3.6097979736328125e+02, 1.0713172912597656e+02,
       1.9775867462158203e+00, 2.3663825988769531e+02,
       1.5571833588182926e-02, 6947327, -1 ]
   - [ 3.6150326538085938e+02, 1.4065695190429688e+02,
       2.0710761547088623e+00, 3.0601330566406250e+02,
       4.7849066555500031e-02, 10289663, -1 ]
   - [ 3.6150326538085938e+02, 1.4065695190429688e+02,
       2.0710761547088623e+00, 3.5332165527343750e+02,
       4.7849066555500031e-02, 10289663, -1 ]
   - [ 3.6273480224609375e+02, 6.5813674926757812e+01,
       2.6429774761199951e+00, 3.4118988037109375e+01,
       6.2880277633666992e-02, 11207423, -1 ]
   - [ 3.6377917480468750e+02, 7.9368934631347656e+01,
       4.6747488975524902e+00, 2.4995816040039062e+02,
       2.5206632912158966e-02, 2359808, -1 ]
   - [ 3.6418682861328125e+02, 6.9850456237792969e+01,
       8.3265218734741211e+00, 3.8337677001953125e+01,
       6.3015714287757874e-02, 10682625, -1 ]
   - [ 3.6497402954101562e+02, 1.4350698852539062e+02,
       3.1745588779449463e+00, 3.3491918945312500e+02,
       5.4595686495304108e-02, 7799807, -1 ]
   - [ 3.6608450317382812e+02, 8.4043281555175781e+01,
       3.7421593666076660e+00, 2.3366133117675781e+02,
       2.0744089037179947e-02, 2949376, -1 ]
   - [ 3.6892160034179688e+02, 9.0451950073242188e+01,
       1.8683884143829346e+00, 8.1140472412109375e+01,
       1.6890091821551323e-02, 2884095, -1 ]
   - [ 3.7192761230468750e+02, 1.5268464660644531e+02,
       2.7651062011718750e+00, 2.8087225341796875e+02,
       4.3439887464046478e-02, 14484223, -1 ]
   - [ 3.7192761230468750e+02, 1.5268464660644531e+02,
       2.7651062011718750e+00, 3.4335842895507812e+02,
       4.3439887464046478e-02, 14484223, -1 ]
   - [ 3.7286224365234375e+02, 7.1865791320800781e+01,
       3.9693381786346436e+00, 2.4955511474609375e+02,
       2.2499524056911469e-02, 7209216, -1 ]
   - [ 3.7318499755859375e+02, 7.8516044616699219e+01,
       3.7020204067230225e+00, 2.4747634887695312e+02,
       1.4972435310482979e-02, 2162944, -1 ]
   - [ 3.7387731933593750e+02, 5.8378719329833984e+01,
       8.3154649734497070e+00, 4.2864440917968750e+01,
       6.4847186207771301e-02, 10551553, -1 ]
   - [ 3.7442242431640625e+02, 9.9755661010742188e+01,
       4.2473158836364746e+00, 1.9361236572265625e+02,
       3.6746010184288025e-02, 12124416, -1 ]
   - [ 3.7579986572265625e+02, 6.6870872497558594e+01,
       4.2481536865234375e+00, 2.5896112060546875e+02,
       2.4309100583195686e-02, 12124416, -1 ]
   - [ 3.7580972290039062e+02, 9.3108947753906250e+01,
       1.8872474431991577e+00, 2.4633274841308594e+02,
       5.9020303189754486e-02, 3604991, -1 ]
   - [ 3.7902185058593750e+02, 1.5720292663574219e+02,
       2.1164414882659912e+00, 2.7495300292968750e+02,
       5.3021900355815887e-02, 11862527, -1 ]
   - [ 3.8267520141601562e+02, 6.8123970031738281e+01,
       3.4003617763519287e+00, 2.6153186035156250e+02,
       2.0655246451497078e-02, 12780543, -1 ]
   - [ 3.8339111328125000e+02, 1.3506907653808594e+02,
       5.2287821769714355e+00, 1.3069522094726562e+02,
       5.8435790240764618e-02, 10420736, -1 ]
   - [ 3.8352624511718750e+02, 6.2361576080322266e+01,
       3.8524367809295654e+00, 2.5952770996093750e+02,
       2.3040082305669785e-02, 5046528, -1 ]
   - [ 3.8418008422851562e+02, 7.2810432434082031e+01,
       3.6481068134307861e+00, 2.3034350585937500e+02,
       3.0621508136391640e-02, 1114368, -1 ]
   - [ 3.8498934936523438e+02, 1.5414500427246094e+02,
       2.5574865341186523e+00, 2.7766687011718750e+02,
       1.6940953209996223e-02, 8848127, -1 ]
   - [ 3.8498934936523438e+02, 1.5414500427246094e+02,
       2.5574865341186523e+00, 3.4121496582031250e+02,
       1.6940953209996223e-02, 8848127, -1 ]
   - [ 3.8532025146484375e+02, 4.2067420959472656e+01,
       4.6064667701721191e+00, 7.1055480957031250e+01,
       5.5453896522521973e-02, 1311232, -1 ]
   - [ 3.8692044067382812e+02, 1.4766772460937500e+02,
       1.7361780166625977e+01, 1.3951541137695312e+02,
       7.9738236963748932e-02, 13697282, -1 ]
   - [ 3.9448699951171875e+02, 6.1417999267578125e+01,
       1.9650585651397705e+00, 1.3837469482421875e+02,
       2.1362638100981712e-02, 6488575, -1 ]
   - [ 3.9800576782226562e+02, 5.0529586791992188e+01,
       2.3634459972381592e+00, 1.1584024047851562e+02,
       2.0049812272191048e-02, 3146495, -1 ]
   - [ 3.9828887939453125e+02, 9.6922492980957031e+01,
       3.1912725448608398e+01, 2.3999273681640625e+02,
       4.5461006462574005e-02, 7602435, -1 ]
   - [ 3.9995620727539062e+02, 6.2865837097167969e+01,
       2.3459250926971436e+00, 2.6354681396484375e+02,
       1.7334109172224998e-02, 2622207, -1 ]
   - [ 4.0006945800781250e+02, 5.3977336883544922e+01,
       2.9136235713958740e+00, 2.6019000244140625e+02,
       2.8279388323426247e-02, 1573887, -1 ]
   - [ 4.0493295288085938e+02, 5.3319263458251953e+01,
       1.9615242481231689e+00, 1.1948046875000000e+02,
       2.4622870609164238e-02, 6357503, -1 ]
   - [ 4.0493295288085938e+02, 5.3319263458251953e+01,
       1.9615242481231689e+00, 1.6854241943359375e+02,
       2.4622870609164238e-02, 6357503, -1 ]
   - [ 4.1011239624023438e+02, 6.0943897247314453e+01,
       4.3433070182800293e+00, 2.5574786376953125e+02,
       3.9874948561191559e-02, 13762816, -1 ]
   - [ 4.1486517333984375e+02, 1.6299662780761719e+02,
       3.0071518421173096e+00, 1.9210083007812500e+01,
       4.1808299720287323e-02, 3867647, -1 ]
