%YAML:1.0
---
maskKeypoints:
   - [ 1.4108111572265625e+02, 4.0157562255859375e+02,
       1.8520334959030151e+00, 2.7082473754882812e+02,
       1.4084393158555031e-02, 2228735, -1 ]
   - [ 1.4440557861328125e+02, 3.9410763549804688e+02,
       2.1751081466674805e+01, 2.9833972167968750e+02,
       8.8882870972156525e-02, 13304322, -1 ]
   - [ 1.4681698608398438e+02, 4.0815447998046875e+02,
       2.1354205608367920e+00, 2.5685806274414062e+02,
       1.3783730566501617e-02, 12517887, -1 ]
   - [ 1.5196638488769531e+02, 3.8684457397460938e+02,
       2.2885921001434326e+00, 2.3394984436035156e+02,
       2.6556402444839478e-02, 852735, -1 ]
   - [ 1.5540708923339844e+02, 3.8496997070312500e+02,
       2.1895558834075928e+00, 2.4429650878906250e+02,
       2.1704694256186485e-02, 14352895, -1 ]
   - [ 1.5729985046386719e+02, 3.8904598999023438e+02,
       8.5993404388427734e+00, 7.8274627685546875e+01,
       3.5531453788280487e-02, 13041921, -1 ]
   - [ 1.5737648010253906e+02, 3.9207519531250000e+02,
       2.6813540458679199e+00, 9.2330535888671875e+01,
       2.6597671210765839e-02, 12255999, -1 ]
   - [ 1.5765736389160156e+02, 3.9760049438476562e+02,
       4.9025740623474121e+00, 8.9604309082031250e+01,
       1.9043125212192535e-02, 5767680, -1 ]
   - [ 1.6019720458984375e+02, 4.1793582153320312e+02,
       3.9483687877655029e+00, 2.8061682128906250e+02,
       3.7676427513360977e-02, 6816000, -1 ]
   - [ 1.6331599426269531e+02, 3.8205593872070312e+02,
       3.1180205345153809e+00, 2.7193341064453125e+02,
       1.7842205241322517e-02, 6489087, -1 ]
   - [ 1.6336988830566406e+02, 4.1431991577148438e+02,
       3.2377460002899170e+00, 2.8123144531250000e+02,
       4.1977688670158386e-02, 9176063, -1 ]
   - [ 1.6355668640136719e+02, 4.2803103637695312e+02,
       1.8785959243774414e+01, 2.9957858276367188e+02,
       5.9464052319526672e-02, 2687490, -1 ]
   - [ 1.6355668640136719e+02, 4.2803103637695312e+02,
       1.8785959243774414e+01, 3.2572256469726562e+02,
       5.9464052319526672e-02, 2687490, -1 ]
   - [ 1.6516261291503906e+02, 3.7092492675781250e+02,
       1.9114035367965698e+00, 7.9391204833984375e+01,
       5.3772080689668655e-02, 4522495, -1 ]
   - [ 1.6692510986328125e+02, 3.8530014038085938e+02,
       2.3080537319183350e+00, 2.6184368896484375e+02,
       2.3243306204676628e-02, 1442559, -1 ]
   - [ 1.6931359863281250e+02, 4.2249108886718750e+02,
       8.8706846237182617e+00, 2.8473214721679688e+02,
       6.2631383538246155e-02, 15270145, -1 ]
   - [ 1.6931359863281250e+02, 4.2249108886718750e+02,
       8.8706846237182617e+00, 3.4076495361328125e+02,
       6.2631383538246155e-02, 15270145, -1 ]
   - [ 1.7151446533203125e+02, 3.8140563964843750e+02,
       2.5296828746795654e+00, 3.0171575927734375e+02,
       1.6646172851324081e-02, 8061695, -1 ]
   - [ 1.7267434692382812e+02, 3.7149810791015625e+02,
       3.3036973476409912e+00, 8.6994476318359375e+01,
       5.2810307592153549e-02, 10683391, -1 ]
   - [ 1.7608653259277344e+02, 4.2275772094726562e+02,
       2.0033171176910400e+00, 3.5886959838867188e+02,
       3.5392981022596359e-02, 7930367, -1 ]
   - [ 1.7658197021484375e+02, 3.6683224487304688e+02,
       4.2712883949279785e+00, 8.6501312255859375e+01,
       6.6238231956958771e-02, 12517632, -1 ]
   - [ 1.7720446777343750e+02, 4.2527642822265625e+02,
       3.5384373664855957e+00, 3.5165444946289062e+02,
       3.9285868406295776e-02, 15598591, -1 ]
   - [ 1.8131423950195312e+02, 3.4676199340820312e+02,
       4.2609529495239258e+00, 1.0300842285156250e+01,
       3.8189075887203217e-02, 12386560, -1 ]
   - [ 1.8228451538085938e+02, 4.2931448364257812e+02,
       9.8964872360229492e+00, 3.3859094238281250e+02,
       4.0316842496395111e-02, 6488577, -1 ]
   - [ 1.8417471313476562e+02, 4.2539862060546875e+02,
       2.0356595516204834e+00, 2.9045404052734375e+02,
       1.7164880409836769e-02, 9044479, -1 ]
   - [ 1.8696128845214844e+02, 3.4115475463867188e+02,
       5.0272245407104492e+00, 1.7425109863281250e+01,
       3.9241243153810501e-02, 7602688, -1 ]
   - [ 1.8968379211425781e+02, 4.5311132812500000e+02,
       1.1103915214538574e+01, 2.8574166870117188e+02,
       5.9370201081037521e-02, 14811649, -1 ]
   - [ 1.9037731933593750e+02, 4.4057534790039062e+02,
       5.1195020675659180e+00, 2.7832751464843750e+02,
       2.0540630444884300e-02, 8913408, -1 ]
   - [ 1.9487083435058594e+02, 4.3680953979492188e+02,
       2.3381617069244385e+00, 2.7323919677734375e+02,
       1.4937492087483406e-02, 2360063, -1 ]
   - [ 1.9636143493652344e+02, 3.2313980102539062e+02,
       5.1278786659240723e+00, 3.0881164550781250e+01,
       4.8511274158954620e-02, 9044480, -1 ]
   - [ 1.9726644897460938e+02, 4.5508880615234375e+02,
       3.4706459045410156e+00, 2.7672955322265625e+02,
       2.6339882984757423e-02, 14222335, -1 ]
   - [ 2.0143937683105469e+02, 3.7090112304687500e+02,
       8.8075456619262695e+00, 1.0344506835937500e+02,
       1.5205441974103451e-02, 14745857, -1 ]
   - [ 2.0505296325683594e+02, 3.1625100708007812e+02,
       4.2559776306152344e+00, 8.2348571777343750e+01,
       4.8264771699905396e-02, 12255488, -1 ]
   - [ 2.0520915222167969e+02, 3.2460668945312500e+02,
       3.4753201007843018e+00, 4.9806091308593750e+01,
       1.7907558009028435e-02, 14353407, -1 ]
   - [ 2.0520915222167969e+02, 3.2460668945312500e+02,
       3.4753201007843018e+00, 2.8666442871093750e+02,
       1.7907558009028435e-02, 14353407, -1 ]
   - [ 2.0752746582031250e+02, 3.2482458496093750e+02,
       1.7941961288452148e+01, 8.5729766845703125e+01,
       6.5566666424274445e-02, 16056578, -1 ]
   - [ 2.0903656005859375e+02, 4.6248883056640625e+02,
       1.9797056913375854e+00, 2.7724145507812500e+02,
       3.1514316797256470e-02, 7078399, -1 ]
   - [ 2.1351121520996094e+02, 3.7992858886718750e+02,
       2.3659176826477051e+00, 1.4351365661621094e+02,
       1.7382774502038956e-02, 3212031, -1 ]
   - [ 2.1398789978027344e+02, 4.7024130249023438e+02,
       1.0862437248229980e+01, 3.2275494384765625e+02,
       5.8489747345447540e-02, 13173249, -1 ]
   - [ 2.1678097534179688e+02, 3.7739999389648438e+02,
       3.1918616294860840e+00, 1.3621914672851562e+02,
       2.3695971816778183e-02, 8193023, -1 ]
   - [ 2.1678097534179688e+02, 3.7739999389648438e+02,
       3.1918616294860840e+00, 2.8405712890625000e+02,
       2.3695971816778183e-02, 8193023, -1 ]
   - [ 2.1780245971679688e+02, 3.3489489746093750e+02,
       3.6699722290039062e+01, 4.5827056884765625e+01,
       6.0897942632436752e-02, 983555, -1 ]
   - [ 2.1780245971679688e+02, 3.3489489746093750e+02,
       3.6699722290039062e+01, 9.0113464355468750e+01,
       6.0897942632436752e-02, 983555, -1 ]
   - [ 2.2021749877929688e+02, 3.2689959716796875e+02,
       5.2356166839599609e+00, 2.7027835083007812e+02,
       2.1854374557733536e-02, 10551808, -1 ]
   - [ 2.2024264526367188e+02, 3.7459799194335938e+02,
       2.2634601593017578e+00, 2.8596398925781250e+02,
       1.4054656028747559e-02, 767, -1 ]
   - [ 2.2117044067382812e+02, 3.7804306030273438e+02,
       2.7555968761444092e+00, 2.8063558959960938e+02,
       1.4507872983813286e-02, 14222079, -1 ]
   - [ 2.2147572326660156e+02, 3.2157067871093750e+02,
       3.3749356269836426e+00, 9.6328002929687500e+01,
       1.5429055318236351e-02, 12190719, -1 ]
   - [ 2.2234918212890625e+02, 3.7963317871093750e+02,
       8.3572931289672852e+00, 1.4071481323242188e+02,
       1.8442668020725250e-02, 10944769, -1 ]
   - [ 2.2730322265625000e+02, 4.0333996582031250e+02,
       1.8891010284423828e+00, 1.1826660156250000e+02,
       1.5925657004117966e-02, 3670527, -1 ]
   - [ 2.2801261901855469e+02, 3.2738745117187500e+02,
       4.2888159751892090e+00, 2.6921893310546875e+02,
       1.9225906580686569e-02, 12845312, -1 ]
   - [ 2.2875921630859375e+02, 3.3779788208007812e+02,
       9.4326086044311523e+00, 2.6162701416015625e+02,
       1.3876184821128845e-02, 3015169, -1 ]
