%YAML:1.0
---
maskKeypoints:
   - [ 1.2196966552734375e+02, 3.8690899658203125e+02,
       7.6701707839965820e+00, 3.3809442138671875e+02,
       2.3105854168534279e-02, 4718849, -1 ]
   - [ 1.3473971557617188e+02, 3.8780465698242188e+02,
       9.6579275131225586e+00, 3.2942526245117188e+02,
       7.3553398251533508e-02, 4719105, -1 ]
   - [ 1.3704710388183594e+02, 3.9512353515625000e+02,
       2.2206766605377197e+00, 2.1583868408203125e+02,
       4.6878844499588013e-02, 15335935, -1 ]
   - [ 3.1706289672851562e+02, 2.9836187744140625e+02,
       5.3291344642639160e+00, 3.6534973144531250e+01,
       8.7767951190471649e-02, 11796992, -1 ]
   - [ 3.2217385864257812e+02, 2.9127322387695312e+02,
       4.0516352653503418e+00, 4.5545318603515625e+01,
       5.6052964180707932e-02, 8716544, -1 ]
   - [ 3.2309957885742188e+02, 2.9800662231445312e+02,
       3.6369493007659912e+00, 4.2652465820312500e+01,
       1.9744856283068657e-02, 917760, -1 ]
   - [ 3.2309957885742188e+02, 2.9800662231445312e+02,
       3.6369493007659912e+00, 2.0543301391601562e+02,
       1.9744856283068657e-02, 917760, -1 ]
   - [ 3.2454055786132812e+02, 2.9401419067382812e+02,
       2.2293679714202881e+00, 2.2312481689453125e+02,
       1.3861498795449734e-02, 15663615, -1 ]
   - [ 3.2465115356445312e+02, 3.0475378417968750e+02,
       4.2500801086425781e+00, 2.9153378295898438e+02,
       4.5674812048673630e-02, 12189952, -1 ]
   - [ 3.2611984252929688e+02, 2.8210400390625000e+02,
       3.6916451454162598e+00, 5.0040527343750000e+01,
       4.6070866286754608e-02, 1966336, -1 ]
   - [ 3.3857153320312500e+02, 2.7822164916992188e+02,
       3.9280898571014404e+00, 5.1834350585937500e+01,
       5.8001011610031128e-02, 6488320, -1 ]
   - [ 3.3958850097656250e+02, 3.1030908203125000e+02,
       2.1107220649719238e+00, 2.8258435058593750e+02,
       4.1318699717521667e-02, 11665919, -1 ]
   - [ 3.5012362670898438e+02, 3.1065768432617188e+02,
       4.9476342201232910e+00, 2.7911566162109375e+02,
       4.9108687788248062e-02, 6423040, -1 ]
   - [ 3.5143399047851562e+02, 3.1240673828125000e+02,
       2.1516149044036865e+00, 2.7147363281250000e+02,
       4.9077276140451431e-02, 13042175, -1 ]
   - [ 3.7068069458007812e+02, 2.6206832885742188e+02,
       4.3955793380737305e+00, 7.1195709228515625e+01,
       6.0138046741485596e-02, 14614784, -1 ]
   - [ 3.7551586914062500e+02, 3.1373309326171875e+02,
       4.3938107490539551e+00, 2.7814135742187500e+02,
       5.0798337906599045e-02, 14549248, -1 ]
   - [ 3.7942633056640625e+02, 3.1889337158203125e+02,
       4.0086717605590820e+00, 2.7779492187500000e+02,
       5.2417498081922531e-02, 7930112, -1 ]
   - [ 3.8067355346679688e+02, 2.5926739501953125e+02,
       4.9751067161560059e+00, 7.6147888183593750e+01,
       6.2554843723773956e-02, 6881792, -1 ]
   - [ 3.8369088745117188e+02, 3.1530795288085938e+02,
       3.5812222957611084e+00, 2.7571881103515625e+02,
       5.1341429352760315e-02, 16516095, -1 ]
   - [ 3.8394793701171875e+02, 3.1483026123046875e+02,
       4.3092489242553711e+00, 2.7618078613281250e+02,
       5.1039114594459534e-02, 13172992, -1 ]
   - [ 3.8410464477539062e+02, 4.1429739379882812e+02,
       6.0043826103210449e+00, 7.0796539306640625e+01,
       3.1639922410249710e-02, 3736320, -1 ]
   - [ 3.9850393676757812e+02, 4.0762969970703125e+02,
       3.2187230587005615e+00, 7.8706909179687500e+01,
       2.9853131622076035e-02, 8782847, -1 ]
   - [ 4.1160937500000000e+02, 4.3426730346679688e+02,
       4.2214121818542480e+00, 8.9838317871093750e+01,
       1.4982655644416809e-02, 11665664, -1 ]
   - [ 4.1515252685546875e+02, 4.1807806396484375e+02,
       5.0869059562683105e+00, 8.8304260253906250e+01,
       1.6012389212846756e-02, 8454656, -1 ]
   - [ 4.2126071166992188e+02, 4.0114321899414062e+02,
       4.9092192649841309e+00, 9.7227691650390625e+01,
       2.5460008531808853e-02, 5898752, -1 ]
   - [ 4.2235943603515625e+02, 8.2876763916015625e+02,
       3.4593434333801270e+00, 3.0842791748046875e+02,
       4.7691863030195236e-02, 14025727, -1 ]
   - [ 4.2290469360351562e+02, 4.3856915283203125e+02,
       4.7467594146728516e+01, 1.0327746582031250e+02,
       1.0237929970026016e-01, 2884355, -1 ]
   - [ 4.2290469360351562e+02, 4.3856915283203125e+02,
       4.7467594146728516e+01, 2.7713751220703125e+02,
       1.0237929970026016e-01, 2884355, -1 ]
   - [ 4.2296356201171875e+02, 8.3513519287109375e+02,
       4.7943377494812012e+00, 3.1255252075195312e+02,
       7.8645236790180206e-02, 4194816, -1 ]
   - [ 4.2362359619140625e+02, 8.4123400878906250e+02,
       3.1244170665740967e+00, 3.8319641113281250e+01,
       5.5996414273977280e-02, 6620159, -1 ]
   - [ 4.2371881103515625e+02, 8.4136419677734375e+02,
       3.3500950336456299e+00, 1.7880126953125000e+01,
       5.5839009582996368e-02, 11666431, -1 ]
   - [ 4.2397317504882812e+02, 2.8664611816406250e+02,
       5.8539691925048828e+01, 8.9418090820312500e+01,
       1.2174814939498901e-01, 1310980, -1 ]
   - [ 4.2397317504882812e+02, 2.8664611816406250e+02,
       5.8539691925048828e+01, 2.7126092529296875e+02,
       1.2174814939498901e-01, 1310980, -1 ]
   - [ 4.2531033325195312e+02, 8.1571478271484375e+02,
       1.8658771514892578e+01, 3.4714166259765625e+02,
       9.2790536582469940e-02, 2163202, -1 ]
   - [ 4.2534057617187500e+02, 4.4149105834960938e+02,
       2.1177606582641602e+00, 2.4170153808593750e+02,
       1.6198692843317986e-02, 11928063, -1 ]
   - [ 4.2623718261718750e+02, 8.4463043212890625e+02,
       7.5341067314147949e+00, 1.8864868164062500e+01,
       6.0941155999898911e-02, 3473665, -1 ]
   - [ 4.2735018920898438e+02, 7.8717510986328125e+02,
       8.4992370605468750e+00, 3.4469592285156250e+02,
       6.8223878741264343e-02, 12189953, -1 ]
   - [ 4.2963125610351562e+02, 4.3641183471679688e+02,
       3.0646836757659912e+00, 9.1555908203125000e+01,
       1.8634863197803497e-02, 5243903, -1 ]
   - [ 4.3024841308593750e+02, 7.6863702392578125e+02,
       4.5210504531860352e+00, 3.5630996704101562e+02,
       5.0349939614534378e-02, 16646400, -1 ]
   - [ 4.3506707763671875e+02, 7.4048162841796875e+02,
       1.3259386062622070e+01, 3.6192016601562500e+00,
       5.4128803312778473e-02, 10879745, -1 ]
   - [ 4.3640728759765625e+02, 8.0477880859375000e+02,
       4.0086145401000977e+00, 8.1864654541015625e+01,
       1.9204914569854736e-02, 7930112, -1 ]
   - [ 4.3640728759765625e+02, 8.0477880859375000e+02,
       4.0086145401000977e+00, 1.3698797607421875e+02,
       1.9204914569854736e-02, 7930112, -1 ]
   - [ 4.3792199707031250e+02, 8.3645092773437500e+02,
       6.2504038810729980e+00, 2.2807421875000000e+02,
       1.7952511087059975e-02, 6619904, -1 ]
   - [ 4.3926708984375000e+02, 7.5541442871093750e+02,
       2.8586273193359375e+00, 1.1809416198730469e+02,
       1.4175488613545895e-02, 197631, -1 ]
   - [ 4.4071194458007812e+02, 8.0065185546875000e+02,
       4.0746655464172363e+00, 7.9396148681640625e+01,
       2.5149511173367500e-02, 9109760, -1 ]
   - [ 4.4071194458007812e+02, 8.0065185546875000e+02,
       4.0746655464172363e+00, 1.1581327819824219e+02,
       2.5149511173367500e-02, 9109760, -1 ]
   - [ 4.4126193237304688e+02, 7.9485791015625000e+02,
       4.0795664787292480e+00, 2.9638446044921875e+02,
       2.8296090662479401e-02, 9240832, -1 ]
   - [ 4.4433221435546875e+02, 7.2895379638671875e+02,
       4.3063035011291504e+00, 3.5659197998046875e+02,
       4.3720599263906479e-02, 13107456, -1 ]
   - [ 4.4441595458984375e+02, 7.9130944824218750e+02,
       3.0864689350128174e+00, 2.8881207275390625e+02,
       2.3470686748623848e-02, 5768191, -1 ]
   - [ 4.4530725097656250e+02, 7.0031561279296875e+02,
       4.3773760795593262e+00, 7.2571411132812500e+00,
       3.8804810494184494e-02, 14287104, -1 ]
   - [ 4.4641281127929688e+02, 3.1994757080078125e+02,
       4.1228156089782715e+00, 2.6697961425781250e+02,
       5.7169403880834579e-02, 9961728, -1 ]
