%YAML:1.0
---
maskKeypoints:
   - [ 9.9051494598388672e+00, 2.3588647460937500e+02,
       7.4336137771606445e+00, 1.5525378417968750e+02,
       6.9893456995487213e-02, 2490625, -1 ]
   - [ 9.9051494598388672e+00, 2.3588647460937500e+02,
       7.4336137771606445e+00, 3.0301559448242188e+02,
       6.9893456995487213e-02, 2490625, -1 ]
   - [ 2.4241101074218750e+02, 1.7371749877929688e+02,
       5.5460166931152344e+00, 3.5646667480468750e+01,
       8.5607677698135376e-02, 14680576, -1 ]
   - [ 2.4241101074218750e+02, 1.7371749877929688e+02,
       5.5460166931152344e+00, 2.9989871215820312e+02,
       8.5607677698135376e-02, 14680576, -1 ]
   - [ 2.4261601257324219e+02, 1.6431472778320312e+02,
       4.1309084892272949e+00, 4.1696258544921875e+01,
       4.3058745563030243e-02, 10092800, -1 ]
   - [ 2.4806921386718750e+02, 1.6534033203125000e+02,
       4.4684886932373047e+00, 4.1645172119140625e+01,
       4.5916069298982620e-02, 15794432, -1 ]
   - [ 2.4895977783203125e+02, 1.7319471740722656e+02,
       3.6960270404815674e+00, 1.9788298034667969e+02,
       1.9148742780089378e-02, 2097408, -1 ]
   - [ 2.5190345764160156e+02, 1.8002664184570312e+02,
       4.0234503746032715e+00, 2.8713311767578125e+02,
       4.0826190263032913e-02, 8192256, -1 ]
   - [ 2.5491893005371094e+02, 1.5196150207519531e+02,
       4.1039633750915527e+00, 5.0033142089843750e+01,
       3.9504617452621460e-02, 9634048, -1 ]
   - [ 2.6117272949218750e+02, 1.8182514953613281e+02,
       4.4499926567077637e+00, 2.8218750000000000e+02,
       4.1618946939706802e-02, 15466752, -1 ]
   - [ 2.6803848266601562e+02, 1.8362368774414062e+02,
       3.4138634204864502e+00, 2.7801031494140625e+02,
       4.2714040726423264e-02, 13042687, -1 ]
   - [ 2.6999819946289062e+02, 1.4247203063964844e+02,
       2.0620491504669189e+00, 5.3143280029296875e+01,
       5.5652350187301636e-02, 9961983, -1 ]
   - [ 2.6999819946289062e+02, 1.4247203063964844e+02,
       2.0620491504669189e+00, 6.5066955566406250e+01,
       5.5652350187301636e-02, 9961983, -1 ]
   - [ 2.9232965087890625e+02, 1.2847285461425781e+02,
       3.5457019805908203e+00, 6.6012298583984375e+01,
       4.1394315659999847e-02, 15795199, -1 ]
   - [ 2.9780285644531250e+02, 1.3190254211425781e+02,
       5.4404330253601074e+00, 6.7613250732421875e+01,
       4.9530401825904846e-02, 13304320, -1 ]
   - [ 3.0677777099609375e+02, 1.2913375854492188e+02,
       6.2351469993591309e+00, 7.4777038574218750e+01,
       4.9871917814016342e-02, 6488832, -1 ]
   - [ 3.0973922729492188e+02, 2.8467492675781250e+02,
       8.9511938095092773e+00, 7.3438873291015625e+01,
       2.7048358693718910e-02, 15925505, -1 ]
   - [ 3.1856723022460938e+02, 3.2127114868164062e+02,
       2.0355789661407471e+00, 3.0564080810546875e+02,
       4.6294938772916794e-02, 9044479, -1 ]
   - [ 3.3478247070312500e+02, 3.0343026733398438e+02,
       2.4646258354187012e+00, 9.0199401855468750e+01,
       1.6664803028106689e-02, 6161151, -1 ]
   - [ 3.3511395263671875e+02, 2.9975637817382812e+02,
       2.8605415821075439e+00, 8.6965301513671875e+01,
       1.4909904450178146e-02, 263167, -1 ]
   - [ 3.4367929077148438e+02, 2.7424053955078125e+02,
       3.9581687450408936e+00, 9.7723785400390625e+01,
       2.2894734516739845e-02, 7012608, -1 ]
   - [ 3.4446844482421875e+02, 2.8865408325195312e+02,
       7.6128954887390137e+00, 9.9171051025390625e+01,
       1.4071950688958168e-02, 4194561, -1 ]
   - [ 3.4490985107421875e+02, 2.8972579956054688e+02,
       3.0232748985290527e+00, 1.0787117004394531e+02,
       1.5240881592035294e-02, 4260863, -1 ]
   - [ 3.5188790893554688e+02, 3.3791964721679688e+02,
       3.8623383045196533e+00, 2.6898767089843750e+02,
       3.6839388310909271e-02, 5243136, -1 ]
   - [ 3.5290844726562500e+02, 2.7726538085937500e+02,
       6.2423954010009766e+00, 1.0332739257812500e+02,
       2.0871285349130630e-02, 6554368, -1 ]
   - [ 3.7562579345703125e+02, 1.8929125976562500e+02,
       5.2115244865417480e+00, 2.7013726806640625e+02,
       5.2059400826692581e-02, 10224128, -1 ]
   - [ 3.7775402832031250e+02, 2.7802874755859375e+02,
       4.1631751060485840e+00, 1.0648059082031250e+02,
       2.0361285656690598e-02, 10682624, -1 ]
   - [ 3.8073168945312500e+02, 2.8382754516601562e+02,
       4.2466654777526855e+00, 1.0833981323242188e+02,
       1.9787369295954704e-02, 12124416, -1 ]
   - [ 3.8598846435546875e+02, 1.8701289367675781e+02,
       2.3861463069915771e+00, 2.5896362304687500e+02,
       5.5825252085924149e-02, 3867391, -1 ]
   - [ 3.8625415039062500e+02, 3.3587298583984375e+02,
       3.7402236461639404e+00, 2.6348770141601562e+02,
       3.9515521377325058e-02, 2949376, -1 ]
   - [ 3.8720147705078125e+02, 1.8789305114746094e+02,
       4.2349023818969727e+00, 2.6040447998046875e+02,
       5.3719840943813324e-02, 11927808, -1 ]
   - [ 4.0230987548828125e+02, 3.3390960693359375e+02,
       3.8386509418487549e+00, 2.6432482910156250e+02,
       4.1560523211956024e-02, 4784384, -1 ]
   - [ 4.0787118530273438e+02, 8.4689141845703125e+02,
       6.0141229629516602e+00, 3.5478454589843750e+01,
       5.8991864323616028e-02, 3867392, -1 ]
   - [ 4.1277005004882812e+02, 1.2905409240722656e+02,
       1.9187011718750000e+00, 1.0426261901855469e+02,
       3.0393812805414200e-02, 4784639, -1 ]
   - [ 4.1680117797851562e+02, 8.4174768066406250e+02,
       6.6101908683776855e+00, 2.8760711669921875e+01,
       6.3006222248077393e-02, 10683136, -1 ]
   - [ 4.1759539794921875e+02, 8.2775988769531250e+02,
       8.3982477188110352e+00, 3.4541961669921875e+01,
       5.0450559705495834e-02, 11272449, -1 ]
   - [ 4.2193707275390625e+02, 1.2941609191894531e+02,
       2.7330589294433594e+00, 1.1104322814941406e+02,
       4.7300439327955246e-02, 13632255, -1 ]
   - [ 4.2519952392578125e+02, 8.2633087158203125e+02,
       3.3586518764495850e+00, 2.1617156982421875e+01,
       5.0806820392608643e-02, 11863039, -1 ]
   - [ 4.2728176879882812e+02, 8.4761285400390625e+02,
       5.9723458290100098e+00, 5.1545745849609375e+01,
       2.1657956764101982e-02, 3343104, -1 ]
   - [ 4.2773635864257812e+02, 3.3416925048828125e+02,
       4.4658722877502441e+00, 2.7429040527343750e+02,
       4.0013175457715988e-02, 15728896, -1 ]
   - [ 4.3037936401367188e+02, 1.8083503723144531e+02,
       2.2683112621307373e+00, 2.6358624267578125e+02,
       5.5020727217197418e-02, 197375, -1 ]
   - [ 4.3156881713867188e+02, 8.0379107666015625e+02,
       1.3094034194946289e+01, 3.4443328857421875e+01,
       5.0090868026018143e-02, 10027777, -1 ]
   - [ 4.3389205932617188e+02, 8.2064245605468750e+02,
       9.3858489990234375e+00, 3.8374786376953125e+01,
       6.0097705572843552e-02, 2621953, -1 ]
   - [ 4.3573526000976562e+02, 7.1623632812500000e+02,
       1.0980674743652344e+01, 2.9575805664062500e+00,
       5.2207432687282562e-02, 13959681, -1 ]
   - [ 4.3691894531250000e+02, 8.0564099121093750e+02,
       4.2340745925903320e+00, 2.2584350585937500e+01,
       5.4486822336912155e-02, 11927808, -1 ]
   - [ 4.3691894531250000e+02, 8.0564099121093750e+02,
       4.2340745925903320e+00, 4.2145629882812500e+01,
       5.4486822336912155e-02, 11927808, -1 ]
   - [ 4.3727743530273438e+02, 3.3509899902343750e+02,
       4.2909531593322754e+00, 2.7756665039062500e+02,
       3.9542041718959808e-02, 12845312, -1 ]
   - [ 4.3809060668945312e+02, 1.1996314239501953e+02,
       2.6435903549194336e+01, 9.8041687011718750e+01,
       5.2903495728969574e-02, 10683138, -1 ]
   - [ 4.3878311157226562e+02, 8.2894122314453125e+02,
       5.5482611656188965e+00, 7.1659423828125000e+01,
       1.6452735289931297e-02, 14746112, -1 ]
   - [ 4.4352648925781250e+02, 6.9287915039062500e+02,
       2.7311418056488037e+00, 1.3248321533203125e+01,
       6.4193017780780792e-02, 13632255, -1 ]
   - [ 4.4373184204101562e+02, 7.7401995849609375e+02,
       1.2794237136840820e+01, 3.2068167114257812e+02,
       7.1604341268539429e-02, 8323841, -1 ]
