%YAML:1.0
---
maskKeypoints:
   - [ 4.3857168579101562e+02, 9.1314215087890625e+02,
       1.2142406463623047e+01, 2.8336944580078125e+01,
       3.9990462362766266e-02, 4522753, -1 ]
   - [ 4.3999276733398438e+02, 1.2358050537109375e+03,
       4.7763919830322266e+00, 3.5303469848632812e+02,
       3.7416588515043259e-02, 3932672, -1 ]
   - [ 4.4375048828125000e+02, 1.2284318847656250e+03,
       4.9097838401794434e+00, 3.5494424438476562e+02,
       4.7187048941850662e-02, 5898752, -1 ]
   - [ 4.4533453369140625e+02, 9.0851391601562500e+02,
       3.4961566925048828e+00, 2.6311523437500000e+01,
       3.2566934823989868e-02, 14746623, -1 ]
   - [ 4.4597799682617188e+02, 1.2150375976562500e+03,
       4.2866530418395996e+00, 2.4789489746093750e+01,
       3.5362947732210159e-02, 12779776, -1 ]
   - [ 4.4788708496093750e+02, 1.2447467041015625e+03,
       6.4313082695007324e+00, 3.2425827026367188e+02,
       5.4106876254081726e-02, 8717056, -1 ]
   - [ 4.4862826538085938e+02, 9.3157788085937500e+02,
       1.5510620117187500e+01, 2.0928405761718750e+01,
       8.1718303263187408e-02, 5505282, -1 ]
   - [ 4.5040664672851562e+02, 9.3598553466796875e+02,
       2.0935084819793701e+00, 1.7320779418945312e+02,
       2.1341396495699883e-02, 11076095, -1 ]
   - [ 4.5040664672851562e+02, 9.3598553466796875e+02,
       2.0935084819793701e+00, 2.5347729492187500e+02,
       2.1341396495699883e-02, 11076095, -1 ]
   - [ 4.5059368896484375e+02, 9.4602209472656250e+02,
       3.9090545177459717e+00, 2.8749664306640625e+02,
       4.4002715498209000e-02, 6095104, -1 ]
   - [ 4.5102835083007812e+02, 9.4637005615234375e+02,
       3.5723760128021240e+00, 2.8769992065429688e+02,
       4.4603385031223297e-02, 16319487, -1 ]
   - [ 4.5150247192382812e+02, 9.4083221435546875e+02,
       2.6201763153076172e+00, 2.0831338500976562e+02,
       1.6638483852148056e-02, 10617599, -1 ]
   - [ 4.5150247192382812e+02, 9.4083221435546875e+02,
       2.6201763153076172e+00, 3.2696292114257812e+02,
       1.6638483852148056e-02, 10617599, -1 ]
   - [ 4.5624084472656250e+02, 9.0899938964843750e+02,
       1.1282458305358887e+01, 3.0004241943359375e+01,
       4.6184726059436798e-02, 15925761, -1 ]
   - [ 4.5688906860351562e+02, 9.4513629150390625e+02,
       1.9882549047470093e+00, 2.8900958251953125e+02,
       1.7924072220921516e-02, 7340543, -1 ]
   - [ 4.6100167846679688e+02, 9.2782513427734375e+02,
       7.3667421340942383e+00, 1.8929586791992188e+02,
       2.2533480077981949e-02, 1835265, -1 ]
   - [ 4.6877099609375000e+02, 9.5431854248046875e+02,
       6.5991892814636230e+00, 2.7430349731445312e+02,
       3.9194360375404358e-02, 10552064, -1 ]
   - [ 4.8588458251953125e+02, 8.6475689697265625e+02,
       1.0859713554382324e+01, 3.8936401367187500e+01,
       4.5645304024219513e-02, 13173249, -1 ]
   - [ 5.0354867553710938e+02, 1.1658909912109375e+03,
       5.5289816856384277e+00, 5.6304748535156250e+01,
       2.5266941636800766e-02, 14483968, -1 ]
   - [ 5.1198388671875000e+02, 1.1671033935546875e+03,
       5.3299160003662109e+00, 5.6969421386718750e+01,
       2.3745840415358543e-02, 11862528, -1 ]
   - [ 5.1548205566406250e+02, 8.2840270996093750e+02,
       2.3274223804473877e+00, 6.7088653564453125e+01,
       1.6735805198550224e-02, 2032383, -1 ]
   - [ 5.1611590576171875e+02, 9.5114642333984375e+02,
       4.2022509574890137e+00, 2.6004153442382812e+02,
       4.3132793158292770e-02, 11337984, -1 ]
   - [ 5.1803405761718750e+02, 9.4634112548828125e+02,
       3.4414479732513428e+00, 2.5975567626953125e+02,
       4.0206931531429291e-02, 13632511, -1 ]
   - [ 5.2128320312500000e+02, 1.2448272705078125e+03,
       5.4084634780883789e+00, 8.6641418457031250e+01,
       1.6085982322692871e-02, 12911104, -1 ]
   - [ 5.2198016357421875e+02, 9.5006146240234375e+02,
       4.4338440895080566e+00, 2.6044165039062500e+02,
       4.4608879834413528e-02, 15204608, -1 ]
   - [ 5.2471942138671875e+02, 1.2631286621093750e+03,
       2.3480979919433594e+01, 2.8959680175781250e+02,
       4.8243656754493713e-02, 2097922, -1 ]
   - [ 5.2986975097656250e+02, 1.2751345214843750e+03,
       6.9886279106140137e+00, 2.8930493164062500e+02,
       3.5018697381019592e-02, 14746368, -1 ]
   - [ 5.3109716796875000e+02, 1.2819083251953125e+03,
       3.3732922077178955e+00, 2.9201177978515625e+02,
       4.1688494384288788e-02, 12190719, -1 ]
   - [ 5.4527026367187500e+02, 8.0660449218750000e+02,
       1.0072944641113281e+01, 5.6319885253906250e+01,
       5.3239513188600540e-02, 7733761, -1 ]
   - [ 5.4607452392578125e+02, 9.4516595458984375e+02,
       4.5059695243835449e+00, 2.6268725585937500e+02,
       4.8100966960191727e-02, 16384256, -1 ]
   - [ 5.5692315673828125e+02, 1.1438468017578125e+03,
       8.1150789260864258e+00, 7.0815917968750000e+01,
       2.3919809609651566e-02, 8847617, -1 ]
   - [ 5.5973901367187500e+02, 1.2302216796875000e+03,
       6.8520402908325195e+00, 5.6961303710937500e+01,
       1.4886975288391113e-02, 13304576, -1 ]
   - [ 5.6018920898437500e+02, 7.9738458251953125e+02,
       1.0206519126892090e+01, 5.9713867187500000e+01,
       5.4857049137353897e-02, 8716801, -1 ]
   - [ 5.6056243896484375e+02, 1.1277167968750000e+03,
       1.7192232131958008e+01, 7.0216247558593750e+01,
       2.2664770483970642e-02, 12976386, -1 ]
   - [ 5.6250250244140625e+02, 1.1315389404296875e+03,
       1.0107063293457031e+01, 7.0920898437500000e+01,
       2.3732304573059082e-02, 7995905, -1 ]
   - [ 5.6995996093750000e+02, 7.8236767578125000e+02,
       2.4328715801239014e+00, 6.3541381835937500e+01,
       4.0982410311698914e-02, 5243647, -1 ]
   - [ 5.7518786621093750e+02, 9.3638128662109375e+02,
       2.0737946033477783e+00, 2.5663735961914062e+02,
       4.4209763407707214e-02, 10420735, -1 ]
   - [ 5.8397662353515625e+02, 1.2873669433593750e+03,
       1.3528955459594727e+01, 2.7598779296875000e+02,
       4.9049880355596542e-02, 12387073, -1 ]
   - [ 5.8676043701171875e+02, 1.2979156494140625e+03,
       3.7184453010559082e+00, 2.7795031738281250e+02,
       3.7577368319034576e-02, 2490624, -1 ]
   - [ 5.9351257324218750e+02, 1.1261899414062500e+03,
       3.5985658168792725e+00, 7.9167785644531250e+01,
       2.2178664803504944e-02, 131328, -1 ]
   - [ 5.9963854980468750e+02, 1.1859733886718750e+03,
       8.0272731781005859e+00, 8.0336975097656250e+01,
       1.3533014804124832e-02, 8061185, -1 ]
   - [ 6.0081805419921875e+02, 1.1301846923828125e+03,
       5.4211053848266602e+00, 8.8397949218750000e+01,
       2.5252828374505043e-02, 13042176, -1 ]
   - [ 6.0982690429687500e+02, 1.1914294433593750e+03,
       6.2726297378540039e+00, 9.0080017089843750e+01,
       1.8717454746365547e-02, 6882048, -1 ]
   - [ 6.1178918457031250e+02, 9.3045428466796875e+02,
       4.7208781242370605e+00, 2.5486253356933594e+02,
       4.9843017011880875e-02, 3080704, -1 ]
   - [ 6.1707934570312500e+02, 1.2179865722656250e+03,
       1.3069113159179688e+02, 8.0279205322265625e+01,
       9.1134637594223022e-02, 9306373, -1 ]
   - [ 6.1707934570312500e+02, 1.2179865722656250e+03,
       1.3069113159179688e+02, 2.5994549560546875e+02,
       9.1134637594223022e-02, 9306373, -1 ]
   - [ 6.2146984863281250e+02, 1.1317161865234375e+03,
       8.4954023361206055e+00, 8.7970458984375000e+01,
       2.5173971429467201e-02, 12124417, -1 ]
   - [ 6.2407012939453125e+02, 1.1240029296875000e+03,
       5.0442814826965332e+00, 8.8134063720703125e+01,
       2.5031104683876038e-02, 7864832, -1 ]
   - [ 6.2453875732421875e+02, 1.1224095458984375e+03,
       7.3880257606506348e+00, 8.9453338623046875e+01,
       2.3386167362332344e-02, 2031873, -1 ]
   - [ 6.2552014160156250e+02, 7.6311523437500000e+02,
       2.0919389724731445e+00, 7.5796051025390625e+01,
       2.9528690502047539e-02, 11010559, -1 ]
   - [ 6.3293273925781250e+02, 9.2083428955078125e+02,
       2.7332248687744141e+00, 2.5662414550781250e+02,
       3.7353657186031342e-02, 13632255, -1 ]
