%YAML:1.0
---
maskKeypoints:
   - [ 9.0081344604492188e+01, 5.0407965087890625e+02,
       2.1774394512176514e+00, 9.2307800292968750e+01,
       1.3307653367519379e-01, 13959679, -1 ]
   - [ 9.0081344604492188e+01, 5.0407965087890625e+02,
       2.1774394512176514e+00, 2.4176675415039062e+02,
       1.3307653367519379e-01, 13959679, -1 ]
   - [ 2.0414820861816406e+02, 3.0506500244140625e+02,
       4.7504897117614746e+00, 3.5495544433593750e+01,
       4.0209822356700897e-02, 3539456, -1 ]
   - [ 2.0749276733398438e+02, 3.1280111694335938e+02,
       6.7186241149902344e+00, 3.0370300292968750e+01,
       8.0499917268753052e-02, 11862784, -1 ]
   - [ 2.0984280395507812e+02, 4.8229415893554688e+02,
       2.6608481407165527e+00, 3.1164331054687500e+02,
       5.5041555315256119e-02, 11731711, -1 ]
   - [ 2.1070434570312500e+02, 2.9688171386718750e+02,
       4.6755018234252930e+00, 3.9935760498046875e+01,
       4.1489366441965103e-02, 2359808, -1 ]
   - [ 2.1508604431152344e+02, 3.1193588256835938e+02,
       4.2043380737304688e+00, 2.0289262390136719e+02,
       1.8469043076038361e-02, 11403520, -1 ]
   - [ 2.1591567993164062e+02, 4.8630541992187500e+02,
       2.2057094573974609e+00, 2.9267834472656250e+02,
       5.5618997663259506e-02, 14877183, -1 ]
   - [ 2.2060284423828125e+02, 4.8697021484375000e+02,
       3.7519733905792236e+00, 2.8590252685546875e+02,
       5.1938969641923904e-02, 3145984, -1 ]
   - [ 2.2082960510253906e+02, 3.2716946411132812e+02,
       4.0606608390808105e+00, 2.8419061279296875e+02,
       4.0097989141941071e-02, 8847616, -1 ]
   - [ 2.3065936279296875e+02, 2.8470919799804688e+02,
       5.3346319198608398e+00, 4.7029083251953125e+01,
       5.0300411880016327e-02, 11928064, -1 ]
   - [ 2.3970988464355469e+02, 4.4528561401367188e+02,
       3.4740166664123535e+00, 6.1530609130859375e+01,
       3.0277173966169357e-02, 14287871, -1 ]
   - [ 2.4054902648925781e+02, 4.9178536987304688e+02,
       5.4608473777770996e+00, 2.9034384155273438e+02,
       4.5962359756231308e-02, 13566464, -1 ]
   - [ 2.4289694213867188e+02, 3.2577917480468750e+02,
       4.4274740219116211e+00, 2.7208050537109375e+02,
       4.6136718243360519e-02, 15139072, -1 ]
   - [ 2.4317504882812500e+02, 3.2649319458007812e+02,
       3.3917770385742188e+00, 2.7095108032226562e+02,
       4.6758946031332016e-02, 12583935, -1 ]
   - [ 2.4430601501464844e+02, 4.8682861328125000e+02,
       2.7795460224151611e+00, 1.0206478881835938e+02,
       1.9667709246277809e-02, 14877439, -1 ]
   - [ 2.4969189453125000e+02, 4.9180258178710938e+02,
       2.6143379211425781e+00, 1.1329298400878906e+02,
       1.6401575878262520e-02, 10420991, -1 ]
   - [ 2.5795678710937500e+02, 4.9221459960937500e+02,
       2.5463569164276123e+00, 1.2548687744140625e+02,
       1.6033980995416641e-02, 8520447, -1 ]
   - [ 2.5958493041992188e+02, 4.9998632812500000e+02,
       5.3250842094421387e+00, 2.9059185791015625e+02,
       4.5629411935806274e-02, 11796992, -1 ]
   - [ 2.6201022338867188e+02, 4.6663339233398438e+02,
       2.1488380432128906e+00, 9.1946594238281250e+01,
       1.3539686799049377e-02, 12976639, -1 ]
   - [ 2.6247869873046875e+02, 4.9413555908203125e+02,
       2.5517439842224121e+00, 1.2431317138671875e+02,
       1.4258573763072491e-02, 8717055, -1 ]
   - [ 2.6247869873046875e+02, 4.9413555908203125e+02,
       2.5517439842224121e+00, 3.0176373291015625e+02,
       1.4258573763072491e-02, 8717055, -1 ]
   - [ 2.6345251464843750e+02, 4.8123471069335938e+02,
       3.3118610382080078e+00, 5.7581848144531250e+01,
       1.3407420367002487e-02, 10814463, -1 ]
   - [ 2.6494180297851562e+02, 4.3763952636718750e+02,
       5.3661460876464844e+00, 6.8390136718750000e+01,
       2.6896340772509575e-02, 12321280, -1 ]
   - [ 2.6565930175781250e+02, 2.6108932495117188e+02,
       5.4073204994201660e+00, 6.5390289306640625e+01,
       5.2497368305921555e-02, 12845568, -1 ]
   - [ 2.7395562744140625e+02, 4.6627505493164062e+02,
       2.9179837703704834e+00, 8.3678955078125000e+01,
       1.6866344958543777e-02, 1704959, -1 ]
   - [ 2.8053262329101562e+02, 4.3463760375976562e+02,
       8.9149932861328125e+00, 8.3249877929687500e+01,
       2.3878110572695732e-02, 15597825, -1 ]
   - [ 2.8189035034179688e+02, 4.7243362426757812e+02,
       2.4579093456268311e+00, 2.1465423583984375e+01,
       1.3390285894274712e-02, 5964543, -1 ]
   - [ 2.8189035034179688e+02, 4.7243362426757812e+02,
       2.4579093456268311e+00, 1.4152035522460938e+02,
       1.3390285894274712e-02, 5964543, -1 ]
   - [ 2.8320449829101562e+02, 4.7306594848632812e+02,
       6.0537971496582031e+01, 2.6545788574218750e+02,
       9.4502724707126617e-02, 3735812, -1 ]
   - [ 2.8400616455078125e+02, 4.6200506591796875e+02,
       3.9375302791595459e+00, 9.5077575683593750e+01,
       1.5343348495662212e-02, 6619392, -1 ]
   - [ 2.8962100219726562e+02, 3.2904681396484375e+02,
       2.7006855010986328e+00, 2.6449569702148438e+02,
       5.2711889147758484e-02, 12780287, -1 ]
   - [ 2.9029244995117188e+02, 3.3002658081054688e+02,
       4.4793257713317871e+00, 2.6451507568359375e+02,
       5.1648020744323730e-02, 15991040, -1 ]
   - [ 2.9722149658203125e+02, 4.4669821166992188e+02,
       3.9295105934143066e+00, 7.8935150146484375e+01,
       1.5423722565174103e-02, 6488320, -1 ]
   - [ 2.9722149658203125e+02, 4.4669821166992188e+02,
       3.9295105934143066e+00, 1.1125627136230469e+02,
       1.5423722565174103e-02, 6488320, -1 ]
   - [ 2.9858078002929688e+02, 4.3354925537109375e+02,
       7.4876809120178223e+00, 9.1872924804687500e+01,
       2.4728035554289818e-02, 3014913, -1 ]
   - [ 2.9858905029296875e+02, 4.3305261230468750e+02,
       6.7633166313171387e+00, 9.2913696289062500e+01,
       2.5135725736618042e-02, 12321536, -1 ]
   - [ 2.9861230468750000e+02, 4.3507070922851562e+02,
       2.1141822338104248e+00, 2.7134063720703125e+02,
       1.3390427455306053e-02, 11796991, -1 ]
   - [ 3.0145507812500000e+02, 4.7442742919921875e+02,
       5.3587203025817871e+00, 2.2048321533203125e+02,
       1.5045492909848690e-02, 12255744, -1 ]
   - [ 3.0767843627929688e+02, 5.0528732299804688e+02,
       6.3995609283447266e+00, 2.5520768737792969e+02,
       3.5336200147867203e-02, 8323840, -1 ]
   - [ 3.1089724731445312e+02, 2.4461717224121094e+02,
       2.4155356884002686e+00, 8.2147613525390625e+01,
       4.2160317301750183e-02, 4719359, -1 ]
   - [ 3.1359298706054688e+02, 3.2704748535156250e+02,
       2.7271587848663330e+00, 2.6349395751953125e+02,
       5.3234063088893890e-02, 13501183, -1 ]
   - [ 3.1959197998046875e+02, 2.4284333801269531e+02,
       3.8812675476074219e+00, 8.0615173339843750e+01,
       4.4640313833951950e-02, 5636352, -1 ]
   - [ 3.3276382446289062e+02, 4.3613208007812500e+02,
       3.4221107959747314e+00, 1.0192166137695312e+02,
       2.3025607690215111e-02, 13239295, -1 ]
   - [ 3.4401721191406250e+02, 3.2398956298828125e+02,
       4.3412737846374512e+00, 2.6083847045898438e+02,
       5.4155923426151276e-02, 13697280, -1 ]
   - [ 3.4482055664062500e+02, 4.3921334838867188e+02,
       5.0488066673278809e+00, 1.0250576782226562e+02,
       1.9241571426391602e-02, 7930368, -1 ]
   - [ 3.5376467895507812e+02, 3.2181375122070312e+02,
       3.9768509864807129e+00, 2.5670666503906250e+02,
       5.5388443171977997e-02, 7340288, -1 ]
   - [ 3.6285766601562500e+02, 3.2031610107421875e+02,
       4.6044921875000000e+00, 2.5962133789062500e+02,
       5.2149161696434021e-02, 1245696, -1 ]
   - [ 3.6415209960937500e+02, 4.6184609985351562e+02,
       1.8302506208419800e+00, 9.4803710937500000e+01,
       1.4256871305406094e-02, 1376767, -1 ]
   - [ 3.7073486328125000e+02, 4.9019937133789062e+02,
       3.9871280193328857e+00, 2.5399914550781250e+02,
       3.9215356111526489e-02, 7536896, -1 ]
   - [ 3.8795571899414062e+02, 4.8584945678710938e+02,
       3.7235486507415771e+00, 2.6151205444335938e+02,
       3.8877673447132111e-02, 2621696, -1 ]
