%YAML:1.0
---
maskKeypoints:
   - [ 1.1394904327392578e+02, 5.8767602539062500e+02,
       3.2626144886016846e+00, 9.0560974121093750e+01,
       1.0073903203010559e-01, 9765887, -1 ]
   - [ 1.1394904327392578e+02, 5.8767602539062500e+02,
       3.2626144886016846e+00, 2.7550024414062500e+02,
       1.0073903203010559e-01, 9765887, -1 ]
   - [ 2.2654797363281250e+02, 3.8899411010742188e+02,
       1.6656723022460938e+01, 5.0101593017578125e+01,
       8.4647394716739655e-02, 10682626, -1 ]
   - [ 2.2654797363281250e+02, 3.8899411010742188e+02,
       1.6656723022460938e+01, 3.0933609008789062e+02,
       8.4647394716739655e-02, 10682626, -1 ]
   - [ 2.3180241394042969e+02, 3.9791259765625000e+02,
       3.0629880428314209e+00, 2.8736785888671875e+02,
       1.5487843193113804e-02, 5178367, -1 ]
   - [ 2.3730218505859375e+02, 3.8206881713867188e+02,
       6.6210198402404785e+00, 6.4543518066406250e+01,
       3.7542879581451416e-02, 10814208, -1 ]
   - [ 2.3763993835449219e+02, 4.1007037353515625e+02,
       7.1092414855957031e+00, 2.8549142456054688e+02,
       6.4353160560131073e-02, 15926016, -1 ]
   - [ 2.3763993835449219e+02, 4.1007037353515625e+02,
       7.1092414855957031e+00, 3.5051705932617188e+02,
       6.4353160560131073e-02, 15926016, -1 ]
   - [ 2.3836268615722656e+02, 3.8976461791992188e+02,
       5.2856273651123047e+00, 8.2476013183593750e+01,
       1.5304745174944401e-02, 11207168, -1 ]
   - [ 2.3910252380371094e+02, 3.7761578369140625e+02,
       2.6278884410858154e+00, 2.4237921142578125e+02,
       1.7244778573513031e-02, 10814207, -1 ]
   - [ 2.4078079223632812e+02, 4.0464404296875000e+02,
       2.5226762294769287e+00, 2.9875100708007812e+02,
       3.1687248498201370e-02, 7865087, -1 ]
   - [ 2.4181968688964844e+02, 3.5588787841796875e+02,
       1.2382177352905273e+01, 5.6353881835937500e+01,
       6.5197743475437164e-02, 5964545, -1 ]
   - [ 2.4210723876953125e+02, 3.9820700073242188e+02,
       2.2099053859710693e+00, 2.5998580932617188e+02,
       1.5531422570347786e-02, 15008255, -1 ]
   - [ 2.4489170837402344e+02, 3.8088961791992188e+02,
       2.7701544761657715e+00, 5.3680755615234375e+01,
       1.7628166824579239e-02, 14615295, -1 ]
   - [ 2.4498439025878906e+02, 3.3215594482421875e+02,
       3.8453857898712158e+00, 1.4942993164062500e+01,
       3.9020843803882599e-02, 4915456, -1 ]
   - [ 2.4552787780761719e+02, 3.7438891601562500e+02,
       3.0284409523010254e+00, 2.6735498046875000e+02,
       1.5873992815613747e-02, 4391935, -1 ]
   - [ 2.4679718017578125e+02, 3.6012060546875000e+02,
       4.3533778190612793e+00, 6.6903472900390625e+01,
       6.1021141707897186e-02, 13893888, -1 ]
   - [ 2.4788623046875000e+02, 3.6061825561523438e+02,
       2.9165229797363281e+00, 5.7507629394531250e+00,
       6.3662566244602203e-02, 1639423, -1 ]
   - [ 2.4788623046875000e+02, 3.6061825561523438e+02,
       2.9165229797363281e+00, 6.5124023437500000e+01,
       6.3662566244602203e-02, 1639423, -1 ]
   - [ 2.4846720886230469e+02, 4.1831817626953125e+02,
       9.4417695999145508e+00, 3.3616369628906250e+02,
       4.8649609088897705e-02, 3080705, -1 ]
   - [ 2.4848829650878906e+02, 4.3171362304687500e+02,
       3.5522320270538330e+00, 3.4881057739257812e+02,
       4.5895807445049286e-02, 15926271, -1 ]
   - [ 2.4992329406738281e+02, 3.1696911621093750e+02,
       4.3059878349304199e+00, 2.9570892333984375e+01,
       4.5556277036666870e-02, 13107456, -1 ]
   - [ 2.5049147033691406e+02, 3.9035772705078125e+02,
       3.9618495941162109e+01, 3.2637277221679688e+02,
       6.7794293165206909e-02, 6488579, -1 ]
   - [ 2.5079096984863281e+02, 3.5698306274414062e+02,
       2.3436040878295898e+00, 3.0781250000000000e+00,
       4.7363113611936569e-02, 2556671, -1 ]
   - [ 2.5081320190429688e+02, 3.1745642089843750e+02,
       2.7763812541961670e+00, 2.6098602294921875e+01,
       4.6778868883848190e-02, 14811903, -1 ]
   - [ 2.5145910644531250e+02, 4.2603186035156250e+02,
       1.8604568243026733e+00, 2.6904403686523438e+02,
       1.5889015048742294e-02, 2556415, -1 ]
   - [ 2.5510464477539062e+02, 3.1602160644531250e+02,
       3.4631555080413818e+00, 2.2877471923828125e+01,
       4.3042745441198349e-02, 14091263, -1 ]
   - [ 2.5602685546875000e+02, 4.2675372314453125e+02,
       4.0520663261413574e+00, 2.7263653564453125e+02,
       1.5371290035545826e-02, 8716544, -1 ]
   - [ 2.5798727416992188e+02, 4.2710620117187500e+02,
       4.9420380592346191e+00, 2.7237258911132812e+02,
       1.5342716127634048e-02, 6357504, -1 ]
   - [ 2.6303634643554688e+02, 4.4030398559570312e+02,
       2.7279052734375000e+00, 2.8214328002929688e+02,
       1.5536068007349968e-02, 13501183, -1 ]
   - [ 2.6434164428710938e+02, 3.1531411743164062e+02,
       1.3931808471679688e+01, 3.6333770751953125e+01,
       6.4630925655364990e-02, 14484225, -1 ]
   - [ 2.6434164428710938e+02, 3.1531411743164062e+02,
       1.3931808471679688e+01, 7.7278076171875000e+01,
       6.4630925655364990e-02, 14484225, -1 ]
   - [ 2.6584149169921875e+02, 4.4365844726562500e+02,
       1.8228775262832642e+00, 3.3027871704101562e+02,
       2.1074891090393066e-02, 1049087, -1 ]
   - [ 2.6601696777343750e+02, 3.6131042480468750e+02,
       6.2798094749450684e+00, 9.8380493164062500e+01,
       1.4569795690476894e-02, 7013120, -1 ]
   - [ 2.6698626708984375e+02, 4.5192269897460938e+02,
       6.3132891654968262e+00, 3.1666583251953125e+02,
       5.9407364577054977e-02, 7340800, -1 ]
   - [ 2.6877062988281250e+02, 4.2850393676757812e+02,
       8.3140993118286133e+00, 2.7002166748046875e+02,
       2.3950025439262390e-02, 10551553, -1 ]
   - [ 2.7162261962890625e+02, 3.7930334472656250e+02,
       2.9591987133026123e+00, 1.9113766479492188e+02,
       1.6951773315668106e-02, 2687999, -1 ]
   - [ 2.7368658447265625e+02, 3.8261364746093750e+02,
       2.5027892589569092e+00, 5.9803436279296875e+01,
       1.4950164593756199e-02, 7275263, -1 ]
   - [ 2.7429309082031250e+02, 4.2311828613281250e+02,
       2.3042781352996826e+00, 2.6656655883789062e+02,
       1.4776091091334820e-02, 1311487, -1 ]
   - [ 2.7431716918945312e+02, 3.2686056518554688e+02,
       3.5856456756591797e+01, 2.6054077148437500e+01,
       6.3592523336410522e-02, 15991043, -1 ]
   - [ 2.7431716918945312e+02, 3.2686056518554688e+02,
       3.5856456756591797e+01, 8.6296966552734375e+01,
       6.3592523336410522e-02, 15991043, -1 ]
   - [ 2.7475482177734375e+02, 4.2074856567382812e+02,
       5.5106577873229980e+00, 2.6374542236328125e+02,
       1.3554242439568043e-02, 14221824, -1 ]
   - [ 2.7532962036132812e+02, 4.5305477905273438e+02,
       4.1455936431884766e+00, 3.2179675292968750e+02,
       6.0613125562667847e-02, 10354944, -1 ]
   - [ 2.7798019409179688e+02, 3.2693832397460938e+02,
       8.7884693145751953e+00, 2.5963754272460938e+02,
       1.3982579112052917e-02, 14614785, -1 ]
   - [ 2.7897607421875000e+02, 3.6886679077148438e+02,
       2.4222760200500488e+00, 1.3874594116210938e+02,
       1.4716002158820629e-02, 4915967, -1 ]
   - [ 2.7903842163085938e+02, 4.5833096313476562e+02,
       3.2576127052307129e+00, 3.1967327880859375e+02,
       6.3133120536804199e-02, 9634815, -1 ]
   - [ 2.8143020629882812e+02, 4.6228677368164062e+02,
       1.9779427051544189e+00, 3.1666271972656250e+02,
       5.3719453513622284e-02, 7012863, -1 ]
   - [ 2.8144393920898438e+02, 3.6605703735351562e+02,
       2.5310411453247070e+00, 1.3782594299316406e+02,
       2.1441595628857613e-02, 8127231, -1 ]
   - [ 2.8144393920898438e+02, 3.6605703735351562e+02,
       2.5310411453247070e+00, 2.6609011840820312e+02,
       2.1441595628857613e-02, 8127231, -1 ]
   - [ 2.8539279174804688e+02, 3.6699047851562500e+02,
       6.6597566604614258e+00, 1.3798202514648438e+02,
       1.8251311033964157e-02, 11207424, -1 ]
   - [ 2.8615872192382812e+02, 3.1745312500000000e+02,
       3.2032685279846191e+00, 1.0695452880859375e+02,
       1.8194628879427910e-02, 8455167, -1 ]
