%YAML:1.0
---
maskKeypoints:
   - [ 1.2554782104492188e+02, 6.9365759277343750e+02,
       3.8806595802307129e+00, 1.7154197692871094e+02,
       1.0673198103904724e-01, 5570816, -1 ]
   - [ 1.2554782104492188e+02, 6.9365759277343750e+02,
       3.8806595802307129e+00, 3.1662875366210938e+02,
       1.0673198103904724e-01, 5570816, -1 ]
   - [ 2.2769175720214844e+02, 3.1735937500000000e+02,
       2.7417588233947754e+00, 4.2307495117187500e+01,
       5.0121642649173737e-02, 13894399, -1 ]
   - [ 2.2794602966308594e+02, 3.2511126708984375e+02,
       6.2433385848999023e+00, 3.6320159912109375e+01,
       8.7158150970935822e-02, 6554368, -1 ]
   - [ 2.3373594665527344e+02, 3.1692385864257812e+02,
       5.0609002113342285e+00, 4.5795471191406250e+01,
       5.5129155516624451e-02, 8061440, -1 ]
   - [ 2.3417243957519531e+02, 3.0985305786132812e+02,
       3.9569954872131348e+00, 4.9618652343750000e+01,
       4.6813834458589554e-02, 7012608, -1 ]
   - [ 2.3477085876464844e+02, 3.2447048950195312e+02,
       3.8156380653381348e+00, 2.1251924133300781e+02,
       1.7968825995922089e-02, 4391168, -1 ]
   - [ 2.4689065551757812e+02, 2.9881506347656250e+02,
       3.2163116931915283e+00, 4.7240936279296875e+01,
       4.6183485537767410e-02, 8717311, -1 ]
   - [ 2.5107923889160156e+02, 3.3999966430664062e+02,
       3.9345891475677490e+00, 2.8170336914062500e+02,
       4.8059396445751190e-02, 6619392, -1 ]
   - [ 2.5261549377441406e+02, 3.0115664672851562e+02,
       6.7462205886840820e+00, 5.4213317871093750e+01,
       5.5249739438295364e-02, 12190464, -1 ]
   - [ 2.6151956176757812e+02, 3.4172344970703125e+02,
       3.5964906215667725e+00, 2.7874023437500000e+02,
       4.7395609319210052e-02, 65792, -1 ]
   - [ 2.7216250610351562e+02, 3.4298541259765625e+02,
       4.2045817375183105e+00, 2.7612112426757812e+02,
       5.0039853900671005e-02, 11403520, -1 ]
   - [ 2.8475646972656250e+02, 2.8387100219726562e+02,
       5.3219442367553711e+00, 6.8763824462890625e+01,
       5.8689855039119720e-02, 11731456, -1 ]
   - [ 2.8984472656250000e+02, 4.4408123779296875e+02,
       4.1536407470703125e+00, 6.6027496337890625e+01,
       3.4755285829305649e-02, 10486016, -1 ]
   - [ 3.1682742309570312e+02, 4.9080914306640625e+02,
       6.9631056785583496e+00, 2.9955700683593750e+02,
       4.1097842156887054e-02, 14484224, -1 ]
   - [ 3.1898138427734375e+02, 4.6200949096679688e+02,
       3.2597930431365967e+00, 8.5838378906250000e+01,
       1.6522482037544250e-02, 9700351, -1 ]
   - [ 3.2189578247070312e+02, 4.6513888549804688e+02,
       2.4403045177459717e+00, 8.6719024658203125e+01,
       1.5043137595057487e-02, 5440255, -1 ]
   - [ 3.3212988281250000e+02, 4.4990222167968750e+02,
       6.1412177085876465e+00, 8.4044677734375000e+01,
       1.5457594767212868e-02, 5374720, -1 ]
   - [ 3.3902529907226562e+02, 4.7126437377929688e+02,
       5.1759479522705078e+01, 9.7260589599609375e+01,
       1.0422699898481369e-01, 9110275, -1 ]
   - [ 3.3902529907226562e+02, 4.7126437377929688e+02,
       5.1759479522705078e+01, 2.7359313964843750e+02,
       1.0422699898481369e-01, 9110275, -1 ]
   - [ 3.3955456542968750e+02, 4.3833331298828125e+02,
       8.0457801818847656e+00, 9.4903625488281250e+01,
       2.5092503055930138e-02, 8192257, -1 ]
   - [ 3.4719979858398438e+02, 4.3186215209960938e+02,
       5.3037219047546387e+00, 9.9826538085937500e+01,
       2.5300279259681702e-02, 11469312, -1 ]
   - [ 3.5354595947265625e+02, 3.4200314331054688e+02,
       2.5701596736907959e+00, 2.6487066650390625e+02,
       5.7524185627698898e-02, 9241343, -1 ]
   - [ 3.6033209228515625e+02, 5.0294641113281250e+02,
       3.8624780178070068e+00, 2.6445739746093750e+02,
       3.8991719484329224e-02, 5243136, -1 ]
   - [ 3.6897534179687500e+02, 4.4315145874023438e+02,
       5.1789226531982422e+00, 1.0716046142578125e+02,
       2.2288730368018150e-02, 9765376, -1 ]
   - [ 3.7682641601562500e+02, 4.3950534057617188e+02,
       5.9266695976257324e+00, 1.0972715759277344e+02,
       2.6485076174139977e-02, 2818816, -1 ]
   - [ 3.8577499389648438e+02, 4.9811474609375000e+02,
       4.1863112449645996e+00, 2.5987695312500000e+02,
       4.4807028025388718e-02, 11075840, -1 ]
   - [ 3.8724072265625000e+02, 4.4453335571289062e+02,
       3.3473637104034424e+00, 1.1418128967285156e+02,
       2.6077048853039742e-02, 11600895, -1 ]
   - [ 3.8839328002929688e+02, 4.4408773803710938e+02,
       4.7558760643005371e+00, 1.1175473022460938e+02,
       2.5563355535268784e-02, 3604992, -1 ]
   - [ 3.8888159179687500e+02, 2.7539562988281250e+02,
       2.2073020935058594e+00, 1.0283410644531250e+02,
       5.3662341088056564e-02, 14942719, -1 ]
   - [ 3.9174050903320312e+02, 4.9280508422851562e+02,
       4.6365547180175781e+00, 2.6332116699218750e+02,
       4.0076237171888351e-02, 1769984, -1 ]
   - [ 3.9266979980468750e+02, 3.3800949096679688e+02,
       4.2710113525390625e+00, 2.5919766235351562e+02,
       5.8265361934900284e-02, 12517632, -1 ]
   - [ 4.0205691528320312e+02, 4.9603555297851562e+02,
       4.0633273124694824e+00, 2.6329470825195312e+02,
       4.0872361510992050e-02, 8913152, -1 ]
   - [ 4.0434118652343750e+02, 2.7936468505859375e+02,
       1.9974720478057861e+00, 1.0952520751953125e+02,
       4.5460257679224014e-02, 7668223, -1 ]
   - [ 4.1336553955078125e+02, 3.3412701416015625e+02,
       4.4614892005920410e+00, 2.6000805664062500e+02,
       5.5852342396974564e-02, 15663360, -1 ]
   - [ 4.2637237548828125e+02, 2.6501766967773438e+02,
       3.0684097290039062e+01, 9.6745208740234375e+01,
       5.6164793670177460e-02, 4718851, -1 ]
   - [ 4.3012255859375000e+02, 3.2997943115234375e+02,
       4.1220321655273438e+00, 2.5559106445312500e+02,
       5.8724682778120041e-02, 9961728, -1 ]
   - [ 4.3012857055664062e+02, 3.2910116577148438e+02,
       2.7878847122192383e+00, 2.5606015014648438e+02,
       6.0342852026224136e-02, 15074047, -1 ]
   - [ 4.3061373901367188e+02, 8.3546142578125000e+02,
       1.4025519371032715e+01, 3.4600784301757812e+02,
       6.2600992619991302e-02, 14942977, -1 ]
   - [ 4.3349340820312500e+02, 4.7524627685546875e+02,
       2.1858329772949219e+00, 9.5222137451171875e+01,
       1.5637705102562904e-02, 14221823, -1 ]
   - [ 4.3612973022460938e+02, 8.0165631103515625e+02,
       2.0539069175720215e+00, 3.9566650390625000e+01,
       5.5335465818643570e-02, 9699839, -1 ]
   - [ 4.3791809082031250e+02, 8.3406744384765625e+02,
       4.8576579093933105e+00, 3.2947088623046875e+02,
       6.8719044327735901e-02, 5112320, -1 ]
   - [ 4.3797167968750000e+02, 8.4084606933593750e+02,
       3.3203339576721191e+00, 2.0968139648437500e+01,
       6.2807939946651459e-02, 11011071, -1 ]
   - [ 4.3797167968750000e+02, 8.4084606933593750e+02,
       3.3203339576721191e+00, 3.5321289062500000e+01,
       6.2807939946651459e-02, 11011071, -1 ]
   - [ 4.3997738647460938e+02, 7.8225946044921875e+02,
       1.6796876907348633e+01, 3.5886953735351562e+02,
       5.4753068834543228e-02, 11272450, -1 ]
   - [ 4.4038208007812500e+02, 8.3480133056640625e+02,
       2.1438975334167480e+00, 3.2412307739257812e+02,
       7.7494077384471893e-02, 12780031, -1 ]
   - [ 4.4071865844726562e+02, 3.9295104980468750e+02,
       7.8759490966796875e+01, 2.6309973144531250e+02,
       8.1043660640716553e-02, 6095364, -1 ]
   - [ 4.4431323242187500e+02, 7.9427416992187500e+02,
       3.1714532375335693e+00, 5.1423217773437500e+01,
       4.7948844730854034e-02, 7734271, -1 ]
   - [ 4.4488729858398438e+02, 2.8663436889648438e+02,
       2.3833577632904053e+00, 9.8697265625000000e+01,
       2.3333294317126274e-02, 3736319, -1 ]
   - [ 4.4705682373046875e+02, 7.4913000488281250e+02,
       3.9369823932647705e+00, 3.5708657836914062e+02,
       4.2194258421659470e-02, 6619392, -1 ]
   - [ 4.4731668090820312e+02, 8.0306909179687500e+02,
       3.1370868682861328e+00, 1.1480821228027344e+02,
       1.5646617859601974e-02, 6947839, -1 ]
