%YAML:1.0
---
maskKeypoints:
   - [ 3.4178054332733154e+00, 3.5293576049804688e+02,
       2.3162379264831543e+00, 2.5147160339355469e+02,
       6.8742729723453522e-02, 1704703, -1 ]
   - [ 3.4178054332733154e+00, 3.5293576049804688e+02,
       2.3162379264831543e+00, 2.8091021728515625e+02,
       6.8742729723453522e-02, 1704703, -1 ]
   - [ 1.1853346252441406e+02, 1.8981840515136719e+02,
       2.3619141578674316e+00, 5.7964477539062500e+00,
       5.7256251573562622e-02, 3080959, -1 ]
   - [ 1.2129730224609375e+02, 1.9473631286621094e+02,
       4.1247677803039551e+00, 3.5344876098632812e+02,
       6.1182316392660141e-02, 10027264, -1 ]
   - [ 1.2343848419189453e+02, 1.7650762939453125e+02,
       2.4973375797271729e+00, 6.2627258300781250e+01,
       5.5033877491950989e-02, 7144191, -1 ]
   - [ 1.2423149108886719e+02, 1.7481272888183594e+02,
       4.2834196090698242e+00, 5.3586364746093750e+01,
       5.6704148650169373e-02, 12714240, -1 ]
   - [ 1.2438898468017578e+02, 2.0646986389160156e+02,
       5.3642215728759766e+00, 3.4121319580078125e+02,
       5.9214167296886444e-02, 12321280, -1 ]
   - [ 1.2645493316650391e+02, 2.1454733276367188e+02,
       1.9892742633819580e+00, 3.0771600341796875e+02,
       5.5986933410167694e-02, 7406079, -1 ]
   - [ 1.2658853149414062e+02, 2.2601612091064453e+01,
       2.0128631591796875e+00, 6.3587493896484375e+01,
       1.4679981768131256e-01, 8258047, -1 ]
   - [ 1.2839547729492188e+02, 1.9299040222167969e+02,
       3.9776895046234131e+00, 2.8331445312500000e+02,
       1.6441889107227325e-02, 7405824, -1 ]
   - [ 1.3269451904296875e+02, 1.6675756835937500e+02,
       4.8870987892150879e+00, 4.6518066406250000e+01,
       5.3886126726865768e-02, 5571072, -1 ]
   - [ 1.3660328674316406e+02, 1.9054655456542969e+02,
       4.7234892845153809e+00, 2.5197036743164062e+02,
       1.7490264028310776e-02, 3080704, -1 ]
   - [ 1.3992959594726562e+02, 1.8483580017089844e+02,
       4.9608497619628906e+00, 2.6626889038085938e+02,
       1.5713106840848923e-02, 6619648, -1 ]
   - [ 1.4012525939941406e+02, 1.9614268493652344e+02,
       3.7942733764648438e+00, 2.4947505187988281e+02,
       1.4071594923734665e-02, 3997952, -1 ]
   - [ 1.4466610717773438e+02, 1.5697810363769531e+02,
       3.9069614410400391e+00, 6.0554718017578125e+01,
       4.5854192227125168e-02, 6095104, -1 ]
   - [ 1.4863374328613281e+02, 2.2274159240722656e+02,
       4.0595874786376953e+00, 2.9109924316406250e+02,
       4.0652260184288025e-02, 8847616, -1 ]
   - [ 1.5112869262695312e+02, 1.7467230224609375e+02,
       4.6090440750122070e+00, 2.8803479003906250e+02,
       1.5117663890123367e-02, 1311232, -1 ]
   - [ 1.5708595275878906e+02, 1.8573358154296875e+02,
       5.0935237884521484e+01, 6.4229064941406250e+01,
       9.3502357602119446e-02, 7996163, -1 ]
   - [ 1.5750617980957031e+02, 1.9684642028808594e+02,
       5.5130400657653809e+00, 2.1280548095703125e+01,
       1.8463155254721642e-02, 14287360, -1 ]
   - [ 1.5973970031738281e+02, 2.0183840942382812e+02,
       2.9409670829772949e+00, 2.7856323242187500e+01,
       1.3886483386158943e-02, 2229247, -1 ]
   - [ 1.6207893371582031e+02, 1.9298396301269531e+02,
       3.9695324897766113e+00, 4.0384490966796875e+01,
       1.6702298074960709e-02, 7209216, -1 ]
   - [ 1.6352171325683594e+02, 1.8011338806152344e+02,
       4.4845414161682129e+00, 2.7064724731445312e+02,
       1.4195045456290245e-02, 16056576, -1 ]
   - [ 1.6768218994140625e+02, 2.2579841613769531e+02,
       3.9306335449218750e+00, 2.6358367919921875e+02,
       3.3020224422216415e-02, 6488320, -1 ]
   - [ 1.6886401367187500e+02, 2.0061901855468750e+02,
       8.5569791793823242e+00, 1.0996076965332031e+02,
       4.6511471271514893e-02, 12648705, -1 ]
   - [ 1.7401095581054688e+02, 1.9251962280273438e+02,
       5.3841667175292969e+00, 1.0229058837890625e+02,
       8.7048865854740143e-02, 12583424, -1 ]
   - [ 1.7618731689453125e+02, 2.3126374816894531e+02,
       8.3051652908325195e+00, 2.6701068115234375e+02,
       2.9917929321527481e-02, 10486017, -1 ]
   - [ 1.7724893188476562e+02, 1.6965736389160156e+02,
       5.9144968986511230e+00, 2.7024060058593750e+02,
       2.1083319559693336e-02, 2622208, -1 ]
   - [ 1.8102053833007812e+02, 1.9796694946289062e+02,
       3.3454270362854004e+00, 9.6033691406250000e+01,
       5.3227581083774567e-02, 11600895, -1 ]
   - [ 1.8121463012695312e+02, 2.3646609497070312e+02,
       1.8441326141357422e+01, 2.6978030395507812e+02,
       3.0511584132909775e-02, 1376770, -1 ]
   - [ 1.8172068786621094e+02, 2.8852090835571289e+01,
       8.4257459640502930e+00, 3.3101760864257812e+02,
       5.4060343652963638e-02, 11534593, -1 ]
   - [ 1.8238000488281250e+02, 1.8049159240722656e+02,
       7.7874140739440918e+00, 2.4655767822265625e+02,
       3.9817135781049728e-02, 5832961, -1 ]
   - [ 1.8297491455078125e+02, 1.4989299011230469e+02,
       6.3803873062133789e+00, 7.4797973632812500e+01,
       6.0464173555374146e-02, 8127232, -1 ]
   - [ 1.8851457214355469e+02, 1.9069433593750000e+02,
       1.0741126060485840e+01, 1.0301220703125000e+02,
       7.8802384436130524e-02, 12386817, -1 ]
   - [ 1.8851457214355469e+02, 1.9069433593750000e+02,
       1.0741126060485840e+01, 2.4503944396972656e+02,
       7.8802384436130524e-02, 12386817, -1 ]
   - [ 1.9014097595214844e+02, 1.7539955139160156e+02,
       3.6586968898773193e+00, 2.6964154052734375e+02,
       1.3823035173118114e-02, 1310976, -1 ]
   - [ 1.9269146728515625e+02, 1.4160426330566406e+02,
       6.5118899345397949e+00, 7.0980834960937500e+01,
       5.7458046823740005e-02, 9634560, -1 ]
   - [ 1.9340100097656250e+02, 2.0393388366699219e+02,
       1.9572118520736694e+00, 2.3957814025878906e+02,
       1.6179574653506279e-02, 6226431, -1 ]
   - [ 1.9390818786621094e+02, 1.5927391052246094e+02,
       4.2680363655090332e+00, 2.7406762695312500e+02,
       1.4282963238656521e-02, 12452096, -1 ]
   - [ 1.9472247314453125e+02, 2.2794497680664062e+02,
       3.7865021228790283e+00, 2.7154644775390625e+02,
       3.6332711577415466e-02, 3801344, -1 ]
   - [ 1.9721896362304688e+02, 2.1102444458007812e+02,
       1.8516185760498047e+01, 2.6390747070312500e+02,
       7.6820418238639832e-02, 1638914, -1 ]
   - [ 2.0369689941406250e+02, 1.7279721069335938e+02,
       9.5307226181030273e+00, 2.4911489868164062e+02,
       3.1396646052598953e-02, 3736065, -1 ]
   - [ 2.0426863098144531e+02, 4.8043037414550781e+01,
       1.8601293563842773e+01, 3.2739196777343750e+02,
       6.2530271708965302e-02, 1966594, -1 ]
   - [ 2.0668154907226562e+02, 1.9909843444824219e+02,
       4.8859405517578125e+00, 1.2365524291992188e+02,
       3.9553556591272354e-02, 5571072, -1 ]
   - [ 2.0693000793457031e+02, 2.1866270065307617e+01,
       4.4915232658386230e+00, 1.3737600708007812e+02,
       1.4275637455284595e-02, 16187648, -1 ]
   - [ 2.0802465820312500e+02, 1.7316247558593750e+02,
       6.5446181297302246e+00, 2.4913085937500000e+02,
       3.1928606331348419e-02, 9962240, -1 ]
   - [ 2.1287013244628906e+02, 1.5359407424926758e+01,
       8.3217573165893555e+00, 2.6838186645507812e+02,
       2.0307043567299843e-02, 10617089, -1 ]
   - [ 2.1295387268066406e+02, 2.1246401977539062e+02,
       2.0924823284149170e+00, 1.8886996459960938e+02,
       3.1576458364725113e-02, 11076095, -1 ]
   - [ 2.1381349182128906e+02, 1.5090873718261719e+02,
       3.3903298377990723e+00, 2.6355212402343750e+02,
       1.5676079317927361e-02, 12518399, -1 ]
   - [ 2.1464355468750000e+02, 4.3894672393798828e+01,
       6.7069840431213379e+00, 1.2051324462890625e+02,
       1.3936269097030163e-02, 11731712, -1 ]
   - [ 2.1564532470703125e+02, 1.6247332763671875e+02,
       3.5110585689544678e+00, 2.8885040283203125e+02,
       1.3542097061872482e-02, 15074303, -1 ]
   - [ 2.1835041809082031e+02, 6.9927986145019531e+01,
       3.9201679229736328e+00, 2.8013836669921875e+02,
       3.5332735627889633e-02, 6357248, -1 ]
