%YAML:1.0
---
maskKeypoints:
   - [ 2.1822451782226562e+02, 4.6393084716796875e+02,
       6.3395900726318359e+00, 2.9148925781250000e+01,
       4.1807040572166443e-02, 7668480, -1 ]
   - [ 2.2353912353515625e+02, 6.3457135009765625e+02,
       1.8935874700546265e+00, 3.5709970092773438e+02,
       5.6107223033905029e-02, 3801599, -1 ]
   - [ 2.2370608520507812e+02, 4.7422274780273438e+02,
       9.3289947509765625e+00, 2.2549438476562500e+01,
       8.2407988607883453e-02, 2163201, -1 ]
   - [ 2.2505635070800781e+02, 6.4315557861328125e+02,
       2.1352939605712891e+00, 3.2293395996093750e+02,
       5.8366611599922180e-02, 12517887, -1 ]
   - [ 2.2505635070800781e+02, 6.4315557861328125e+02,
       2.1352939605712891e+00, 3.5150692749023438e+02,
       5.8366611599922180e-02, 12517887, -1 ]
   - [ 2.2816944885253906e+02, 4.6118588256835938e+02,
       6.8456583023071289e+00, 3.0107177734375000e+01,
       4.6306468546390533e-02, 13239040, -1 ]
   - [ 2.3040371704101562e+02, 4.7192098999023438e+02,
       4.0398583412170410e+00, 1.8857795715332031e+02,
       2.2324692457914352e-02, 8519936, -1 ]
   - [ 2.3420817565917969e+02, 6.2635827636718750e+02,
       2.3487167358398438e+00, 5.7386596679687500e+01,
       1.3469970785081387e-02, 2687743, -1 ]
   - [ 2.4029342651367188e+02, 6.1517431640625000e+02,
       4.4388103485107422e+00, 5.6129425048828125e+01,
       2.4941345676779747e-02, 15335680, -1 ]
   - [ 2.5439204406738281e+02, 4.8325363159179688e+02,
       2.2393302917480469e+00, 2.6213751220703125e+02,
       4.2286127805709839e-02, 15991295, -1 ]
   - [ 2.5981558227539062e+02, 4.8146310424804688e+02,
       3.4926440715789795e+00, 2.6053927612304688e+02,
       4.7685790807008743e-02, 14681087, -1 ]
   - [ 2.5983776855468750e+02, 4.8082818603515625e+02,
       4.4465918540954590e+00, 2.6030960083007812e+02,
       4.7162532806396484e-02, 15466752, -1 ]
   - [ 2.6154632568359375e+02, 6.0066540527343750e+02,
       3.2679378986358643e+00, 5.7603576660156250e+01,
       2.2190272808074951e-02, 9896959, -1 ]
   - [ 2.6445443725585938e+02, 4.8139611816406250e+02,
       1.9779504537582397e+00, 2.5674090576171875e+02,
       4.4843301177024841e-02, 7012863, -1 ]
   - [ 2.6545907592773438e+02, 6.4783642578125000e+02,
       3.0868210792541504e+00, 8.7643402099609375e+01,
       1.7916511744260788e-02, 5768191, -1 ]
   - [ 2.6561895751953125e+02, 6.4391607666015625e+02,
       3.0057575702667236e+00, 8.6890930175781250e+01,
       1.6176661476492882e-02, 3802111, -1 ]
   - [ 2.6727999877929688e+02, 4.8398199462890625e+02,
       3.8626363277435303e+00, 2.6009729003906250e+02,
       4.6845130622386932e-02, 5243136, -1 ]
   - [ 2.7119952392578125e+02, 6.5913372802734375e+02,
       3.8579385280609131e+00, 2.8990167236328125e+02,
       3.7740554660558701e-02, 5177600, -1 ]
   - [ 2.7120989990234375e+02, 6.5942761230468750e+02,
       3.4635510444641113e+00, 2.8989416503906250e+02,
       3.8426771759986877e-02, 14091263, -1 ]
   - [ 2.7756027221679688e+02, 4.8203790283203125e+02,
       4.1296262741088867e+00, 2.6002847290039062e+02,
       4.8971138894557953e-02, 10092800, -1 ]
   - [ 2.7874093627929688e+02, 4.0394918823242188e+02,
       6.1856923103332520e+00, 5.6945983886718750e+01,
       5.0815243273973465e-02, 5899008, -1 ]
   - [ 2.7930294799804688e+02, 6.4826025390625000e+02,
       3.4255185127258301e+00, 1.2353057861328125e+02,
       1.4568629674613476e-02, 13304831, -1 ]
   - [ 2.7930294799804688e+02, 6.4826025390625000e+02,
       3.4255185127258301e+00, 2.8902023315429688e+02,
       1.4568629674613476e-02, 13304831, -1 ]
   - [ 2.8513229370117188e+02, 5.9087683105468750e+02,
       8.4434833526611328e+00, 6.8813568115234375e+01,
       2.1926386281847954e-02, 11665665, -1 ]
   - [ 2.8628298950195312e+02, 5.8773651123046875e+02,
       4.2696080207824707e+00, 6.9705322265625000e+01,
       2.4838896468281746e-02, 12517632, -1 ]
   - [ 2.8645944213867188e+02, 6.3603778076171875e+02,
       3.4389274120330811e+00, 5.5623168945312500e+01,
       1.7256375402212143e-02, 13566975, -1 ]
   - [ 2.8786077880859375e+02, 3.9840390014648438e+02,
       6.2961792945861816e+00, 5.9896057128906250e+01,
       5.4359856992959976e-02, 7144192, -1 ]
   - [ 2.8799765014648438e+02, 5.7991320800781250e+02,
       7.9307808876037598e+00, 7.0424377441406250e+01,
       2.1889388561248779e-02, 7143681, -1 ]
   - [ 2.9902111816406250e+02, 6.7187353515625000e+02,
       3.6357555389404297e+00, 2.8061505126953125e+02,
       4.2978629469871521e-02, 852224, -1 ]
   - [ 3.0225274658203125e+02, 5.8648950195312500e+02,
       9.9445037841796875e+00, 8.0868591308593750e+01,
       2.0623849704861641e-02, 6816257, -1 ]
   - [ 3.0255072021484375e+02, 4.7344116210937500e+02,
       1.8643344640731812e+00, 2.5347518920898438e+02,
       4.6702157706022263e-02, 2687487, -1 ]
   - [ 3.0977163696289062e+02, 6.1312219238281250e+02,
       1.9730911254882812e+00, 5.0836029052734375e+01,
       1.5454587526619434e-02, 6816255, -1 ]
   - [ 3.1428414916992188e+02, 6.1501989746093750e+02,
       3.4755229949951172e+00, 9.4805541992187500e+01,
       2.0523635670542717e-02, 14353407, -1 ]
   - [ 3.1846176147460938e+02, 4.6937689208984375e+02,
       1.9882725477218628e+00, 2.5627899169921875e+02,
       4.4318087399005890e-02, 7340543, -1 ]
   - [ 3.2164746093750000e+02, 5.8091070556640625e+02,
       4.3101577758789062e+00, 8.6826690673828125e+01,
       2.8101811185479164e-02, 13172992, -1 ]
   - [ 3.2238867187500000e+02, 6.6412725830078125e+02,
       8.3623905181884766e+00, 2.5816830444335938e+02,
       3.2593250274658203e-02, 11010305, -1 ]
   - [ 3.2715478515625000e+02, 4.7010409545898438e+02,
       4.1969981193542480e+00, 2.5082516479492188e+02,
       5.1507029682397842e-02, 11272448, -1 ]
   - [ 3.3088424682617188e+02, 5.8033020019531250e+02,
       2.5370805263519287e+00, 8.9874267578125000e+01,
       2.2036219015717506e-02, 8258303, -1 ]
   - [ 3.3939456176757812e+02, 4.2265780639648438e+02,
       7.3645111083984375e+01, 7.4250732421875000e+01,
       1.2008072435855865e-01, 1245700, -1 ]
   - [ 3.3939456176757812e+02, 4.2265780639648438e+02,
       7.3645111083984375e+01, 2.5167709350585938e+02,
       1.2008072435855865e-01, 1245700, -1 ]
   - [ 3.5155004882812500e+02, 6.0801159667968750e+02,
       2.3402450084686279e+00, 7.3562683105468750e+01,
       1.9072178751230240e-02, 2425599, -1 ]
   - [ 3.5233114624023438e+02, 6.6437609863281250e+02,
       1.0085900306701660e+01, 2.5011323547363281e+02,
       3.7092369049787521e-02, 7799297, -1 ]
   - [ 3.6021051025390625e+02, 5.8164758300781250e+02,
       3.2517418861389160e+00, 9.2520355224609375e+01,
       2.8075532987713814e-02, 9503743, -1 ]
   - [ 3.6383447265625000e+02, 6.2199255371093750e+02,
       1.8103908300399780e+00, 2.6896166992187500e+02,
       1.4554033055901527e-02, 590335, -1 ]
   - [ 3.6386959838867188e+02, 6.1645098876953125e+02,
       4.2502560615539551e+00, 8.5291625976562500e+01,
       1.6935124993324280e-02, 12189952, -1 ]
   - [ 3.6948391723632812e+02, 5.7891204833984375e+02,
       4.9181466102600098e+00, 9.9833404541015625e+01,
       2.6011373847723007e-02, 6029824, -1 ]
   - [ 3.7496096801757812e+02, 4.5058035278320312e+02,
       2.7157685756683350e+00, 2.4860963439941406e+02,
       4.2295176535844803e-02, 13173503, -1 ]
   - [ 3.7724948120117188e+02, 6.4583752441406250e+02,
       3.8777282238006592e+00, 2.4124760437011719e+02,
       4.1438769549131393e-02, 5570816, -1 ]
   - [ 3.7899664306640625e+02, 6.0905334472656250e+02,
       2.5525269508361816e+00, 7.4613922119140625e+01,
       1.4503853395581245e-02, 8717055, -1 ]
   - [ 3.8027642822265625e+02, 6.1487268066406250e+02,
       1.8642425537109375e+00, 1.6054115295410156e+02,
       2.2532658651471138e-02, 2687487, -1 ]
   - [ 3.8335440063476562e+02, 6.1201110839843750e+02,
       3.3769624233245850e+00, 1.4893743896484375e+02,
       1.3623463921248913e-02, 12256255, -1 ]
