%YAML:1.0
---
maskKeypoints:
   - [ 4.5214183807373047e+01, 5.7162561035156250e+02,
       2.7707431316375732e+00, 9.6644653320312500e+01,
       1.0694288462400436e-01, 14680831, -1 ]
   - [ 4.5214183807373047e+01, 5.7162561035156250e+02,
       2.7707431316375732e+00, 2.8508746337890625e+02,
       1.0694288462400436e-01, 14680831, -1 ]
   - [ 5.3963527679443359e+01, 5.7290191650390625e+02,
       3.1286473274230957e+00, 1.0255752563476562e+02,
       1.0207593441009521e-01, 6751231, -1 ]
   - [ 5.3963527679443359e+01, 5.7290191650390625e+02,
       3.1286473274230957e+00, 2.7309030151367188e+02,
       1.0207593441009521e-01, 6751231, -1 ]
   - [ 1.9786708068847656e+02, 3.7247100830078125e+02,
       1.9577299356460571e+00, 5.5608032226562500e+01,
       1.9328661262989044e-02, 6226431, -1 ]
   - [ 1.9786708068847656e+02, 3.7247100830078125e+02,
       1.9577299356460571e+00, 2.7902691650390625e+02,
       1.9328661262989044e-02, 6226431, -1 ]
   - [ 2.0353385925292969e+02, 3.6781622314453125e+02,
       2.0587390899658203e+01, 5.6289428710937500e+01,
       8.5964724421501160e-02, 9306626, -1 ]
   - [ 2.0353385925292969e+02, 3.6781622314453125e+02,
       2.0587390899658203e+01, 3.0321569824218750e+02,
       8.5964724421501160e-02, 9306626, -1 ]
   - [ 2.0979280090332031e+02, 3.7901361083984375e+02,
       3.5364730358123779e+00, 2.7440866088867188e+02,
       1.7358742654323578e-02, 15598591, -1 ]
   - [ 2.0979280090332031e+02, 3.7901361083984375e+02,
       3.5364730358123779e+00, 2.8628271484375000e+02,
       1.7358742654323578e-02, 15598591, -1 ]
   - [ 2.1041567993164062e+02, 3.5636355590820312e+02,
       2.4206428527832031e+00, 2.3896125793457031e+02,
       1.4954506419599056e-02, 4850431, -1 ]
   - [ 2.1464193725585938e+02, 3.7055474853515625e+02,
       4.9987878799438477e+00, 8.8071838378906250e+01,
       1.7137482762336731e-02, 7209472, -1 ]
   - [ 2.1476440429687500e+02, 3.6209713745117188e+02,
       7.9233145713806152e+00, 7.0858581542968750e+01,
       3.6318887025117874e-02, 7078145, -1 ]
   - [ 2.1496276855468750e+02, 3.6488528442382812e+02,
       2.6238057613372803e+00, 9.0309692382812500e+01,
       2.3617794737219810e-02, 10683135, -1 ]
   - [ 2.2117636108398438e+02, 3.6385650634765625e+02,
       3.3412780761718750e+00, 6.8359100341796875e+01,
       1.9610375165939331e-02, 11469823, -1 ]
   - [ 2.2133541870117188e+02, 3.5494232177734375e+02,
       3.0168888568878174e+00, 2.7076336669921875e+02,
       1.7123220488429070e-02, 4064255, -1 ]
   - [ 2.2145741271972656e+02, 3.9391931152343750e+02,
       8.9999227523803711e+00, 2.8563375854492188e+02,
       6.3869275152683258e-02, 16318721, -1 ]
   - [ 2.2145741271972656e+02, 3.9391931152343750e+02,
       8.9999227523803711e+00, 3.4594338989257812e+02,
       6.3869275152683258e-02, 16318721, -1 ]
   - [ 2.2229420471191406e+02, 3.4399502563476562e+02,
       1.9956527948379517e+00, 8.0446990966796875e+01,
       5.0953105092048645e-02, 7602687, -1 ]
   - [ 2.2339794921875000e+02, 3.3217312622070312e+02,
       1.5918105125427246e+01, 1.4056060791015625e+01,
       5.9658069163560867e-02, 7405826, -1 ]
   - [ 2.2339794921875000e+02, 3.3217312622070312e+02,
       1.5918105125427246e+01, 6.4585388183593750e+01,
       5.9658069163560867e-02, 7405826, -1 ]
   - [ 2.2443121337890625e+02, 3.5783209228515625e+02,
       1.8332108259201050e+00, 2.6949145507812500e+02,
       2.2962791845202446e-02, 1507839, -1 ]
   - [ 2.2491282653808594e+02, 3.6520901489257812e+02,
       1.9449551105499268e+00, 6.0147308349609375e+01,
       1.5955578535795212e-02, 5767679, -1 ]
   - [ 2.2508914184570312e+02, 3.3379080200195312e+02,
       1.3427586555480957e+01, 6.6647216796875000e+01,
       6.0758341103792191e-02, 11797249, -1 ]
   - [ 2.2514271545410156e+02, 3.6197467041015625e+02,
       2.5069482326507568e+00, 5.6994812011718750e+01,
       2.5601716712117195e-02, 7406335, -1 ]
   - [ 2.2697027587890625e+02, 4.0773211669921875e+02,
       3.7532429695129395e+00, 3.3461437988281250e+02,
       3.5396303981542587e-02, 3211520, -1 ]
   - [ 2.2818652343750000e+02, 3.5409994506835938e+02,
       2.2762882709503174e+00, 3.0818350219726562e+02,
       1.6495985910296440e-02, 459519, -1 ]
   - [ 2.2872100830078125e+02, 3.4499890136718750e+02,
       3.7009143829345703e+00, 8.0574432373046875e+01,
       4.4895105063915253e-02, 2162944, -1 ]
   - [ 2.2872273254394531e+02, 3.3899963378906250e+02,
       5.6126518249511719e+00, 7.7399505615234375e+01,
       6.3551284372806549e-02, 15598080, -1 ]
   - [ 2.3242854309082031e+02, 4.0088760375976562e+02,
       8.5915575027465820e+00, 3.4370898437500000e+02,
       4.5020755380392075e-02, 12976385, -1 ]
   - [ 2.3914648437500000e+02, 4.0870816040039062e+02,
       1.8514732122421265e+00, 2.7438772583007812e+02,
       1.4933167025446892e-02, 2228735, -1 ]
   - [ 2.4141558837890625e+02, 4.1258795166015625e+02,
       4.8863930702209473e+00, 2.7709185791015625e+02,
       1.9520467147231102e-02, 5571072, -1 ]
   - [ 2.4194909667968750e+02, 3.3898474121093750e+02,
       3.1004245281219482e+00, 3.1905001831054688e+02,
       1.4281023293733597e-02, 6095871, -1 ]
   - [ 2.4261555480957031e+02, 4.2456930541992188e+02,
       1.0393003463745117e+01, 2.9223199462890625e+02,
       5.8575503528118134e-02, 10027521, -1 ]
   - [ 2.4261555480957031e+02, 4.2456930541992188e+02,
       1.0393003463745117e+01, 3.3323797607421875e+02,
       5.8575503528118134e-02, 10027521, -1 ]
   - [ 2.4509292602539062e+02, 2.9710018920898438e+02,
       4.3583388328552246e+00, 2.7059509277343750e+01,
       4.8681754618883133e-02, 13959424, -1 ]
   - [ 2.4873294067382812e+02, 4.2623147583007812e+02,
       3.4785697460174561e+00, 2.7748034667968750e+02,
       2.3714466020464897e-02, 14418943, -1 ]
   - [ 2.5087225341796875e+02, 4.2951809692382812e+02,
       1.9943376779556274e+00, 2.7114639282226562e+02,
       1.7075570300221443e-02, 7602687, -1 ]
   - [ 2.5109896850585938e+02, 4.3249325561523438e+02,
       1.8951061964035034e+00, 2.7064932250976562e+02,
       3.6252215504646301e-02, 3867135, -1 ]
   - [ 2.5193591308593750e+02, 3.4411968994140625e+02,
       7.3050646781921387e+00, 1.0107098388671875e+02,
       1.5091569162905216e-02, 1179905, -1 ]
   - [ 2.5270867919921875e+02, 2.9035363769531250e+02,
       4.3548588752746582e+00, 8.3741943359375000e+01,
       5.0780948251485825e-02, 13959424, -1 ]
   - [ 2.5511476135253906e+02, 4.1208786010742188e+02,
       2.1319262981414795e+00, 2.7049133300781250e+02,
       1.6964724287390709e-02, 12386815, -1 ]
   - [ 2.5595721435546875e+02, 2.9921542358398438e+02,
       1.8161340713500977e+01, 8.1284240722656250e+01,
       6.5393075346946716e-02, 262658, -1 ]
   - [ 2.5798300170898438e+02, 4.4024615478515625e+02,
       1.0177869796752930e+01, 3.2432385253906250e+02,
       5.9297755360603333e-02, 8520193, -1 ]
   - [ 2.5958190917968750e+02, 4.1191830444335938e+02,
       1.9166471958160400e+00, 2.7766082763671875e+02,
       1.5042019076645374e-02, 4719103, -1 ]
   - [ 2.6111453247070312e+02, 4.3074014282226562e+02,
       1.9239448308944702e+00, 3.4042242431640625e+02,
       1.5156609006226063e-02, 4981247, -1 ]
   - [ 2.6393548583984375e+02, 3.0826101684570312e+02,
       6.2863612174987793e+00, 2.6768359375000000e+02,
       1.4699986204504967e-02, 7078656, -1 ]
   - [ 2.6445480346679688e+02, 3.5267486572265625e+02,
       2.4281742572784424e+00, 1.4435356140136719e+02,
       1.5599484555423260e-02, 5112575, -1 ]
   - [ 2.6480102539062500e+02, 4.0773501586914062e+02,
       5.2523365020751953e+00, 2.6983444213867188e+02,
       1.4331221580505371e-02, 10748416, -1 ]
   - [ 2.6740161132812500e+02, 3.5019696044921875e+02,
       2.4594740867614746e+00, 2.8092877197265625e+02,
       2.3745091632008553e-02, 6030079, -1 ]
   - [ 2.6812200927734375e+02, 4.1405554199218750e+02,
       5.4401702880859375e+00, 2.6653250122070312e+02,
       1.9419331103563309e-02, 13304320, -1 ]
