%YAML:1.0
---
maskKeypoints:
   - [ 8.2933723449707031e+01, 5.3133905029296875e+02,
       1.9406467676162720e+00, 1.1781927490234375e+02,
       1.4102689921855927e-01, 5636607, -1 ]
   - [ 8.2933723449707031e+01, 5.3133905029296875e+02,
       1.9406467676162720e+00, 2.4037948608398438e+02,
       1.4102689921855927e-01, 5636607, -1 ]
   - [ 8.2933723449707031e+01, 5.3133905029296875e+02,
       1.9406467676162720e+00, 2.6819549560546875e+02,
       1.4102689921855927e-01, 5636607, -1 ]
   - [ 8.2933723449707031e+01, 5.3133905029296875e+02,
       1.9406467676162720e+00, 3.4953088378906250e+02,
       1.4102689921855927e-01, 5636607, -1 ]
   - [ 2.0926109313964844e+02, 3.4126202392578125e+02,
       6.5763969421386719e+00, 3.2357055664062500e+01,
       8.3266496658325195e-02, 10355456, -1 ]
   - [ 2.1283450317382812e+02, 5.1439605712890625e+02,
       1.8649460077285767e+00, 2.9008874511718750e+02,
       6.0395147651433945e-02, 2753023, -1 ]
   - [ 2.1351347351074219e+02, 3.2416122436523438e+02,
       4.7936286926269531e+00, 4.0676452636718750e+01,
       4.0478140115737915e-02, 4194816, -1 ]
   - [ 2.1362373352050781e+02, 4.9725485229492188e+02,
       2.0382640361785889e+00, 5.4332244873046875e+01,
       1.4234308153390884e-02, 9175551, -1 ]
   - [ 2.1536172485351562e+02, 3.3154165649414062e+02,
       5.5856037139892578e+00, 4.0002136230468750e+01,
       5.1657859236001968e-02, 15204864, -1 ]
   - [ 2.1658837890625000e+02, 3.4040026855468750e+02,
       4.1217589378356934e+00, 2.0566905212402344e+02,
       2.0484203472733498e-02, 9961728, -1 ]
   - [ 2.2005819702148438e+02, 4.8739810180664062e+02,
       5.6279253959655762e+00, 6.0208374023437500e+01,
       2.5365388020873070e-02, 15794688, -1 ]
   - [ 2.2058729553222656e+02, 4.8102822875976562e+02,
       3.9596557617187500e+00, 6.2478454589843750e+01,
       3.1249275431036949e-02, 7078144, -1 ]
   - [ 2.2545719909667969e+02, 4.8652490234375000e+02,
       8.0787820816040039e+00, 6.2054107666015625e+01,
       2.6727749034762383e-02, 8519937, -1 ]
   - [ 2.2624769592285156e+02, 4.8305276489257812e+02,
       4.2445526123046875e+00, 6.4111572265625000e+01,
       2.7033625170588493e-02, 12058880, -1 ]
   - [ 2.3236297607421875e+02, 3.1360073852539062e+02,
       4.7245249748229980e+00, 4.5515808105468750e+01,
       5.2644442766904831e-02, 3146240, -1 ]
   - [ 2.3515129089355469e+02, 5.1254742431640625e+02,
       3.9099903106689453e+00, 2.7476144409179688e+02,
       1.4326406642794609e-02, 6160640, -1 ]
   - [ 2.3641911315917969e+02, 5.1924377441406250e+02,
       5.3865747451782227e+00, 2.9026834106445312e+02,
       4.6536084264516830e-02, 12583424, -1 ]
   - [ 2.4173004150390625e+02, 5.1499920654296875e+02,
       2.5341134071350098e+00, 1.0642477416992188e+02,
       2.1808851510286331e-02, 8192767, -1 ]
   - [ 2.4277604675292969e+02, 3.5286801147460938e+02,
       6.0623626708984375e+00, 2.7528991699218750e+02,
       4.8133775591850281e-02, 4457216, -1 ]
   - [ 2.4277676391601562e+02, 3.5363830566406250e+02,
       4.7814917564392090e+00, 2.7458990478515625e+02,
       4.8702284693717957e-02, 3998208, -1 ]
   - [ 2.4546981811523438e+02, 5.1916406250000000e+02,
       2.0879209041595459e+00, 1.0414640808105469e+02,
       1.8258357420563698e-02, 10879487, -1 ]
   - [ 2.4638381958007812e+02, 5.2263891601562500e+02,
       6.5805597305297852e+00, 2.9037765502929688e+02,
       4.8454690724611282e-02, 10355456, -1 ]
   - [ 2.4728099060058594e+02, 5.2581341552734375e+02,
       2.7660832405090332e+00, 2.8873162841796875e+02,
       4.4334229081869125e-02, 14549759, -1 ]
   - [ 2.5607058715820312e+02, 5.2772601318359375e+02,
       5.2909369468688965e+00, 2.9187573242187500e+02,
       4.6602293848991394e-02, 11272704, -1 ]
   - [ 2.5929736328125000e+02, 5.0533428955078125e+02,
       2.8259789943695068e+00, 5.7913208007812500e+01,
       1.5153449028730392e-02, 16057087, -1 ]
   - [ 2.6164907836914062e+02, 5.0869140625000000e+02,
       2.4366204738616943e+00, 5.6794464111328125e+01,
       1.5738213434815407e-02, 5374719, -1 ]
   - [ 2.6202044677734375e+02, 4.6563790893554688e+02,
       6.0253005027770996e+00, 7.0045898437500000e+01,
       2.6216523721814156e-02, 3998464, -1 ]
   - [ 2.6421740722656250e+02, 4.6187954711914062e+02,
       1.9073362350463867e+00, 7.1615478515625000e+01,
       2.6721259579062462e-02, 4325887, -1 ]
   - [ 2.6760067749023438e+02, 2.8972692871093750e+02,
       5.0345573425292969e+00, 6.4700225830078125e+01,
       5.2972562611103058e-02, 7733760, -1 ]
   - [ 2.7166659545898438e+02, 4.9430627441406250e+02,
       2.7479403018951416e+00, 8.3650787353515625e+01,
       1.9102374091744423e-02, 14025471, -1 ]
   - [ 2.7799377441406250e+02, 4.6238964843750000e+02,
       8.9501228332519531e+00, 8.3019775390625000e+01,
       2.3639785125851631e-02, 15925505, -1 ]
   - [ 2.7876037597656250e+02, 5.0118457031250000e+02,
       6.0809883117675781e+01, 8.1844360351562500e+01,
       9.4170033931732178e-02, 4063492, -1 ]
   - [ 2.7876037597656250e+02, 5.0118457031250000e+02,
       6.0809883117675781e+01, 2.6894335937500000e+02,
       9.4170033931732178e-02, 4063492, -1 ]
   - [ 2.8163156127929688e+02, 4.8530798339843750e+02,
       2.7529442310333252e+00, 2.2511230468750000e+02,
       1.4377637766301632e-02, 14156543, -1 ]
   - [ 2.8343179321289062e+02, 4.9059399414062500e+02,
       2.1336600780487061e+00, 5.7061645507812500e+01,
       1.7722828313708305e-02, 12452351, -1 ]
   - [ 2.8490078735351562e+02, 4.5390765380859375e+02,
       5.0471987724304199e+00, 8.8415802001953125e+01,
       2.3873720318078995e-02, 7864832, -1 ]
   - [ 2.9106161499023438e+02, 4.8912826538085938e+02,
       4.0951485633850098e+00, 9.6456329345703125e+01,
       1.5266647562384605e-02, 9502976, -1 ]
   - [ 2.9296630859375000e+02, 4.8049597167968750e+02,
       2.3678300380706787e+00, 7.6102050781250000e+01,
       1.4307440258562565e-02, 3277567, -1 ]
   - [ 2.9508328247070312e+02, 4.7453811645507812e+02,
       4.1076617240905762e+00, 7.3854644775390625e+01,
       1.4886341989040375e-02, 9699584, -1 ]
   - [ 2.9508328247070312e+02, 4.7453811645507812e+02,
       4.1076617240905762e+00, 1.1641921997070312e+02,
       1.4886341989040375e-02, 9699584, -1 ]
   - [ 2.9530737304687500e+02, 4.6042404174804688e+02,
       6.7729744911193848e+00, 9.4272827148437500e+01,
       2.5028385221958160e-02, 12452608, -1 ]
   - [ 2.9558679199218750e+02, 3.5596633911132812e+02,
       2.4842278957366943e+00, 2.6402166748046875e+02,
       5.4624661803245544e-02, 6750975, -1 ]
   - [ 2.9953137207031250e+02, 5.0246166992187500e+02,
       5.4146461486816406e+00, 2.2449583435058594e+02,
       1.5389054082334042e-02, 12976640, -1 ]
   - [ 2.9953137207031250e+02, 5.0246166992187500e+02,
       5.4146461486816406e+00, 3.5232217407226562e+02,
       1.5389054082334042e-02, 12976640, -1 ]
   - [ 3.0378250122070312e+02, 5.3263500976562500e+02,
       5.7639036178588867e+00, 2.5211129760742188e+02,
       3.3380821347236633e-02, 787200, -1 ]
   - [ 3.1197869873046875e+02, 2.7343554687500000e+02,
       2.6843693256378174e+00, 8.2534088134765625e+01,
       4.6417079865932465e-02, 12387071, -1 ]
   - [ 3.1429235839843750e+02, 4.5960803222656250e+02,
       2.9372038841247559e+00, 9.5263824462890625e+01,
       2.2439323365688324e-02, 2163711, -1 ]
   - [ 3.2429006958007812e+02, 2.7074475097656250e+02,
       4.3351016044616699e+00, 8.0647766113281250e+01,
       4.3620333075523376e-02, 13631744, -1 ]
   - [ 3.3587762451171875e+02, 2.7071719360351562e+02,
       4.1558184623718262e+00, 9.0911193847656250e+01,
       4.8967711627483368e-02, 10551552, -1 ]
   - [ 3.3736651611328125e+02, 4.6117996215820312e+02,
       4.6865839958190918e+00, 1.0270648193359375e+02,
       2.6398913934826851e-02, 2556416, -1 ]
   - [ 3.4671661376953125e+02, 4.9061557006835938e+02,
       2.2107379436492920e+00, 7.5040313720703125e+01,
       1.4593273401260376e-02, 15008255, -1 ]
