%YAML:1.0
---
maskKeypoints:
   - [ 1.3732519531250000e+02, 3.8035540771484375e+02,
       7.6225304603576660e+00, 3.3553738403320312e+02,
       2.4541439488530159e-02, 4260097, -1 ]
   - [ 1.3767460632324219e+02, 3.6384686279296875e+02,
       2.5465705394744873e+00, 1.1343255615234375e+02,
       6.3841998577117920e-02, 8520447, -1 ]
   - [ 1.3767460632324219e+02, 3.6384686279296875e+02,
       2.5465705394744873e+00, 3.4727957153320312e+02,
       6.3841998577117920e-02, 8520447, -1 ]
   - [ 1.3837463378906250e+02, 3.7807623291015625e+02,
       3.5628488063812256e+00, 3.3488638305664062e+02,
       2.2445052862167358e-02, 16122879, -1 ]
   - [ 1.4409307861328125e+02, 3.7096343994140625e+02,
       8.8039398193359375e+00, 1.3759619140625000e+02,
       6.5059892833232880e-02, 14680321, -1 ]
   - [ 1.4409307861328125e+02, 3.7096343994140625e+02,
       8.8039398193359375e+00, 3.4041656494140625e+02,
       6.5059892833232880e-02, 14680321, -1 ]
   - [ 1.5001127624511719e+02, 3.8167080688476562e+02,
       8.9430379867553711e+00, 1.5320869445800781e+02,
       7.5035467743873596e-02, 15859969, -1 ]
   - [ 1.5001127624511719e+02, 3.8167080688476562e+02,
       8.9430379867553711e+00, 3.2939120483398438e+02,
       7.5035467743873596e-02, 15859969, -1 ]
   - [ 3.4105325317382812e+02, 2.8697775268554688e+02,
       5.5233740806579590e+00, 3.6035186767578125e+01,
       8.3180554211139679e-02, 14418432, -1 ]
   - [ 3.4497787475585938e+02, 2.8092929077148438e+02,
       4.1227536201477051e+00, 4.8307678222656250e+01,
       5.7087235152721405e-02, 9961728, -1 ]
   - [ 3.5920864868164062e+02, 2.6294778442382812e+02,
       3.8617000579833984e+00, 5.0006622314453125e+01,
       4.6396333724260330e-02, 5243136, -1 ]
   - [ 3.6138674926757812e+02, 2.6718319702148438e+02,
       3.9077136516571045e+00, 4.9875213623046875e+01,
       5.5461782962083817e-02, 6095104, -1 ]
   - [ 3.6434539794921875e+02, 2.9792938232421875e+02,
       4.0975809097290039e+00, 2.8448306274414062e+02,
       4.7990333288908005e-02, 9502976, -1 ]
   - [ 3.7026623535156250e+02, 2.6258328247070312e+02,
       7.5514917373657227e+00, 5.6400695800781250e+01,
       5.5429853498935699e-02, 3604737, -1 ]
   - [ 3.7374264526367188e+02, 2.9875552368164062e+02,
       6.0558619499206543e+00, 2.8052947998046875e+02,
       4.8283189535140991e-02, 4326144, -1 ]
   - [ 3.7955825805664062e+02, 3.0493780517578125e+02,
       4.0294599533081055e+00, 2.7753192138671875e+02,
       4.8879399895668030e-02, 8323328, -1 ]
   - [ 3.9288708496093750e+02, 2.5069624328613281e+02,
       4.9724135398864746e+00, 7.0068176269531250e+01,
       5.6896109133958817e-02, 6816256, -1 ]
   - [ 3.9769854736328125e+02, 3.0688751220703125e+02,
       3.9638569355010986e+00, 2.7955010986328125e+02,
       4.9722772091627121e-02, 7143680, -1 ]
   - [ 4.0891534423828125e+02, 4.3688458251953125e+02,
       2.7194788455963135e+00, 3.0710366821289062e+02,
       4.0749892592430115e-02, 13304575, -1 ]
   - [ 4.1778396606445312e+02, 3.0436026000976562e+02,
       2.1749732494354248e+00, 2.7110021972656250e+02,
       4.5022517442703247e-02, 13828607, -1 ]
   - [ 4.1793933105468750e+02, 2.3880310058593750e+02,
       4.8225445747375488e+00, 8.0203430175781250e+01,
       4.6477913856506348e-02, 4588032, -1 ]
   - [ 4.1798388671875000e+02, 3.9548434448242188e+02,
       2.7491929531097412e+00, 7.8961578369140625e+01,
       3.3967770636081696e-02, 14091007, -1 ]
   - [ 4.2125433349609375e+02, 4.4279791259765625e+02,
       6.7629280090332031e+00, 3.0237719726562500e+02,
       4.0784738957881927e-02, 12321536, -1 ]
   - [ 4.2324667358398438e+02, 4.1614544677734375e+02,
       2.9709713459014893e+00, 8.8459991455078125e+01,
       1.5816746279597282e-02, 3015679, -1 ]
   - [ 4.3521734619140625e+02, 4.2603869628906250e+02,
       2.1493670940399170e+00, 2.1045042419433594e+02,
       1.3496112078428268e-02, 12976639, -1 ]
   - [ 4.3521734619140625e+02, 4.2603869628906250e+02,
       2.1493670940399170e+00, 2.2511340332031250e+02,
       1.3496112078428268e-02, 12976639, -1 ]
   - [ 4.3572293090820312e+02, 4.0630245971679688e+02,
       3.3124053478240967e+00, 8.8736816406250000e+01,
       1.7250055447220802e-02, 10879999, -1 ]
   - [ 4.3845181274414062e+02, 4.5689419555664062e+02,
       3.7969913482666016e+00, 2.7699414062500000e+02,
       3.6697678267955780e-02, 3997952, -1 ]
   - [ 4.4156414794921875e+02, 4.2577334594726562e+02,
       4.7132717132568359e+01, 1.0040090942382812e+02,
       1.0184726864099503e-01, 2360067, -1 ]
   - [ 4.4156414794921875e+02, 4.2577334594726562e+02,
       4.7132717132568359e+01, 2.7689636230468750e+02,
       1.0184726864099503e-01, 2360067, -1 ]
   - [ 4.4204980468750000e+02, 3.8914767456054688e+02,
       4.8153853416442871e+00, 9.6895812988281250e+01,
       2.5178844109177589e-02, 4522496, -1 ]
   - [ 4.4585806274414062e+02, 4.2835003662109375e+02,
       2.1848776340484619e+00, 2.3657917785644531e+02,
       1.5964858233928680e-02, 14156287, -1 ]
   - [ 4.4677935791015625e+02, 2.7481439208984375e+02,
       5.7982391357421875e+01, 9.0764038085937500e+01,
       1.2187574803829193e-01, 655620, -1 ]
   - [ 4.4677935791015625e+02, 2.7481439208984375e+02,
       5.7982391357421875e+01, 2.6715567016601562e+02,
       1.2187574803829193e-01, 655620, -1 ]
   - [ 4.4990194702148438e+02, 4.2338604736328125e+02,
       3.0894556045532227e+00, 9.0619598388671875e+01,
       1.8230339512228966e-02, 5833727, -1 ]
   - [ 4.5456500244140625e+02, 8.5016851806640625e+02,
       5.2321839332580566e+00, 3.5982696533203125e+01,
       4.9556288868188858e-02, 10486272, -1 ]
   - [ 4.5636846923828125e+02, 3.8962844848632812e+02,
       8.4178705215454102e+00, 1.0071398925781250e+02,
       2.4612708017230034e-02, 11469057, -1 ]
   - [ 4.5733801269531250e+02, 3.9194616699218750e+02,
       4.7518892288208008e+00, 1.0196401977539062e+02,
       2.5307355448603630e-02, 3539456, -1 ]
   - [ 4.5788098144531250e+02, 4.5638195800781250e+02,
       4.7291970252990723e+00, 2.6616296386718750e+02,
       3.7497151643037796e-02, 3211776, -1 ]
   - [ 4.6543099975585938e+02, 8.4124768066406250e+02,
       3.1127455234527588e+00, 2.6349670410156250e+01,
       6.0160040855407715e-02, 6358015, -1 ]
   - [ 4.6543099975585938e+02, 8.4124768066406250e+02,
       3.1127455234527588e+00, 6.3753051757812500e+01,
       6.0160040855407715e-02, 6358015, -1 ]
   - [ 4.7057455444335938e+02, 7.7041363525390625e+02,
       3.2742531299591064e+00, 3.1821411132812500e+01,
       5.2658628672361374e-02, 10028031, -1 ]
   - [ 4.7143771362304688e+02, 8.5868511962890625e+02,
       2.3520290851593018e+00, 2.4245956420898438e+02,
       1.6696106642484665e-02, 2818815, -1 ]
   - [ 4.7207168579101562e+02, 4.5486465454101562e+02,
       3.6620590686798096e+00, 2.6354553222656250e+02,
       3.8907546550035477e-02, 1376512, -1 ]
   - [ 4.7533654785156250e+02, 3.0584298706054688e+02,
       2.2691915035247803e+00, 2.6088980102539062e+02,
       5.4871231317520142e-02, 197375, -1 ]
   - [ 4.7722052001953125e+02, 7.5377734375000000e+02,
       1.1277827262878418e+01, 3.4866372680664062e+02,
       6.5761402249336243e-02, 15925761, -1 ]
   - [ 4.7818084716796875e+02, 8.1893750000000000e+02,
       3.2909443378448486e+00, 2.9703826904296875e+01,
       4.6405300498008728e-02, 10355711, -1 ]
   - [ 4.7856216430664062e+02, 8.3146881103515625e+02,
       8.5473089218139648e+00, 3.0832214355468750e+01,
       5.9891249984502792e-02, 12583169, -1 ]
   - [ 4.7857977294921875e+02, 7.8268652343750000e+02,
       1.8759630203247070e+01, 3.3300695800781250e+02,
       8.9886948466300964e-02, 2556418, -1 ]
   - [ 4.7924108886718750e+02, 8.0611859130859375e+02,
       9.6719732284545898e+00, 3.1146203613281250e+02,
       7.8906089067459106e-02, 4784641, -1 ]
   - [ 4.8193215942382812e+02, 3.0599630737304688e+02,
       4.2511186599731445e+00, 2.6138208007812500e+02,
       5.4592683911323547e-02, 12189952, -1 ]
