%YAML:1.0
---
maskKeypoints:
   - [ 1.5076252937316895e+01, 1.0828656768798828e+02,
       4.4030718803405762e+00, 2.3401058959960938e+02,
       5.9140931814908981e-02, 14745856, -1 ]
   - [ 1.6124376296997070e+01, 1.0996877288818359e+02,
       7.5418610572814941e+00, 2.3105003356933594e+02,
       5.6942377239465714e-02, 3539201, -1 ]
   - [ 2.3568649291992188e+01, 5.4783546447753906e+01,
       3.5838336944580078e+00, 5.5220214843750000e+01,
       5.5948428809642792e-02, 16581631, -1 ]
   - [ 2.6181930541992188e+01, 1.0025685119628906e+02,
       4.4596457481384277e+00, 2.3044134521484375e+02,
       5.7035185396671295e-02, 15663360, -1 ]
   - [ 3.8114379882812500e+01, 9.0202270507812500e+01,
       3.3240051269531250e+00, 2.3114089965820312e+02,
       6.0742925852537155e-02, 11076607, -1 ]
   - [ 4.1419971466064453e+01, 8.0273605346679688e+01,
       7.9356727600097656e+00, 2.3125120544433594e+02,
       5.6688010692596436e-02, 7209217, -1 ]
   - [ 4.2177288055419922e+01, 8.1734123229980469e+01,
       5.4848680496215820e+00, 2.3409970092773438e+02,
       5.8608446270227432e-02, 13894144, -1 ]
   - [ 6.1733764648437500e+01, 2.9767013549804688e+01,
       2.6623187065124512e+00, 5.7963409423828125e+01,
       6.2668412923812866e-02, 11731711, -1 ]
   - [ 8.5215087890625000e+01, 1.6190397262573242e+01,
       2.2542192935943604e+00, 5.8965301513671875e+01,
       5.0270237028598785e-02, 16450047, -1 ]
   - [ 8.7140495300292969e+01, 5.5225620269775391e+01,
       4.3461031913757324e+00, 2.3068009948730469e+02,
       5.7426735758781433e-02, 13762816, -1 ]
   - [ 9.4452796936035156e+01, 1.0186699867248535e+01,
       2.7640099525451660e+00, 5.0597229003906250e+01,
       5.1959458738565445e-02, 14484223, -1 ]
   - [ 9.8684242248535156e+01, 9.2527046203613281e+00,
       6.0639376640319824e+00, 4.9664184570312500e+01,
       5.2840527147054672e-02, 4457216, -1 ]
   - [ 1.0209970092773438e+02, 4.4181037902832031e+01,
       4.2957148551940918e+00, 2.3212219238281250e+02,
       5.7614069432020187e-02, 12910848, -1 ]
   - [ 1.0834316253662109e+02, 3.4836460113525391e+01,
       2.7644736766815186e+00, 2.3720697021484375e+02,
       4.9470622092485428e-02, 14484223, -1 ]
   - [ 1.1166940307617188e+02, 3.7068405151367188e+01,
       3.6338975429534912e+00, 2.4170233154296875e+02,
       6.0198858380317688e-02, 852224, -1 ]
   - [ 1.2100988006591797e+02, 2.5454174041748047e+01,
       2.7125415802001953e+00, 2.3298976135253906e+02,
       5.5142197757959366e-02, 13107967, -1 ]
   - [ 1.3671670532226562e+02, 3.9409307861328125e+02,
       2.5206608772277832e+00, 1.3095025634765625e+02,
       1.0385426878929138e-01, 7799551, -1 ]
   - [ 1.3671670532226562e+02, 3.9409307861328125e+02,
       2.5206608772277832e+00, 3.0876165771484375e+02,
       1.0385426878929138e-01, 7799551, -1 ]
   - [ 1.3698324584960938e+02, 3.9428170776367188e+02,
       2.2984995841979980e+00, 1.3585781860351562e+02,
       1.0417787730693817e-01, 1114879, -1 ]
   - [ 1.3698324584960938e+02, 3.9428170776367188e+02,
       2.2984995841979980e+00, 3.0230883789062500e+02,
       1.0417787730693817e-01, 1114879, -1 ]
   - [ 1.5297595214843750e+02, 6.9521498680114746e+00,
       3.7276198863983154e+00, 2.3017720031738281e+02,
       5.4685119539499283e-02, 2687232, -1 ]
   - [ 2.9370175170898438e+02, 3.3429623413085938e+02,
       1.2223383903503418e+01, 7.6415649414062500e+01,
       9.8539188504219055e-02, 5047041, -1 ]
   - [ 3.0033679199218750e+02, 3.5220355224609375e+02,
       1.0742991447448730e+01, 2.9245886230468750e+02,
       5.6256890296936035e-02, 12386817, -1 ]
   - [ 3.0611035156250000e+02, 3.4917855834960938e+02,
       1.9631992578506470e+00, 2.9381759643554688e+02,
       5.2343629300594330e-02, 6423039, -1 ]
   - [ 3.0808438110351562e+02, 3.5974270629882812e+02,
       3.8050744533538818e+00, 3.5388754272460938e+02,
       6.2061764299869537e-02, 4194560, -1 ]
   - [ 3.1126794433593750e+02, 3.3068228149414062e+02,
       2.2405161857604980e+00, 8.4063995361328125e+01,
       2.1379824727773666e-02, 15991295, -1 ]
   - [ 3.1126794433593750e+02, 3.3068228149414062e+02,
       2.2405161857604980e+00, 2.7564215087890625e+02,
       2.1379824727773666e-02, 15991295, -1 ]
   - [ 3.1189245605468750e+02, 3.1721859741210938e+02,
       1.2947008132934570e+01, 6.7204559326171875e+01,
       5.9795912355184555e-02, 9175809, -1 ]
   - [ 3.1408090209960938e+02, 3.4412097167968750e+02,
       2.6081507205963135e+00, 2.7948632812500000e+02,
       1.7690952867269516e-02, 10289919, -1 ]
   - [ 3.1409185791015625e+02, 3.6470159912109375e+02,
       2.0198819637298584e+00, 1.1422529602050781e+02,
       2.3101272061467171e-02, 8520191, -1 ]
   - [ 3.1475689697265625e+02, 3.2420645141601562e+02,
       2.5856196880340576e+00, 3.6102722167968750e+01,
       6.7311175167560577e-02, 9634559, -1 ]
   - [ 3.1475689697265625e+02, 3.2420645141601562e+02,
       2.5856196880340576e+00, 8.1557952880859375e+01,
       6.7311175167560577e-02, 9634559, -1 ]
   - [ 3.1644696044921875e+02, 3.6276443481445312e+02,
       1.9367207288742065e+00, 1.0689624023437500e+02,
       2.3122807964682579e-02, 5439999, -1 ]
   - [ 3.1644696044921875e+02, 3.6276443481445312e+02,
       1.9367207288742065e+00, 2.8297567749023438e+02,
       2.3122807964682579e-02, 5439999, -1 ]
   - [ 3.1727603149414062e+02, 3.5595132446289062e+02,
       3.8538417816162109e+00, 1.0506594848632812e+02,
       1.3820014894008636e-02, 5112064, -1 ]
   - [ 3.1973825073242188e+02, 3.7012588500976562e+02,
       2.5785405635833740e+00, 1.1318977355957031e+02,
       1.6805283725261688e-02, 9437951, -1 ]
   - [ 3.2039730834960938e+02, 3.5162252807617188e+02,
       3.7930028438568115e+00, 1.0353741455078125e+02,
       2.1312270313501358e-02, 3932416, -1 ]
   - [ 3.2123696899414062e+02, 3.6369537353515625e+02,
       2.0343372821807861e+00, 1.0198236083984375e+02,
       2.0856907591223717e-02, 9044479, -1 ]
   - [ 3.2306427001953125e+02, 3.2112286376953125e+02,
       5.3279109001159668e+00, 4.0568023681640625e+01,
       4.4923506677150726e-02, 11796992, -1 ]
   - [ 3.2500839233398438e+02, 3.4555831909179688e+02,
       2.5223338603973389e+00, 2.7867376708984375e+02,
       1.5803452581167221e-02, 7865087, -1 ]
   - [ 3.2541510009765625e+02, 3.7242562866210938e+02,
       1.8594068288803101e+00, 1.1858593750000000e+02,
       2.0799387246370316e-02, 2490879, -1 ]
   - [ 3.2615512084960938e+02, 3.3242309570312500e+02,
       2.3811025619506836e+01, 4.8726287841796875e+01,
       5.8760914951562881e-02, 3146498, -1 ]
   - [ 3.2693090820312500e+02, 3.6941046142578125e+02,
       4.0032916069030762e+00, 1.2101162719726562e+02,
       2.8272235766053200e-02, 7864576, -1 ]
   - [ 3.2752288818359375e+02, 2.9039105224609375e+02,
       6.7181434631347656e+00, 4.4891357421875000e+00,
       3.9296783506870270e-02, 11862784, -1 ]
   - [ 3.3127047729492188e+02, 3.4597259521484375e+02,
       2.1139869689941406e+00, 2.7898275756835938e+02,
       1.4720832929015160e-02, 11796991, -1 ]
   - [ 3.3488491821289062e+02, 3.6529220581054688e+02,
       2.2181382179260254e+00, 1.0021932983398438e+02,
       2.3930113762617111e-02, 15270399, -1 ]
   - [ 3.3835980224609375e+02, 4.1324542236328125e+02,
       2.0226266384124756e+00, 3.1039044189453125e+02,
       4.2092364281415939e-02, 8585727, -1 ]
   - [ 3.4132492065429688e+02, 3.6607128906250000e+02,
       2.7782113552093506e+00, 9.8263671875000000e+01,
       3.0308809131383896e-02, 14877439, -1 ]
   - [ 3.4227355957031250e+02, 3.5887942504882812e+02,
       3.5176436901092529e+00, 1.1511346435546875e+02,
       2.1823052316904068e-02, 15205375, -1 ]
   - [ 3.4235186767578125e+02, 3.4942370605468750e+02,
       2.0098564624786377e+00, 2.7458935546875000e+02,
       1.4931155368685722e-02, 8126975, -1 ]
   - [ 3.4433816528320312e+02, 3.5375820922851562e+02,
       1.0415607452392578e+01, 2.7492312622070312e+02,
       3.3653009682893753e-02, 10158593, -1 ]
