%YAML:1.0
---
maskKeypoints:
   - [ 5.7507087707519531e+01, 5.7072784423828125e+02,
       3.1052188873291016e+00, 9.3334869384765625e+01,
       1.0603347420692444e-01, 6161407, -1 ]
   - [ 5.7507087707519531e+01, 5.7072784423828125e+02,
       3.1052188873291016e+00, 2.7807397460937500e+02,
       1.0603347420692444e-01, 6161407, -1 ]
   - [ 1.9292166137695312e+02, 3.7900247192382812e+02,
       4.7592711448669434e+00, 3.2265060424804688e+02,
       3.7241782993078232e-02, 3670528, -1 ]
   - [ 1.9949975585937500e+02, 3.5649438476562500e+02,
       2.2276036739349365e+00, 4.8646606445312500e+01,
       5.1571782678365707e-02, 15598079, -1 ]
   - [ 2.0495658874511719e+02, 3.6898928833007812e+02,
       1.9067132949829102e+01, 5.1679718017578125e+01,
       8.6295880377292633e-02, 3736066, -1 ]
   - [ 2.0495658874511719e+02, 3.6898928833007812e+02,
       1.9067132949829102e+01, 3.0771267700195312e+02,
       8.6295880377292633e-02, 3736066, -1 ]
   - [ 2.1084622192382812e+02, 3.7952471923828125e+02,
       3.5347797870635986e+00, 2.6121685791015625e+02,
       1.7389236018061638e-02, 15533055, -1 ]
   - [ 2.1084622192382812e+02, 3.7952471923828125e+02,
       3.5347797870635986e+00, 2.9233905029296875e+02,
       1.7389236018061638e-02, 15533055, -1 ]
   - [ 2.1581671142578125e+02, 3.5864752197265625e+02,
       2.1113228797912598e+00, 2.4591314697265625e+02,
       1.9374474883079529e-02, 11731455, -1 ]
   - [ 2.1610083007812500e+02, 3.7101745605468750e+02,
       4.8128199577331543e+00, 8.8471588134765625e+01,
       1.7346939072012901e-02, 4456960, -1 ]
   - [ 2.1618457031250000e+02, 3.6143798828125000e+02,
       1.8561061620712280e+00, 2.7585678100585938e+02,
       2.0389858633279800e-02, 2359807, -1 ]
   - [ 2.1658638000488281e+02, 3.6275985717773438e+02,
       7.7234725952148438e+00, 6.8427368164062500e+01,
       3.6921601742506027e-02, 5243137, -1 ]
   - [ 2.1945553588867188e+02, 3.9408517456054688e+02,
       1.0053181648254395e+01, 2.8732537841796875e+02,
       6.4267046749591827e-02, 7602689, -1 ]
   - [ 2.1945553588867188e+02, 3.9408517456054688e+02,
       1.0053181648254395e+01, 3.4162481689453125e+02,
       6.4267046749591827e-02, 7602689, -1 ]
   - [ 2.2363174438476562e+02, 3.5559741210937500e+02,
       2.9517242908477783e+00, 2.6705599975585938e+02,
       1.6727762296795845e-02, 2491391, -1 ]
   - [ 2.2438034057617188e+02, 3.3508370971679688e+02,
       1.3602015495300293e+01, 6.6222869873046875e+01,
       6.2053676694631577e-02, 12780289, -1 ]
   - [ 2.2548103332519531e+02, 3.4489764404296875e+02,
       1.9557081460952759e+00, 7.9637207031250000e+01,
       5.4138589650392532e-02, 6160895, -1 ]
   - [ 2.2894711303710938e+02, 3.5421255493164062e+02,
       1.9788702726364136e+00, 3.0069946289062500e+02,
       1.4927943237125874e-02, 7012863, -1 ]
   - [ 2.2968049621582031e+02, 3.2822860717773438e+02,
       5.5471887588500977e+00, 3.5345568847656250e+02,
       3.8860045373439789e-02, 14746112, -1 ]
   - [ 2.2976858520507812e+02, 3.4210183715820312e+02,
       2.6406052112579346e+00, 7.8255187988281250e+01,
       6.6477872431278229e-02, 11141887, -1 ]
   - [ 2.3049038696289062e+02, 3.4532385253906250e+02,
       2.7668597698211670e+00, 7.8448516845703125e+01,
       4.0954865515232086e-02, 14549759, -1 ]
   - [ 2.3253002929687500e+02, 4.0177304077148438e+02,
       9.9176054000854492e+00, 3.3958670043945312e+02,
       4.5995701104402542e-02, 6619649, -1 ]
   - [ 2.3319561767578125e+02, 3.1502966308593750e+02,
       4.2050347328186035e+00, 9.2020263671875000e+00,
       3.9979629218578339e-02, 11403520, -1 ]
   - [ 2.4044764709472656e+02, 3.3860662841796875e+02,
       2.6296820640563965e+00, 3.1593029785156250e+02,
       1.3831264339387417e-02, 10879743, -1 ]
   - [ 2.4082482910156250e+02, 4.1174505615234375e+02,
       4.7346940040588379e+00, 2.7483538818359375e+02,
       2.0326158031821251e-02, 3277312, -1 ]
   - [ 2.4092431640625000e+02, 2.9688223266601562e+02,
       1.8973600864410400e+00, 1.0924743652343750e+01,
       5.2342392504215240e-02, 3998207, -1 ]
   - [ 2.4153169250488281e+02, 4.2401034545898438e+02,
       1.0081889152526855e+01, 2.9086614990234375e+02,
       6.0254678130149841e-02, 7799297, -1 ]
   - [ 2.4153169250488281e+02, 4.2401034545898438e+02,
       1.0081889152526855e+01, 3.3065850830078125e+02,
       6.0254678130149841e-02, 7799297, -1 ]
   - [ 2.4292337036132812e+02, 2.9703067016601562e+02,
       4.2697906494140625e+00, 2.8550720214843750e+01,
       4.9706012010574341e-02, 12517632, -1 ]
   - [ 2.4916441345214844e+02, 4.1589636230468750e+02,
       2.0484170913696289e+00, 1.0002835083007812e+02,
       1.5142513439059258e-02, 9503231, -1 ]
   - [ 2.4983406066894531e+02, 4.2911431884765625e+02,
       1.9151881933212280e+00, 2.7184838867187500e+02,
       1.8335867673158646e-02, 4653567, -1 ]
   - [ 2.5030624389648438e+02, 2.9024093627929688e+02,
       4.0890617370605469e+00, 7.4082824707031250e+01,
       5.0694655627012253e-02, 9371904, -1 ]
   - [ 2.5190669250488281e+02, 4.1353149414062500e+02,
       7.4312300682067871e+00, 2.7665985107421875e+02,
       2.1906727924942970e-02, 2425089, -1 ]
   - [ 2.5317449951171875e+02, 2.9755255126953125e+02,
       1.4859723091125488e+01, 4.2761596679687500e+01,
       6.6644415259361267e-02, 2425090, -1 ]
   - [ 2.5317449951171875e+02, 2.9755255126953125e+02,
       1.4859723091125488e+01, 8.0192413330078125e+01,
       6.6644415259361267e-02, 2425090, -1 ]
   - [ 2.5409324645996094e+02, 2.8848297119140625e+02,
       1.8718782663345337e+00, 8.8843750000000000e+01,
       5.2039757370948792e-02, 3015167, -1 ]
   - [ 2.5442282104492188e+02, 3.6376870727539062e+02,
       2.5332553386688232e+00, 6.0715454101562500e+01,
       2.0704677328467369e-02, 8192767, -1 ]
   - [ 2.5442282104492188e+02, 3.6376870727539062e+02,
       2.5332553386688232e+00, 2.0417970275878906e+02,
       2.0704677328467369e-02, 8192767, -1 ]
   - [ 2.5731594848632812e+02, 4.3836181640625000e+02,
       8.3702611923217773e+00, 3.2120794677734375e+02,
       6.0118164867162704e-02, 11075841, -1 ]
   - [ 2.5877941894531250e+02, 4.2958718872070312e+02,
       1.9045114517211914e+00, 3.3331329345703125e+02,
       1.5269469469785690e-02, 4260351, -1 ]
   - [ 2.6187646484375000e+02, 4.1905502319335938e+02,
       3.1547994613647461e+00, 8.9708068847656250e+01,
       1.8434111028909683e-02, 7341055, -1 ]
   - [ 2.6383306884765625e+02, 3.5245782470703125e+02,
       2.6887955665588379e+00, 1.4099206542968750e+02,
       1.4280009083449841e-02, 12452607, -1 ]
   - [ 2.6577423095703125e+02, 2.9480096435546875e+02,
       3.0749034881591797e+00, 9.5721405029296875e+01,
       1.4899463392794132e-02, 5440511, -1 ]
   - [ 2.6582052612304688e+02, 4.1324496459960938e+02,
       5.5676116943359375e+00, 2.6485852050781250e+02,
       1.9478145986795425e-02, 15008256, -1 ]
   - [ 2.6597775268554688e+02, 2.9923483276367188e+02,
       4.0664052963256836e+00, 9.9922729492187500e+01,
       1.9905393943190575e-02, 8978688, -1 ]
   - [ 2.6597775268554688e+02, 2.9923483276367188e+02,
       4.0664052963256836e+00, 2.6637622070312500e+02,
       1.9905393943190575e-02, 8978688, -1 ]
   - [ 2.6729223632812500e+02, 3.4998092651367188e+02,
       3.0083341598510742e+00, 1.3540724182128906e+02,
       2.3075100034475327e-02, 3867647, -1 ]
   - [ 2.6729223632812500e+02, 3.4998092651367188e+02,
       3.0083341598510742e+00, 2.6995291137695312e+02,
       2.3075100034475327e-02, 3867647, -1 ]
   - [ 2.6886489868164062e+02, 2.9585330200195312e+02,
       1.8172506093978882e+00, 1.0773728942871094e+02,
       1.5751650556921959e-02, 852479, -1 ]
   - [ 2.6886898803710938e+02, 4.1856918334960938e+02,
       3.1913592815399170e+00, 9.0106872558593750e+01,
       1.3787781819701195e-02, 8193023, -1 ]
   - [ 2.6966323852539062e+02, 3.1017593383789062e+02,
       9.2579364776611328e+00, 2.6163928222656250e+02,
       1.4076630584895611e-02, 1638913, -1 ]
