%YAML:1.0
---
maskKeypoints:
   - [ 2.5205915832519531e+02, 1.3875871582031250e+03,
       8.6532239913940430e+00, 1.7777673339843750e+02,
       1.0605444759130478e-01, 13435137, -1 ]
   - [ 2.5205915832519531e+02, 1.3875871582031250e+03,
       8.6532239913940430e+00, 3.4542941284179688e+02,
       1.0605444759130478e-01, 13435137, -1 ]
   - [ 4.5344494628906250e+02, 6.3466125488281250e+02,
       8.2557172775268555e+00, 4.1224121093750000e+01,
       4.5084919780492783e-02, 10092801, -1 ]
   - [ 4.5637078857421875e+02, 6.5023590087890625e+02,
       1.2477183341979980e+01, 3.6293182373046875e+01,
       8.5604079067707062e-02, 6488833, -1 ]
   - [ 4.6575314331054688e+02, 6.2204718017578125e+02,
       8.0555582046508789e+00, 4.9281036376953125e+01,
       4.3935362249612808e-02, 8257793, -1 ]
   - [ 4.6984457397460938e+02, 6.4936785888671875e+02,
       7.6243758201599121e+00, 2.0717745971679688e+02,
       1.7672210931777954e-02, 4325633, -1 ]
   - [ 4.8339395141601562e+02, 6.7609020996093750e+02,
       7.5003447532653809e+00, 2.8530047607421875e+02,
       4.3392211198806763e-02, 3145985, -1 ]
   - [ 4.8456796264648438e+02, 6.7406286621093750e+02,
       3.8796222209930420e+00, 2.8616656494140625e+02,
       4.5360814779996872e-02, 5570816, -1 ]
   - [ 5.0353924560546875e+02, 6.0393798828125000e+02,
       1.2431987762451172e+01, 5.3002288818359375e+01,
       5.5207580327987671e-02, 6226689, -1 ]
   - [ 5.2191619873046875e+02, 6.7694525146484375e+02,
       4.1657528877258301e+00, 2.7971652221679688e+02,
       4.0962371975183487e-02, 10748160, -1 ]
   - [ 5.2409448242187500e+02, 6.8198455810546875e+02,
       3.9374759197235107e+00, 2.7993377685546875e+02,
       4.5337285846471786e-02, 6619392, -1 ]
   - [ 5.4667456054687500e+02, 6.8436779785156250e+02,
       5.1458988189697266e+00, 2.7542950439453125e+02,
       4.8063207417726517e-02, 9306624, -1 ]
   - [ 5.5685180664062500e+02, 6.8515606689453125e+02,
       4.6007452011108398e+00, 2.7429458618164062e+02,
       4.7967448830604553e-02, 1180160, -1 ]
   - [ 5.6457983398437500e+02, 9.5004278564453125e+02,
       3.1139504909515381e+00, 2.9658557128906250e+02,
       4.1657883673906326e-02, 6358015, -1 ]
   - [ 5.6933264160156250e+02, 5.6806646728515625e+02,
       1.0675490379333496e+01, 6.8937744140625000e+01,
       5.8179538697004318e-02, 11928065, -1 ]
   - [ 6.0786358642578125e+02, 9.7095666503906250e+02,
       5.6216230392456055e+00, 3.0468948364257812e+02,
       3.9905041456222534e-02, 15663616, -1 ]
   - [ 6.1125671386718750e+02, 6.8816113281250000e+02,
       6.0579924583435059e+00, 2.7003652954101562e+02,
       5.2652053534984589e-02, 4391680, -1 ]
   - [ 6.1153070068359375e+02, 6.8689654541015625e+02,
       3.9346482753753662e+00, 2.7142803955078125e+02,
       5.4019048810005188e-02, 6619392, -1 ]
   - [ 6.4405462646484375e+02, 9.3072515869140625e+02,
       5.0743594169616699e+00, 8.6438018798828125e+01,
       1.4280621893703938e-02, 8258048, -1 ]
   - [ 6.5001782226562500e+02, 9.9888012695312500e+02,
       5.1093072891235352e+00, 2.9199853515625000e+02,
       3.9178680628538132e-02, 8782336, -1 ]
   - [ 6.5264239501953125e+02, 6.8702404785156250e+02,
       3.6162643432617188e+00, 2.6933871459960938e+02,
       4.9368221312761307e-02, 459008, -1 ]
   - [ 6.5593450927734375e+02, 1.0079928588867188e+03,
       7.8075013160705566e+00, 2.8936596679687500e+02,
       3.5995393991470337e-02, 6029569, -1 ]
   - [ 6.6249578857421875e+02, 6.8596008300781250e+02,
       2.4447197914123535e+00, 2.6409799194335938e+02,
       5.0021808594465256e-02, 5571327, -1 ]
   - [ 6.6439526367187500e+02, 8.9980780029296875e+02,
       1.2906723022460938e+01, 8.4756805419921875e+01,
       1.5429489314556122e-02, 8979201, -1 ]
   - [ 6.6831182861328125e+02, 1.0046143188476562e+03,
       5.4892206192016602e+00, 2.7939385986328125e+02,
       3.7338372319936752e-02, 13959680, -1 ]
   - [ 6.7849871826171875e+02, 9.4277679443359375e+02,
       1.0374173736572266e+02, 9.7297485351562500e+01,
       1.0426097363233566e-01, 9306884, -1 ]
   - [ 6.7849871826171875e+02, 9.4277679443359375e+02,
       1.0374173736572266e+02, 2.7291729736328125e+02,
       1.0426097363233566e-01, 9306884, -1 ]
   - [ 6.8967510986328125e+02, 6.8509832763671875e+02,
       2.7615172863006592e+00, 2.6424478149414062e+02,
       4.8286750912666321e-02, 14418687, -1 ]
   - [ 6.9611077880859375e+02, 8.6427795410156250e+02,
       9.4495897293090820e+00, 9.9911010742187500e+01,
       2.5049263611435890e-02, 3146241, -1 ]
   - [ 6.9621844482421875e+02, 8.6578802490234375e+02,
       7.1373534202575684e+00, 9.9263183593750000e+01,
       2.5782121345400810e-02, 16253696, -1 ]
   - [ 7.0435626220703125e+02, 8.7198327636718750e+02,
       3.9028325080871582e+00, 9.8376525878906250e+01,
       2.6295594871044159e-02, 6029568, -1 ]
   - [ 7.1238482666015625e+02, 6.8286389160156250e+02,
       2.3099086284637451e+00, 2.6250970458984375e+02,
       4.9787435680627823e-02, 1508095, -1 ]
   - [ 7.1531890869140625e+02, 1.0048731689453125e+03,
       3.6893951892852783e+00, 2.6379190063476562e+02,
       3.7655502557754517e-02, 1966336, -1 ]
   - [ 7.2632171630859375e+02, 1.0038043823242188e+03,
       3.6029801368713379e+00, 2.6505291748046875e+02,
       4.0362466126680374e-02, 196864, -1 ]
   - [ 7.3245361328125000e+02, 8.7368762207031250e+02,
       8.0272397994995117e+00, 1.0473196411132812e+02,
       2.4446595460176468e-02, 8061185, -1 ]
   - [ 7.3341186523437500e+02, 9.9996618652343750e+02,
       3.0845761299133301e+00, 2.6281402587890625e+02,
       4.1721627116203308e-02, 5702655, -1 ]
   - [ 7.3352349853515625e+02, 8.7695983886718750e+02,
       3.2281777858734131e+00, 1.0188821411132812e+02,
       2.6683134958148003e-02, 8979455, -1 ]
   - [ 7.3812170410156250e+02, 8.8465014648437500e+02,
       8.5992755889892578e+00, 1.0738050842285156e+02,
       2.2626835852861404e-02, 12976385, -1 ]
   - [ 7.4070330810546875e+02, 5.4422589111328125e+02,
       3.4638226032257080e+00, 9.6547821044921875e+01,
       3.8579054176807404e-02, 14091263, -1 ]
   - [ 7.4791894531250000e+02, 5.4504974365234375e+02,
       3.2624061107635498e+00, 9.6968719482421875e+01,
       4.0908008813858032e-02, 9765887, -1 ]
   - [ 7.4918341064453125e+02, 8.8163452148437500e+02,
       4.6930341720581055e+00, 1.1112336730957031e+02,
       2.6940852403640747e-02, 2621952, -1 ]
   - [ 7.5050555419921875e+02, 8.7971386718750000e+02,
       8.5894317626953125e+00, 1.1088380432128906e+02,
       2.6046276092529297e-02, 12910849, -1 ]
   - [ 7.5975396728515625e+02, 8.8373321533203125e+02,
       5.9022994041442871e+00, 1.0651985168457031e+02,
       2.3480575531721115e-02, 2491136, -1 ]
   - [ 7.6456445312500000e+02, 9.9100463867187500e+02,
       6.1335616111755371e+00, 2.5320416259765625e+02,
       3.8749970495700836e-02, 5309184, -1 ]
   - [ 7.6478454589843750e+02, 8.9247705078125000e+02,
       6.5152664184570312e+00, 1.1206790161132812e+02,
       2.4179104715585709e-02, 9634560, -1 ]
   - [ 7.7246447753906250e+02, 8.8896240234375000e+02,
       5.2386412620544434e+00, 1.1670535278320312e+02,
       2.4179628118872643e-02, 10617344, -1 ]
   - [ 7.7399084472656250e+02, 9.9538311767578125e+02,
       6.5019187927246094e+00, 2.6016165161132812e+02,
       4.2964663356542587e-02, 9503488, -1 ]
   - [ 7.7430114746093750e+02, 9.9631030273437500e+02,
       7.9314699172973633e+00, 2.5947305297851562e+02,
       4.2675931006669998e-02, 7143681, -1 ]
   - [ 7.8352416992187500e+02, 9.8573260498046875e+02,
       9.1752119064331055e+00, 2.6136849975585938e+02,
       3.9479874074459076e-02, 983553, -1 ]
   - [ 7.8641534423828125e+02, 6.7645654296875000e+02,
       8.7947902679443359e+00, 2.6000323486328125e+02,
       5.4567482322454453e-02, 14614785, -1 ]
   - [ 7.9099230957031250e+02, 9.9201092529296875e+02,
       3.6771736145019531e+00, 2.5700018310546875e+02,
       3.8094922900199890e-02, 1704192, -1 ]
   - [ 7.9396649169921875e+02, 8.9777264404296875e+02,
