%YAML:1.0
---
maskKeypoints:
   - [ 2.1954681396484375e+02, 4.5596051025390625e+02,
       5.7409067153930664e+00, 2.8897888183593750e+01,
       4.0625747293233871e-02, 525056, -1 ]
   - [ 2.2422753906250000e+02, 4.6567910766601562e+02,
       7.8566408157348633e+00, 2.0449798583984375e+01,
       8.1786476075649261e-02, 6488321, -1 ]
   - [ 2.2545530700683594e+02, 6.2496453857421875e+02,
       2.1785686016082764e+00, 3.1010403442382812e+02,
       5.3287848830223083e-02, 13959679, -1 ]
   - [ 2.2572779846191406e+02, 4.5274395751953125e+02,
       2.3305809497833252e+00, 3.1309051513671875e+01,
       3.4852653741836548e-02, 2163455, -1 ]
   - [ 2.2798483276367188e+02, 4.5432986450195312e+02,
       5.6710009574890137e+00, 3.0057006835937500e+01,
       4.5994199812412262e-02, 16318976, -1 ]
   - [ 2.3145162963867188e+02, 4.5741250610351562e+02,
       2.1715981960296631e+00, 2.0961508178710938e+02,
       1.3870602473616600e-02, 13763071, -1 ]
   - [ 2.3354719543457031e+02, 6.2608843994140625e+02,
       6.1007037162780762e+00, 2.9075341796875000e+02,
       5.3977880626916885e-02, 4915968, -1 ]
   - [ 2.3558311462402344e+02, 4.4453643798828125e+02,
       8.0449266433715820e+00, 3.3505737304687500e+01,
       4.7897301614284515e-02, 8192257, -1 ]
   - [ 2.4203704833984375e+02, 5.9566241455078125e+02,
       7.6812539100646973e+00, 5.9260925292968750e+01,
       2.2864526137709618e-02, 4849921, -1 ]
   - [ 2.4319207763671875e+02, 5.9107080078125000e+02,
       2.1476142406463623e+00, 5.9632568359375000e+01,
       2.4496925994753838e-02, 12911103, -1 ]
   - [ 2.4658992004394531e+02, 4.7265634155273438e+02,
       4.7166805267333984e+00, 2.6727285766601562e+02,
       4.7202985733747482e-02, 3015168, -1 ]
   - [ 2.5212835693359375e+02, 4.7684942626953125e+02,
       3.7224655151367188e+00, 2.6450234985351562e+02,
       4.6548515558242798e-02, 2556160, -1 ]
   - [ 2.5579951477050781e+02, 4.7175680541992188e+02,
       4.7433176040649414e+00, 2.6289758300781250e+02,
       4.8842899501323700e-02, 3408384, -1 ]
   - [ 2.6065173339843750e+02, 6.2237097167968750e+02,
       2.3653333187103271e+00, 8.4956695556640625e+01,
       1.6703879460692406e-02, 3212031, -1 ]
   - [ 2.6122445678710938e+02, 6.2709735107421875e+02,
       4.4595279693603516e+00, 7.8380737304687500e+01,
       1.7414122819900513e-02, 15663360, -1 ]
   - [ 2.6262304687500000e+02, 6.3156951904296875e+02,
       1.2005660057067871e+01, 2.8942666625976562e+02,
       4.8580370843410492e-02, 3736321, -1 ]
   - [ 2.7265405273437500e+02, 4.0312274169921875e+02,
       5.4232096672058105e+00, 5.5561676025390625e+01,
       5.2705477923154831e-02, 13107712, -1 ]
   - [ 2.7975549316406250e+02, 6.1497467041015625e+02,
       3.3975951671600342e+00, 5.6735992431640625e+01,
       1.5298140235245228e-02, 12715007, -1 ]
   - [ 2.8016390991210938e+02, 3.9840039062500000e+02,
       4.9232044219970703e+00, 5.9857666015625000e+01,
       5.4811056703329086e-02, 6095360, -1 ]
   - [ 2.8029757690429688e+02, 5.6602667236328125e+02,
       5.0722703933715820e+00, 7.0532958984375000e+01,
       2.4206647649407387e-02, 8258048, -1 ]
   - [ 2.9172845458984375e+02, 6.4354064941406250e+02,
       6.8200616836547852e+00, 2.7565155029296875e+02,
       4.9118142575025558e-02, 12976896, -1 ]
   - [ 2.9976638793945312e+02, 5.9281103515625000e+02,
       4.0212721824645996e+00, 8.3428405761718750e+01,
       1.3577315956354141e-02, 8192256, -1 ]
   - [ 3.0486853027343750e+02, 5.9555310058593750e+02,
       3.1470296382904053e+00, 9.2092407226562500e+01,
       1.9154747948050499e-02, 7144447, -1 ]
   - [ 3.0513003540039062e+02, 3.8075067138671875e+02,
       5.0826148986816406e+00, 7.0006225585937500e+01,
       4.4784981757402420e-02, 8389120, -1 ]
   - [ 3.0614932250976562e+02, 6.4894396972656250e+02,
       3.8192818164825439e+00, 2.6359719848632812e+02,
       3.4578815102577209e-02, 4456704, -1 ]
   - [ 3.0830944824218750e+02, 6.0891314697265625e+02,
       6.5289436340332031e+01, 8.0267730712890625e+01,
       9.1139942407608032e-02, 9240836, -1 ]
   - [ 3.0830944824218750e+02, 6.0891314697265625e+02,
       6.5289436340332031e+01, 2.6004043579101562e+02,
       9.1139942407608032e-02, 9240836, -1 ]
   - [ 3.1088867187500000e+02, 5.6576257324218750e+02,
       3.6302654743194580e+00, 8.6883972167968750e+01,
       2.4530049413442612e-02, 786688, -1 ]
   - [ 3.1092807006835938e+02, 5.6567443847656250e+02,
       3.5015637874603271e+00, 8.6882385253906250e+01,
       2.4945050477981567e-02, 14877695, -1 ]
   - [ 3.1106771850585938e+02, 5.6107781982421875e+02,
       4.0726027488708496e+00, 8.7122283935546875e+01,
       2.3458819836378098e-02, 9109760, -1 ]
   - [ 3.2670452880859375e+02, 4.1936141967773438e+02,
       6.7677909851074219e+01, 7.4296936035156250e+01,
       1.2024106830358505e-01, 11796740, -1 ]
   - [ 3.2670452880859375e+02, 4.1936141967773438e+02,
       6.7677909851074219e+01, 2.5216513061523438e+02,
       1.2024106830358505e-01, 11796740, -1 ]
   - [ 3.2698367309570312e+02, 4.6013845825195312e+02,
       4.1848921775817871e+00, 2.5019590759277344e+02,
       5.2176903933286667e-02, 11075840, -1 ]
   - [ 3.3316580200195312e+02, 4.5817144775390625e+02,
       4.3468108177185059e+00, 2.5013633728027344e+02,
       5.3439315408468246e-02, 13828352, -1 ]
   - [ 3.3913977050781250e+02, 5.8956243896484375e+02,
       1.8071502447128296e+00, 7.8131652832031250e+01,
       1.9512301310896873e-02, 459263, -1 ]
   - [ 3.3969296264648438e+02, 5.9252264404296875e+02,
       2.7496831417083740e+00, 7.8413269042968750e+01,
       1.9694376736879349e-02, 14091007, -1 ]
   - [ 3.3989050292968750e+02, 5.9653643798828125e+02,
       1.9650468826293945e+00, 5.4087707519531250e+01,
       1.3948395848274231e-02, 6488575, -1 ]
   - [ 3.3989050292968750e+02, 5.9653643798828125e+02,
       1.9650468826293945e+00, 2.4878872680664062e+02,
       1.3948395848274231e-02, 6488575, -1 ]
   - [ 3.5181057739257812e+02, 5.6814154052734375e+02,
       3.9051330089569092e+00, 9.6452545166015625e+01,
       2.4819228798151016e-02, 6029568, -1 ]
   - [ 3.5842120361328125e+02, 4.4635488891601562e+02,
       1.9954801797866821e+00, 2.4622322082519531e+02,
       4.4806640595197678e-02, 7602687, -1 ]
   - [ 3.6504202270507812e+02, 5.9604620361328125e+02,
       2.1646602153778076e+00, 1.3564863586425781e+02,
       1.4703373424708843e-02, 13500927, -1 ]
   - [ 3.8006979370117188e+02, 6.1597351074218750e+02,
       5.3990378379821777e+00, 2.5010398864746094e+02,
       3.9700187742710114e-02, 12780032, -1 ]
   - [ 3.8533859252929688e+02, 5.8663238525390625e+02,
       2.1041240692138672e+00, 9.4380157470703125e+01,
       1.5732837840914726e-02, 11469311, -1 ]
   - [ 3.8853744506835938e+02, 3.7250872802734375e+02,
       2.5641486644744873e+00, 9.7321136474609375e+01,
       4.8920582979917526e-02, 9044735, -1 ]
   - [ 3.9593087768554688e+02, 8.1934313964843750e+02,
       2.1776704788208008e+00, 1.3232638549804688e+02,
       1.3696226477622986e-01, 13959679, -1 ]
   - [ 3.9593087768554688e+02, 8.1934313964843750e+02,
       2.1776704788208008e+00, 2.8110046386718750e+02,
       1.3696226477622986e-01, 13959679, -1 ]
   - [ 4.0308193969726562e+02, 6.1405273437500000e+02,
       3.8502452373504639e+00, 2.5650827026367188e+02,
       4.1020225733518600e-02, 5046528, -1 ]
   - [ 4.0565176391601562e+02, 3.6315322875976562e+02,
       2.0234342575073242e+01, 8.4133514404296875e+01,
       5.5011037737131119e-02, 8061442, -1 ]
   - [ 4.1221899414062500e+02, 4.2601559448242188e+02,
       3.9533276557922363e+00, 2.4169584655761719e+02,
       5.4569765925407410e-02, 6947072, -1 ]
   - [ 4.1732495117187500e+02, 4.9578161621093750e+02,
       8.5285423278808594e+01, 2.5091389465332031e+02,
       8.0335453152656555e-02, 11862532, -1 ]
   - [ 4.1777053833007812e+02, 3.7969906616210938e+02,
       3.1688480377197266e+00, 9.2053802490234375e+01,
       2.7828061953186989e-02, 7668735, -1 ]
