%YAML:1.0
---
maskKeypoints:
   - [ 3.3092079162597656e+01, 8.2017358398437500e+02,
       2.0869224071502686e+00, 8.1541503906250000e+01,
       4.5561280101537704e-02, 10879487, -1 ]
   - [ 6.0191368103027344e+01, 1.2098332214355469e+02,
       4.0371747016906738e+00, 3.5943664550781250e+01,
       1.0756378620862961e-01, 8454400, -1 ]
   - [ 6.0191368103027344e+01, 1.2098332214355469e+02,
       4.0371747016906738e+00, 9.1446166992187500e+01,
       1.0756378620862961e-01, 8454400, -1 ]
   - [ 6.0191368103027344e+01, 1.2098332214355469e+02,
       4.0371747016906738e+00, 1.1728187561035156e+02,
       1.0756378620862961e-01, 8454400, -1 ]
   - [ 6.0191368103027344e+01, 1.2098332214355469e+02,
       4.0371747016906738e+00, 1.4714439392089844e+02,
       1.0756378620862961e-01, 8454400, -1 ]
   - [ 6.0191368103027344e+01, 1.2098332214355469e+02,
       4.0371747016906738e+00, 1.7981278991699219e+02,
       1.0756378620862961e-01, 8454400, -1 ]
   - [ 6.0191368103027344e+01, 1.2098332214355469e+02,
       4.0371747016906738e+00, 2.7995983886718750e+02,
       1.0756378620862961e-01, 8454400, -1 ]
   - [ 6.0191368103027344e+01, 1.2098332214355469e+02,
       4.0371747016906738e+00, 3.2246282958984375e+02,
       1.0756378620862961e-01, 8454400, -1 ]
   - [ 6.0191368103027344e+01, 1.2098332214355469e+02,
       4.0371747016906738e+00, 3.5967028808593750e+02,
       1.0756378620862961e-01, 8454400, -1 ]
   - [ 3.6925631713867188e+02, 4.4438922119140625e+02,
       2.0516323089599609e+01, 6.4908477783203125e+01,
       8.7248481810092926e-02, 9044482, -1 ]
   - [ 3.6925631713867188e+02, 4.4438922119140625e+02,
       2.0516323089599609e+01, 3.0194439697265625e+02,
       8.7248481810092926e-02, 9044482, -1 ]
   - [ 3.7412597656250000e+02, 4.4301760864257812e+02,
       6.1585936546325684e+00, 7.9015747070312500e+01,
       3.9723753929138184e-02, 5571328, -1 ]
   - [ 3.8015643310546875e+02, 4.3759658813476562e+02,
       1.8195778131484985e+00, 3.0320272827148438e+02,
       1.4631920494139194e-02, 918015, -1 ]
   - [ 3.8064260864257812e+02, 4.6038525390625000e+02,
       2.2543954849243164e+00, 2.7897656250000000e+02,
       4.9813091754913330e-02, 16450047, -1 ]
   - [ 3.8318048095703125e+02, 4.5587484741210938e+02,
       2.1305749416351318e+00, 2.7682690429687500e+02,
       1.7301848158240318e-02, 12386815, -1 ]
   - [ 3.8360610961914062e+02, 4.7227423095703125e+02,
       1.5866003990173340e+01, 3.0096820068359375e+02,
       5.7362221181392670e-02, 7143682, -1 ]
   - [ 3.8626873779296875e+02, 4.2352117919921875e+02,
       8.7335329055786133e+00, 8.3396575927734375e+01,
       5.7299539446830750e-02, 14156033, -1 ]
   - [ 3.9400643920898438e+02, 4.6850009155273438e+02,
       1.8533067703247070e+00, 3.2897109985351562e+02,
       3.9857283234596252e-02, 2294271, -1 ]
   - [ 3.9541088867187500e+02, 4.7664172363281250e+02,
       2.6504254341125488e+00, 3.4274615478515625e+02,
       4.4052779674530029e-02, 11469567, -1 ]
   - [ 3.9702517700195312e+02, 4.8046487426757812e+02,
       1.9980653524398804e+00, 3.5086874389648438e+02,
       4.9514930695295334e-02, 7733759, -1 ]
   - [ 4.0262203979492188e+02, 4.1799118041992188e+02,
       2.4420354366302490e+00, 1.9047071838378906e+02,
       1.3883999548852444e-02, 5505791, -1 ]
   - [ 4.0262203979492188e+02, 4.1799118041992188e+02,
       2.4420354366302490e+00, 3.4886532592773438e+02,
       1.3883999548852444e-02, 5505791, -1 ]
   - [ 4.0385943603515625e+02, 4.8560830688476562e+02,
       8.0948762893676758e+00, 2.9747250366210938e+02,
       5.2595768123865128e-02, 8651009, -1 ]
   - [ 4.0459954833984375e+02, 4.0563174438476562e+02,
       3.0276343822479248e+00, 2.0791656494140625e+01,
       3.8636829704046249e-02, 4326399, -1 ]
   - [ 4.0600012207031250e+02, 4.2965951538085938e+02,
       7.2794952392578125e+00, 1.0820762634277344e+02,
       1.3737796805799007e-02, 983297, -1 ]
   - [ 4.0773327636718750e+02, 4.4431875610351562e+02,
       2.2677330970764160e+00, 8.2490905761718750e+01,
       1.7417667433619499e-02, 131839, -1 ]
   - [ 4.0773327636718750e+02, 4.4431875610351562e+02,
       2.2677330970764160e+00, 1.9101321411132812e+02,
       1.7417667433619499e-02, 131839, -1 ]
   - [ 4.1053509521484375e+02, 4.8760278320312500e+02,
       2.3922698497772217e+00, 2.7893276977539062e+02,
       2.2217169404029846e-02, 3998463, -1 ]
   - [ 4.1081423950195312e+02, 4.7825909423828125e+02,
       4.0436720848083496e+00, 2.7903027343750000e+02,
       2.0437100902199745e-02, 8585472, -1 ]
   - [ 4.1674279785156250e+02, 4.0220281982421875e+02,
       1.4354870796203613e+01, 3.2861145019531250e+01,
       6.2902145087718964e-02, 16646913, -1 ]
   - [ 4.1674279785156250e+02, 4.0220281982421875e+02,
       1.4354870796203613e+01, 8.6109466552734375e+01,
       6.2902145087718964e-02, 16646913, -1 ]
   - [ 4.1762088012695312e+02, 4.0351013183593750e+02,
       1.6609945297241211e+01, 3.4687225341796875e+01,
       6.2319595366716385e-02, 10486018, -1 ]
   - [ 4.1762088012695312e+02, 4.0351013183593750e+02,
       1.6609945297241211e+01, 8.5860382080078125e+01,
       6.2319595366716385e-02, 10486018, -1 ]
   - [ 4.1791088867187500e+02, 4.3500811767578125e+02,
       4.4339613914489746e+00, 1.3126921081542969e+02,
       1.9619118422269821e-02, 15204608, -1 ]
   - [ 4.1791088867187500e+02, 4.3500811767578125e+02,
       4.4339613914489746e+00, 2.9163244628906250e+02,
       1.9619118422269821e-02, 15204608, -1 ]
   - [ 4.2158056640625000e+02, 4.4390075683593750e+02,
       6.3832103729248047e+01, 8.8534271240234375e+01,
       8.4898538887500763e-02, 7602436, -1 ]
   - [ 4.2158056640625000e+02, 4.4390075683593750e+02,
       6.3832103729248047e+01, 3.1504235839843750e+02,
       8.4898538887500763e-02, 7602436, -1 ]
   - [ 4.2599099731445312e+02, 4.4909179687500000e+02,
       5.3117175102233887e+00, 1.0321685791015625e+02,
       2.3311428725719452e-02, 11600384, -1 ]
   - [ 4.2634365844726562e+02, 4.5118508911132812e+02,
       2.0737454891204834e+00, 9.9603210449218750e+01,
       2.5301586836576462e-02, 10420735, -1 ]
   - [ 4.2690402221679688e+02, 3.9970507812500000e+02,
       1.8337736129760742e+00, 9.9331604003906250e+01,
       1.6806682571768761e-02, 1507839, -1 ]
   - [ 4.2768347167968750e+02, 4.7473281860351562e+02,
       4.0367946624755859e+00, 2.7014328002929688e+02,
       1.3959365896880627e-02, 8454400, -1 ]
   - [ 4.2791082763671875e+02, 4.0325668334960938e+02,
       3.3343999385833740e+00, 2.6966357421875000e+02,
       2.0842092111706734e-02, 11338751, -1 ]
   - [ 4.2932949829101562e+02, 4.7944860839843750e+02,
       3.4123020172119141e+00, 2.6873547363281250e+02,
       1.5619958750903606e-02, 12977151, -1 ]
   - [ 4.3157171630859375e+02, 4.3482940673828125e+02,
       1.9658441543579102e+00, 2.7611502075195312e+02,
       1.7191588878631592e-02, 6554111, -1 ]
   - [ 4.3298059082031250e+02, 4.9064007568359375e+02,
       7.1446189880371094e+00, 2.6925018310546875e+02,
       3.2428842037916183e-02, 16319232, -1 ]
   - [ 4.3414730834960938e+02, 5.4087341308593750e+02,
       3.2225322723388672e+00, 3.1526953125000000e+02,
       5.6237298995256424e-02, 8848383, -1 ]
   - [ 4.3475241088867188e+02, 4.5070886230468750e+02,
       4.9083189964294434e+00, 9.2449310302734375e+01,
       1.9700944423675537e-02, 5898752, -1 ]
   - [ 4.3495223999023438e+02, 4.3719915771484375e+02,
       2.6340725421905518e+00, 9.0857421875000000e+01,
       2.5815399363636971e-02, 11010815, -1 ]
   - [ 4.3495223999023438e+02, 4.3719915771484375e+02,
       2.6340725421905518e+00, 2.5974316406250000e+02,
       2.5815399363636971e-02, 11010815, -1 ]
   - [ 4.3635510253906250e+02, 4.4260784912109375e+02,
       4.7862253189086914e+00, 1.4096147155761719e+02,
       3.0814444646239281e-02, 4063744, -1 ]
   - [ 4.3967083740234375e+02, 4.0466748046875000e+02,
       2.5912022590637207e+00, 9.4747711181640625e+01,
       1.7211958765983582e-02, 9831167, -1 ]
