%YAML:1.0
---
maskKeypoints:
   - [ 1.1922616004943848e+01, 1.3111027526855469e+02,
       3.8009736537933350e+00, 2.3441601562500000e+02,
       6.0296274721622467e-02, 4063488, -1 ]
   - [ 2.0039113998413086e+01, 7.8615638732910156e+01,
       5.4770498275756836e+00, 5.4716766357421875e+01,
       5.6112267076969147e-02, 13828608, -1 ]
   - [ 2.2352371215820312e+01, 7.8837059020996094e+01,
       2.6383388042449951e+00, 5.0837799072265625e+01,
       5.6726075708866119e-02, 11076351, -1 ]
   - [ 2.3351663589477539e+01, 1.1829375457763672e+02,
       3.4937825202941895e+00, 2.3119720458984375e+02,
       5.3985424339771271e-02, 14681087, -1 ]
   - [ 2.8151216506958008e+01, 1.2001219940185547e+02,
       4.0280351638793945e+00, 2.3513571166992188e+02,
       5.7637125253677368e-02, 8257792, -1 ]
   - [ 3.8972900390625000e+01, 1.1214548492431641e+02,
       3.9739975929260254e+00, 2.3432095336914062e+02,
       6.0047291219234467e-02, 7340288, -1 ]
   - [ 5.9135860443115234e+01, 9.8015563964843750e+01,
       3.9795632362365723e+00, 2.3379626464843750e+02,
       5.8870647102594376e-02, 7405824, -1 ]
   - [ 7.0455398559570312e+01, 4.6456207275390625e+01,
       3.4030549526214600e+00, 5.5518066406250000e+01,
       5.6665368378162384e-02, 12780543, -1 ]
   - [ 7.7783668518066406e+01, 8.0790084838867188e+01,
       2.3282043933868408e+00, 2.3117871093750000e+02,
       5.4664075374603271e-02, 2032383, -1 ]
   - [ 7.9989845275878906e+01, 3.8661231994628906e+01,
       5.3738398551940918e+00, 5.5563720703125000e+01,
       5.7421002537012100e-02, 12452352, -1 ]
   - [ 8.2660636901855469e+01, 7.5831710815429688e+01,
       4.3527293205261230e+00, 2.3587475585937500e+02,
       5.5402521044015884e-02, 13893888, -1 ]
   - [ 9.4758247375488281e+01, 7.2510223388671875e+01,
       3.0757384300231934e+00, 2.3524307250976562e+02,
       5.8003447949886322e-02, 5506047, -1 ]
   - [ 9.5130142211914062e+01, 7.2898078918457031e+01,
       3.8872227668762207e+00, 2.3600546264648438e+02,
       5.6975204497575760e-02, 5701888, -1 ]
   - [ 1.2292353820800781e+02, 5.3219696044921875e+01,
       4.1510591506958008e+00, 2.4006085205078125e+02,
       5.6997470557689667e-02, 10486016, -1 ]
   - [ 1.2780101776123047e+02, 4.3508171081542969e+01,
       5.4054617881774902e+00, 2.3529490661621094e+02,
       5.4036699235439301e-02, 12845568, -1 ]
   - [ 1.3434463500976562e+02, 4.5256229400634766e+01,
       4.2230124473571777e+00, 2.3407980346679688e+02,
       5.8567378669977188e-02, 11731200, -1 ]
   - [ 1.3669474792480469e+02, 3.7774120330810547e+01,
       4.5299310684204102e+00, 2.3547866821289062e+02,
       5.6638766080141068e-02, 66048, -1 ]
   - [ 1.4343748474121094e+02, 3.8947696685791016e+01,
       4.2609686851501465e+00, 2.3524954223632812e+02,
       5.9637490659952164e-02, 12386560, -1 ]
   - [ 1.6533615112304688e+02, 1.8912099838256836e+01,
       2.6688539981842041e+00, 2.3426072692871094e+02,
       5.2381999790668488e-02, 11928319, -1 ]
   - [ 2.9810614013671875e+02, 3.3605111694335938e+02,
       2.0370731353759766e+00, 7.8794494628906250e+01,
       5.4611522704362869e-02, 9110015, -1 ]
   - [ 3.0067132568359375e+02, 3.4135198974609375e+02,
       1.1711125373840332e+01, 7.6037017822265625e+01,
       9.9107392132282257e-02, 1901313, -1 ]
   - [ 3.0067132568359375e+02, 3.4135198974609375e+02,
       1.1711125373840332e+01, 2.9884118652343750e+02,
       9.9107392132282257e-02, 1901313, -1 ]
   - [ 3.0776821899414062e+02, 3.5856286621093750e+02,
       9.5731401443481445e+00, 2.9219161987304688e+02,
       5.6692991405725479e-02, 4063745, -1 ]
   - [ 3.1025036621093750e+02, 3.5178466796875000e+02,
       3.0614073276519775e+00, 2.8891455078125000e+02,
       4.2648307979106903e-02, 5178367, -1 ]
   - [ 3.1122738647460938e+02, 3.4285354614257812e+02,
       4.3030843734741211e+00, 2.7466735839843750e+02,
       2.0485376939177513e-02, 13041920, -1 ]
   - [ 3.1323214721679688e+02, 3.4112109375000000e+02,
       2.0846564769744873e+00, 9.3581878662109375e+01,
       1.9297778606414795e-02, 10813951, -1 ]
   - [ 3.1399453735351562e+02, 3.6646331787109375e+02,
       3.5666019916534424e+00, 2.5139831542968750e+01,
       6.2117174267768860e-02, 16188415, -1 ]
   - [ 3.1750317382812500e+02, 3.3811047363281250e+02,
       2.3060758113861084e+00, 8.1073730468750000e+01,
       2.6971502229571342e-02, 1377023, -1 ]
   - [ 3.1838467407226562e+02, 3.3462704467773438e+02,
       2.8204448223114014e+00, 8.2165771484375000e+01,
       5.8366019278764725e-02, 15926015, -1 ]
   - [ 3.1885916137695312e+02, 3.6827969360351562e+02,
       8.9506425857543945e+00, 3.3166680908203125e+02,
       6.5158881247043610e-02, 15925505, -1 ]
   - [ 3.1901696777343750e+02, 3.2390780639648438e+02,
       1.3838676452636719e+01, 5.1223480224609375e+01,
       5.9346280992031097e-02, 14025473, -1 ]
   - [ 3.2660144042968750e+02, 3.2652423095703125e+02,
       2.5431363582611084e+00, 4.2893402099609375e+01,
       5.2807740867137909e-02, 8454911, -1 ]
   - [ 3.3229669189453125e+02, 3.7302343750000000e+02,
       4.3108673095703125e+00, 1.1090963745117188e+02,
       1.8393550068140030e-02, 13172992, -1 ]
   - [ 3.3250805664062500e+02, 3.5740686035156250e+02,
       1.0440676689147949e+01, 2.7766571044921875e+02,
       3.0829880386590958e-02, 10355201, -1 ]
   - [ 3.3358804321289062e+02, 2.9858786010742188e+02,
       8.6748113632202148e+00, 9.8031921386718750e+00,
       3.8668975234031677e-02, 13631745, -1 ]
   - [ 3.3468670654296875e+02, 3.3814859008789062e+02,
       2.1459730148315430e+01, 5.0549835205078125e+01,
       5.8451924473047256e-02, 12321282, -1 ]
   - [ 3.4502163696289062e+02, 3.7608227539062500e+02,
       3.2217350006103516e+00, 1.2678997802734375e+02,
       2.8644816949963570e-02, 8848383, -1 ]
   - [ 3.4550827026367188e+02, 3.8067553710937500e+02,
       2.7324028015136719e+00, 1.2171087646484375e+02,
       2.1410360932350159e-02, 13632255, -1 ]
   - [ 3.4570803833007812e+02, 3.3554415893554688e+02,
       2.4294612407684326e+00, 9.2878845214843750e+01,
       1.3593173585832119e-02, 5112575, -1 ]
   - [ 3.4796585083007812e+02, 3.7228024291992188e+02,
       2.5066297054290771e+00, 9.7545166015625000e+01,
       3.5445552319288254e-02, 7406335, -1 ]
   - [ 3.4820153808593750e+02, 3.6259820556640625e+02,
       1.5652595520019531e+01, 1.2413745117187500e+02,
       3.8596991449594498e-02, 6226178, -1 ]
   - [ 3.4820153808593750e+02, 3.6259820556640625e+02,
       1.5652595520019531e+01, 2.7795291137695312e+02,
       3.8596991449594498e-02, 6226178, -1 ]
   - [ 3.4901281738281250e+02, 3.6532400512695312e+02,
       3.4301190376281738e+00, 1.1332431030273438e+02,
       2.6230724528431892e-02, 13370367, -1 ]
   - [ 3.5282458496093750e+02, 3.6094586181640625e+02,
       3.9493405818939209e+00, 3.3957995605468750e+02,
       3.4922230988740921e-02, 6881536, -1 ]
   - [ 3.5319934082031250e+02, 3.6900662231445312e+02,
       2.9285311698913574e+00, 9.6730316162109375e+01,
       3.8801465183496475e-02, 1967103, -1 ]
   - [ 3.5328201293945312e+02, 3.3532763671875000e+02,
       2.7250218391418457e+00, 1.0135919189453125e+02,
       1.6187470406293869e-02, 13435647, -1 ]
   - [ 3.5429541015625000e+02, 3.3053781127929688e+02,
       3.9677700996398926e+00, 1.2617697143554688e+02,
       1.7074087634682655e-02, 7209216, -1 ]
   - [ 3.5699285888671875e+02, 3.5890856933593750e+02,
       3.0280718803405762e+00, 3.3269055175781250e+02,
       2.0327825099229813e-02, 4391935, -1 ]
   - [ 3.6134725952148438e+02, 3.2369049072265625e+02,
       8.3809051513671875e+00, 1.2223228454589844e+02,
       3.2911837100982666e-02, 11141377, -1 ]
   - [ 3.6134725952148438e+02, 3.2369049072265625e+02,
       8.3809051513671875e+00, 2.7815454101562500e+02,
       3.2911837100982666e-02, 11141377, -1 ]
   - [ 3.6144247436523438e+02, 2.9159698486328125e+02,
       2.8713577270507812e+01, 2.7010253906250000e+01,
       6.3942998647689819e-02, 16646914, -1 ]
