%YAML:1.0
---
maskKeypoints:
   - [ 4.8837036132812500e+01, 4.1796749877929688e+02,
       1.0187851905822754e+01, 3.2672149658203125e+02,
       7.9976491630077362e-02, 8585729, -1 ]
   - [ 1.2870457458496094e+02, 8.3079150390625000e+02,
       2.4769546985626221e+00, 3.0211929321289062e+02,
       1.5838962793350220e-01, 6554367, -1 ]
   - [ 1.2870457458496094e+02, 8.3079150390625000e+02,
       2.4769546985626221e+00, 3.4091564941406250e+02,
       1.5838962793350220e-01, 6554367, -1 ]
   - [ 2.5595594787597656e+02, 3.0739797973632812e+02,
       4.6570215225219727e+00, 3.2793945312500000e+01,
       8.6068071424961090e-02, 2097664, -1 ]
   - [ 2.6120214843750000e+02, 3.0632516479492188e+02,
       3.0370028018951416e+00, 2.0350617980957031e+02,
       2.0644489675760269e-02, 4588543, -1 ]
   - [ 2.7706658935546875e+02, 3.1648565673828125e+02,
       1.8426687717437744e+00, 2.8103872680664062e+02,
       4.8089176416397095e-02, 1835519, -1 ]
   - [ 2.9928015136718750e+02, 2.7184475708007812e+02,
       4.4647364616394043e+00, 6.2894165039062500e+01,
       5.6395698338747025e-02, 15728896, -1 ]
   - [ 3.2384521484375000e+02, 4.0009725952148438e+02,
       4.7053198814392090e+00, 7.4808685302734375e+01,
       2.8738450258970261e-02, 2818560, -1 ]
   - [ 3.3204016113281250e+02, 4.1535357666015625e+02,
       2.2142424583435059e+00, 7.9651245117187500e+01,
       1.4680561609566212e-02, 15139327, -1 ]
   - [ 3.3296896362304688e+02, 4.4061895751953125e+02,
       8.1863403320312500e+00, 2.9814157104492188e+02,
       3.9985716342926025e-02, 9437441, -1 ]
   - [ 3.3416317749023438e+02, 4.1770114135742188e+02,
       2.0178101062774658e+00, 8.1692749023437500e+01,
       1.8337812274694443e-02, 8454655, -1 ]
   - [ 3.3565747070312500e+02, 3.9573181152343750e+02,
       3.2988364696502686e+00, 8.0686645507812500e+01,
       2.8700063005089760e-02, 10552319, -1 ]
   - [ 3.3590924072265625e+02, 3.9608770751953125e+02,
       3.7781860828399658e+00, 8.2505554199218750e+01,
       2.8330991044640541e-02, 3670272, -1 ]
   - [ 3.4216793823242188e+02, 4.0543972778320312e+02,
       3.4871730804443359e+00, 8.1724243164062500e+01,
       1.7086219042539597e-02, 14550015, -1 ]
   - [ 3.4608294677734375e+02, 3.1999337768554688e+02,
       4.3212809562683105e+00, 2.6272152709960938e+02,
       5.4921220988035202e-02, 13369600, -1 ]
   - [ 3.4882214355468750e+02, 4.2432345581054688e+02,
       4.3089321136474609e+01, 9.7070404052734375e+01,
       1.0227343440055847e-01, 12583427, -1 ]
   - [ 3.4882214355468750e+02, 4.2432345581054688e+02,
       4.3089321136474609e+01, 2.6689807128906250e+02,
       1.0227343440055847e-01, 12583427, -1 ]
   - [ 3.5433471679687500e+02, 3.1904626464843750e+02,
       4.4756541252136230e+00, 2.6352746582031250e+02,
       5.6085549294948578e-02, 15925504, -1 ]
   - [ 3.5701641845703125e+02, 4.1951794433593750e+02,
       3.0700986385345459e+00, 9.0278839111328125e+01,
       1.4097861945629120e-02, 5374975, -1 ]
   - [ 3.6325967407226562e+02, 3.1801739501953125e+02,
       4.2868885993957520e+00, 2.6445193481445312e+02,
       5.7178620249032974e-02, 12779776, -1 ]
   - [ 3.6915356445312500e+02, 3.9492858886718750e+02,
       3.8267605304718018e+00, 1.0634326171875000e+02,
       2.4690991267561913e-02, 4587776, -1 ]
   - [ 3.7194360351562500e+02, 3.9969439697265625e+02,
       3.2090184688568115e+00, 1.0592401123046875e+02,
       2.4699501693248749e-02, 8586239, -1 ]
   - [ 3.7709616088867188e+02, 8.5106048583984375e+02,
       2.1806745529174805e+00, 2.7207153320312500e+01,
       4.3501429259777069e-02, 14025215, -1 ]
   - [ 3.7987936401367188e+02, 8.3326940917968750e+02,
       1.0671687126159668e+01, 2.9189605712890625e+01,
       5.1966689527034760e-02, 11928065, -1 ]
   - [ 3.8334170532226562e+02, 8.4527911376953125e+02,
       5.8935980796813965e+00, 3.1749725341796875e+01,
       5.9033595025539398e-02, 2425600, -1 ]
   - [ 3.9066320800781250e+02, 8.5710455322265625e+02,
       5.8043527603149414e+00, 6.8747344970703125e+01,
       1.3722413219511509e-02, 1311488, -1 ]
   - [ 3.9066320800781250e+02, 8.5710455322265625e+02,
       5.8043527603149414e+00, 2.4554983520507812e+02,
       1.3722413219511509e-02, 1311488, -1 ]
   - [ 3.9129733276367188e+02, 8.3427215576171875e+02,
       2.3096160888671875e+00, 2.3435241699218750e+01,
       1.4733728952705860e-02, 1508095, -1 ]
   - [ 3.9129733276367188e+02, 8.3427215576171875e+02,
       2.3096160888671875e+00, 5.7266662597656250e+01,
       1.4733728952705860e-02, 1508095, -1 ]
   - [ 3.9335128784179688e+02, 8.2663439941406250e+02,
       6.3510069847106934e+00, 2.7721405029296875e+01,
       5.8661907911300659e-02, 7799552, -1 ]
   - [ 3.9665411376953125e+02, 8.6067541503906250e+02,
       2.8630311489105225e+00, 2.3836662292480469e+02,
       1.9680706784129143e-02, 328703, -1 ]
   - [ 3.9983920288085938e+02, 8.0000238037109375e+02,
       7.8660788536071777e+00, 2.7206665039062500e+01,
       5.3701952099800110e-02, 6553857, -1 ]
   - [ 4.0002752685546875e+02, 8.2977661132812500e+02,
       4.2381763458251953e+00, 6.8187683105468750e+01,
       1.9653329625725746e-02, 11993344, -1 ]
   - [ 4.0002752685546875e+02, 8.2977661132812500e+02,
       4.2381763458251953e+00, 2.6059799194335938e+02,
       1.9653329625725746e-02, 11993344, -1 ]
   - [ 4.0063064575195312e+02, 8.0028247070312500e+02,
       6.6833801269531250e+00, 2.6455993652343750e+01,
       5.4211582988500595e-02, 11469568, -1 ]
   - [ 4.0417791748046875e+02, 8.0827941894531250e+02,
       5.6720819473266602e+00, 2.8894317626953125e+01,
       5.9277936816215515e-02, 16318976, -1 ]
   - [ 4.0649938964843750e+02, 7.9094714355468750e+02,
       2.9678850173950195e+00, 2.9339355468750000e+01,
       4.9962777644395828e-02, 2884607, -1 ]
   - [ 4.0814889526367188e+02, 8.1158386230468750e+02,
       2.1582763195037842e+00, 2.4090451049804688e+02,
       1.8656156957149506e-02, 13304319, -1 ]
   - [ 4.0914785766601562e+02, 4.4195718383789062e+02,
       3.9781734943389893e+00, 2.6295013427734375e+02,
       3.9401784539222717e-02, 7405824, -1 ]
   - [ 4.1034207153320312e+02, 8.2556213378906250e+02,
       2.8833866119384766e+00, 2.5559677124023438e+02,
       1.7414843663573265e-02, 852991, -1 ]
   - [ 4.1125717163085938e+02, 2.4898458862304688e+02,
       2.8775726318359375e+01, 9.6726104736328125e+01,
       5.4173909127712250e-02, 131331, -1 ]
   - [ 4.1346838378906250e+02, 8.0899017333984375e+02,
       2.5653507709503174e+00, 2.4245852661132812e+02,
       2.0927501842379570e-02, 9110271, -1 ]
   - [ 4.1629412841796875e+02, 8.3751977539062500e+02,
       3.4927995204925537e+00, 2.0540147399902344e+02,
       4.8138204962015152e-02, 14681087, -1 ]
   - [ 4.1639407348632812e+02, 7.9438854980468750e+02,
       3.8138940334320068e+00, 3.5896759033203125e+01,
       2.0262083038687706e-02, 4325632, -1 ]
   - [ 4.1983688354492188e+02, 7.5639660644531250e+02,
       8.3983173370361328e+00, 2.4269287109375000e+01,
       5.0064291805028915e-02, 11272449, -1 ]
   - [ 4.2064306640625000e+02, 7.7370684814453125e+02,
       4.8811759948730469e+00, 1.9624572753906250e+01,
       5.3967971354722977e-02, 5505536, -1 ]
   - [ 4.2108666992187500e+02, 8.0038513183593750e+02,
       5.5599160194396973e+00, 5.1471771240234375e+01,
       1.6870386898517609e-02, 14877184, -1 ]
   - [ 4.2108666992187500e+02, 8.0038513183593750e+02,
       5.5599160194396973e+00, 2.5922229003906250e+02,
       1.6870386898517609e-02, 14877184, -1 ]
   - [ 4.2172363281250000e+02, 8.0705810546875000e+02,
       4.4620032310485840e+00, 2.5699060058593750e+02,
       1.9520644098520279e-02, 15663360, -1 ]
   - [ 4.2332019042968750e+02, 8.3318951416015625e+02,
       4.4643425941467285e+00, 2.1181321716308594e+02,
       5.2637748420238495e-02, 15728896, -1 ]
   - [ 4.2477523803710938e+02, 7.6864251708984375e+02,
       7.8671889305114746e+00, 2.3165435791015625e+01,
       5.6499481201171875e-02, 6553857, -1 ]
