%YAML:1.0
---
maskKeypoints:
   - [ 5.5456910133361816e+00, 7.3170318603515625e+02,
       2.8901040554046631e+00, 8.7452575683593750e+01,
       8.4991790354251862e-02, 984063, -1 ]
   - [ 5.5456910133361816e+00, 7.3170318603515625e+02,
       2.8901040554046631e+00, 2.4885556030273438e+02,
       8.4991790354251862e-02, 984063, -1 ]
   - [ 1.6282536315917969e+02, 4.1806478881835938e+02,
       2.5327001571655273e+01, 2.9854449462890625e+02,
       9.0236179530620575e-02, 7602946, -1 ]
   - [ 1.6934008789062500e+02, 4.1186245727539062e+02,
       2.3811645507812500e+00, 2.4009909057617188e+02,
       1.6433862969279289e-02, 3670783, -1 ]
   - [ 1.6951663208007812e+02, 4.1786956787109375e+02,
       2.6790280342102051e+00, 1.1633607482910156e+02,
       1.8606550991535187e-02, 12190463, -1 ]
   - [ 1.7613449096679688e+02, 4.2355148315429688e+02,
       4.7643141746520996e+00, 8.5223907470703125e+01,
       2.3851811885833740e-02, 3736064, -1 ]
   - [ 1.7675343322753906e+02, 4.1731558227539062e+02,
       2.5392589569091797e+00, 7.6286224365234375e+01,
       8.7675176560878754e-02, 8323839, -1 ]
   - [ 1.7829096984863281e+02, 4.1244677734375000e+02,
       3.2291207313537598e+00, 2.7537121582031250e+02,
       1.6697369515895844e-02, 8979455, -1 ]
   - [ 1.7961106872558594e+02, 4.0869677734375000e+02,
       2.1656978130340576e+00, 2.9485089111328125e+02,
       1.5388427302241325e-02, 13566463, -1 ]
   - [ 1.8005606079101562e+02, 4.4314572143554688e+02,
       4.2932062149047852e+00, 2.8138299560546875e+02,
       4.0140833705663681e-02, 12910848, -1 ]
   - [ 1.8383924865722656e+02, 4.0782208251953125e+02,
       2.2600715160369873e+00, 3.0004046630859375e+02,
       1.5132245607674122e-02, 16646655, -1 ]
   - [ 1.8614910888671875e+02, 1.7608001708984375e+02,
       2.0524003505706787e+00, 1.5063316345214844e+02,
       1.2227089703083038e-01, 9634303, -1 ]
   - [ 1.8707768249511719e+02, 4.4126620483398438e+02,
       2.0381791591644287e+00, 2.7746597290039062e+02,
       4.6362578868865967e-02, 9175551, -1 ]
   - [ 1.8839968872070312e+02, 4.5608181762695312e+02,
       2.1422826766967773e+01, 2.9685577392578125e+02,
       5.8568958193063736e-02, 12190210, -1 ]
   - [ 1.9025216674804688e+02, 4.4397845458984375e+02,
       2.5262444019317627e+00, 2.8419226074218750e+02,
       4.3082300573587418e-02, 7996159, -1 ]
   - [ 1.9208525085449219e+02, 3.8785739135742188e+02,
       1.2749249458312988e+01, 8.0126922607421875e+01,
       5.8685909956693649e-02, 8061697, -1 ]
   - [ 1.9936947631835938e+02, 3.8861380004882812e+02,
       3.2631154060363770e+00, 2.5997863769531250e+01,
       4.0166612714529037e-02, 9765887, -1 ]
   - [ 2.0244029235839844e+02, 4.5130630493164062e+02,
       2.6530482769012451e+00, 3.2662905883789062e+02,
       3.7891585379838943e-02, 11535103, -1 ]
   - [ 2.0687849426269531e+02, 3.8041839599609375e+02,
       4.4018778800964355e+00, 2.6517456054687500e+01,
       4.6759907156229019e-02, 14680320, -1 ]
   - [ 2.1108575439453125e+02, 3.6413018798828125e+02,
       3.8593132495880127e+00, 2.3052368164062500e+01,
       4.3706625699996948e-02, 5177600, -1 ]
   - [ 2.1473947143554688e+02, 4.7558718872070312e+02,
       9.9213371276855469e+00, 3.0295697021484375e+02,
       5.3611684590578079e-02, 6619649, -1 ]
   - [ 2.1473947143554688e+02, 4.7558718872070312e+02,
       9.9213371276855469e+00, 3.3715628051757812e+02,
       5.3611684590578079e-02, 6619649, -1 ]
   - [ 2.1640028381347656e+02, 3.6169818115234375e+02,
       4.2357254028320312e+00, 2.0093414306640625e+01,
       4.1445627808570862e-02, 11927808, -1 ]
   - [ 2.2307101440429688e+02, 4.1708132934570312e+02,
       3.5126106739044189e+00, 8.7716583251953125e+01,
       1.4622962102293968e-02, 15074303, -1 ]
   - [ 2.2356269836425781e+02, 4.5971112060546875e+02,
       4.2282953262329102e+00, 2.7947229003906250e+02,
       1.4457134529948235e-02, 11796736, -1 ]
   - [ 2.2363934326171875e+02, 4.6520797729492188e+02,
       5.0454020500183105e+00, 2.7822430419921875e+02,
       2.0344227552413940e-02, 7864832, -1 ]
   - [ 2.2618797302246094e+02, 4.7857507324218750e+02,
       3.3338990211486816e+00, 2.7523413085937500e+02,
       2.2923260927200317e-02, 11338751, -1 ]
   - [ 2.3211067199707031e+02, 3.4819961547851562e+02,
       4.1337275505065918e+00, 8.3988159179687500e+01,
       4.7843646258115768e-02, 10158336, -1 ]
   - [ 2.3304417419433594e+02, 3.5749557495117188e+02,
       1.8322439193725586e+01, 8.3034912109375000e+01,
       6.5638355910778046e-02, 852482, -1 ]
   - [ 2.3715661621093750e+02, 4.6211077880859375e+02,
       2.2900102138519287e+00, 2.7096691894531250e+02,
       1.4091514982283115e-02, 852735, -1 ]
   - [ 2.3758169555664062e+02, 4.7589959716796875e+02,
       1.9540299177169800e+00, 9.5755554199218750e+01,
       1.7086850479245186e-02, 6095359, -1 ]
   - [ 2.3778260803222656e+02, 4.0483288574218750e+02,
       5.5023808479309082e+00, 1.2796136474609375e+02,
       2.1505171433091164e-02, 14156288, -1 ]
   - [ 2.3778260803222656e+02, 4.0483288574218750e+02,
       5.5023808479309082e+00, 2.8866259765625000e+02,
       2.1505171433091164e-02, 14156288, -1 ]
   - [ 2.4047795104980469e+02, 4.1587896728515625e+02,
       8.8885414123535156e+01, 9.1454681396484375e+01,
       8.5734240710735321e-02, 14811652, -1 ]
   - [ 2.4047795104980469e+02, 4.1587896728515625e+02,
       8.8885414123535156e+01, 3.1045693969726562e+02,
       8.5734240710735321e-02, 14811652, -1 ]
   - [ 2.4567504882812500e+02, 4.8554071044921875e+02,
       1.9968572854995728e+00, 2.7622216796875000e+02,
       2.6099484413862228e-02, 7668223, -1 ]
   - [ 2.4860394287109375e+02, 3.6666531372070312e+02,
       5.5745997428894043e+00, 2.6812951660156250e+02,
       1.4629948884248734e-02, 15073792, -1 ]
   - [ 2.4865328979492188e+02, 4.2353704833984375e+02,
       7.5599884986877441e+00, 1.0327038574218750e+02,
       2.4413207545876503e-02, 3670273, -1 ]
   - [ 2.4919503784179688e+02, 3.5967465209960938e+02,
       4.9396243095397949e+00, 2.6868249511718750e+02,
       2.2247355431318283e-02, 6357504, -1 ]
   - [ 2.4937629699707031e+02, 4.2638348388671875e+02,
       3.4316139221191406e+00, 1.0075042724609375e+02,
       2.1033363416790962e-02, 13435903, -1 ]
   - [ 2.4979899597167969e+02, 4.5998925781250000e+02,
       5.8833603858947754e+00, 2.6725027465820312e+02,
       1.5414517372846603e-02, 2294528, -1 ]
   - [ 2.5265129089355469e+02, 5.5294934082031250e+02,
       3.9826843738555908e+00, 3.1915899658203125e+02,
       5.0047714263200760e-02, 7471360, -1 ]
   - [ 2.5467076110839844e+02, 4.0741091918945312e+02,
       3.4896123409271240e+00, 8.8789245605468750e+01,
       3.0032204464077950e-02, 14615551, -1 ]
   - [ 2.5602163696289062e+02, 4.0366156005859375e+02,
       2.8555953502655029e+00, 2.7251040649414062e+02,
       1.7236430197954178e-02, 132095, -1 ]
   - [ 2.5852542114257812e+02, 3.7007897949218750e+02,
       7.9584336280822754e+00, 2.6387551879882812e+02,
       1.4013321138918400e-02, 7405825, -1 ]
   - [ 2.6023693847656250e+02, 3.5706616210937500e+02,
       2.5970978736877441e+00, 1.0395117187500000e+02,
       2.6705102995038033e-02, 9962239, -1 ]
   - [ 2.6151657104492188e+02, 4.2564236450195312e+02,
       7.1558227539062500e+00, 9.1694396972656250e+01,
       2.3087872192263603e-02, 16450304, -1 ]
   - [ 2.6320758056640625e+02, 4.1446466064453125e+02,
       6.6623244285583496e+00, 9.4135559082031250e+01,
       3.1301576644182205e-02, 11272960, -1 ]
   - [ 2.6320758056640625e+02, 4.1446466064453125e+02,
       6.6623244285583496e+00, 1.3271485900878906e+02,
       3.1301576644182205e-02, 11272960, -1 ]
   - [ 2.6478015136718750e+02, 3.5036968994140625e+02,
       4.2960791587829590e+00, 9.6573333740234375e+01,
       5.5924326181411743e-02, 12976384, -1 ]
   - [ 2.6497607421875000e+02, 4.8051010131835938e+02,
       2.6871395111083984e+00, 1.1743446350097656e+02,
       1.6719663515686989e-02, 12452607, -1 ]
