%YAML:1.0
---
maskKeypoints:
   - [ 2.2341711425781250e+02, 4.5696978759765625e+02,
       6.1847896575927734e+00, 2.3784484863281250e+01,
       4.0593154728412628e-02, 5899008, -1 ]
   - [ 2.2931224060058594e+02, 4.6710424804687500e+02,
       9.1322517395019531e+00, 1.5853881835937500e+01,
       8.0860838294029236e-02, 655873, -1 ]
   - [ 2.2931224060058594e+02, 4.6710424804687500e+02,
       9.1322517395019531e+00, 2.8941699218750000e+02,
       8.0860838294029236e-02, 655873, -1 ]
   - [ 2.2931224060058594e+02, 4.6710424804687500e+02,
       9.1322517395019531e+00, 3.2362704467773438e+02,
       8.0860838294029236e-02, 655873, -1 ]
   - [ 2.2971278381347656e+02, 4.7544635009765625e+02,
       1.9264700412750244e+00, 3.0045922851562500e+02,
       4.8572178930044174e-02, 5046783, -1 ]
   - [ 2.3316952514648438e+02, 4.5384790039062500e+02,
       6.8441390991210938e+00, 2.8808532714843750e+01,
       4.7037594020366669e-02, 13239040, -1 ]
   - [ 2.3610481262207031e+02, 4.6451129150390625e+02,
       4.4237875938415527e+00, 1.8355949401855469e+02,
       2.2418441250920296e-02, 15073536, -1 ]
   - [ 2.3685066223144531e+02, 4.5749829101562500e+02,
       2.5588111877441406e+00, 2.0996997070312500e+02,
       1.3780301436781883e-02, 8913663, -1 ]
   - [ 2.4061398315429688e+02, 4.4264099121093750e+02,
       8.2809190750122070e+00, 3.0800231933593750e+01,
       4.9092378467321396e-02, 10289409, -1 ]
   - [ 2.4190945434570312e+02, 6.3347814941406250e+02,
       2.0601406097412109e+00, 3.5576934814453125e+02,
       5.5526118725538254e-02, 9896447, -1 ]
   - [ 2.4731047058105469e+02, 6.2104791259765625e+02,
       4.0076885223388672e+00, 4.1754028320312500e+01,
       2.8887152671813965e-02, 7930112, -1 ]
   - [ 2.4935906982421875e+02, 4.2768447875976562e+02,
       6.2257494926452637e+00, 3.2571228027343750e+01,
       4.6226803213357925e-02, 6357760, -1 ]
   - [ 2.5569509887695312e+02, 6.4596807861328125e+02,
       6.5433154106140137e+00, 2.8650213623046875e+02,
       5.5735643953084946e-02, 9962240, -1 ]
   - [ 2.5891470336914062e+02, 6.1248248291015625e+02,
       6.1453108787536621e+00, 5.5278686523437500e+01,
       2.3413579910993576e-02, 5440256, -1 ]
   - [ 2.5904251098632812e+02, 6.1256530761718750e+02,
       6.4158463478088379e+00, 5.4620697021484375e+01,
       2.3326560854911804e-02, 8520448, -1 ]
   - [ 2.6108718872070312e+02, 4.7889584350585938e+02,
       3.9394385814666748e+00, 2.6316714477539062e+02,
       4.4388961046934128e-02, 6684928, -1 ]
   - [ 2.6512979125976562e+02, 6.0701641845703125e+02,
       4.0983018875122070e+00, 5.9264129638671875e+01,
       2.2155931219458580e-02, 9568512, -1 ]
   - [ 2.6676019287109375e+02, 5.8408856201171875e+02,
       3.0358417510986328e+01, 5.8714050292968750e+01,
       2.8403669595718384e-02, 3997955, -1 ]
   - [ 2.7629019165039062e+02, 4.7604034423828125e+02,
       4.0884666442871094e+00, 2.5835473632812500e+02,
       4.7874696552753448e-02, 9371904, -1 ]
   - [ 2.8027774047851562e+02, 4.6801824951171875e+02,
       8.3514480590820312e+00, 2.6029907226562500e+02,
       5.0840519368648529e-02, 10879233, -1 ]
   - [ 2.8342776489257812e+02, 5.9383123779296875e+02,
       3.3615646362304688e+00, 5.6893188476562500e+01,
       2.3270323872566223e-02, 11928575, -1 ]
   - [ 2.8346603393554688e+02, 3.9186788940429688e+02,
       6.0029282569885254e+00, 5.2859527587890625e+01,
       5.3216382861137390e-02, 3736320, -1 ]
   - [ 2.8531127929687500e+02, 6.4518457031250000e+02,
       3.2025165557861328e+00, 8.6808593750000000e+01,
       1.6213994473218918e-02, 8389631, -1 ]
   - [ 2.8542025756835938e+02, 6.4097814941406250e+02,
       3.0082836151123047e+00, 8.4946472167968750e+01,
       1.5530045144259930e-02, 3867647, -1 ]
   - [ 2.8828500366210938e+02, 4.7302908325195312e+02,
       4.0351805686950684e+00, 2.5614416503906250e+02,
       5.1356539130210876e-02, 8388864, -1 ]
   - [ 2.8829367065429688e+02, 6.5061950683593750e+02,
       1.2217583656311035e+01, 2.8864700317382812e+02,
       4.7394588589668274e-02, 4981505, -1 ]
   - [ 2.9180236816406250e+02, 6.5677734375000000e+02,
       3.7652153968811035e+00, 2.8474414062500000e+02,
       3.9283197373151779e-02, 3408128, -1 ]
   - [ 2.9212008666992188e+02, 3.8612994384765625e+02,
       5.9885230064392090e+00, 5.9356079101562500e+01,
       5.6195091456174850e-02, 3539712, -1 ]
   - [ 3.0135827636718750e+02, 6.4558642578125000e+02,
       2.8362340927124023e+00, 2.8768359375000000e+02,
       1.4095017686486244e-02, 16319231, -1 ]
   - [ 3.0275842285156250e+02, 6.5803112792968750e+02,
       7.3649706840515137e+00, 2.8770822143554688e+02,
       4.3496035039424896e-02, 1769729, -1 ]
   - [ 3.0287768554687500e+02, 6.5862713623046875e+02,
       6.7119803428649902e+00, 2.8746957397460938e+02,
       4.3970368802547455e-02, 11797248, -1 ]
   - [ 3.0404275512695312e+02, 5.8255615234375000e+02,
       3.9715607166290283e+00, 6.6410278320312500e+01,
       2.5491120293736458e-02, 7274752, -1 ]
   - [ 3.0955017089843750e+02, 4.6837298583984375e+02,
       4.5220060348510742e+00, 2.5387130737304688e+02,
       4.8862408846616745e-02, 16646400, -1 ]
   - [ 3.1180584716796875e+02, 3.6878842163085938e+02,
       5.1597061157226562e+00, 6.6902099609375000e+01,
       4.6099554747343063e-02, 9503232, -1 ]
   - [ 3.1709094238281250e+02, 4.6609042358398438e+02,
       4.1704955101013184e+00, 2.5086984252929688e+02,
       4.7765184193849564e-02, 10813696, -1 ]
   - [ 3.2914230346679688e+02, 6.0726275634765625e+02,
       2.5402870178222656e+00, 4.9925048828125000e+01,
       1.4033194631338120e-02, 8389375, -1 ]
   - [ 3.2989401245117188e+02, 6.4618920898437500e+02,
       8.4709844589233398e+00, 2.6950680541992188e+02,
       1.3825897127389908e-02, 11927809, -1 ]
   - [ 3.3003845214843750e+02, 5.7393029785156250e+02,
       3.6204125881195068e+00, 8.6304748535156250e+01,
       2.5912180542945862e-02, 590080, -1 ]
   - [ 3.3390423583984375e+02, 6.0929565429687500e+02,
       3.6889512538909912e+00, 9.2284271240234375e+01,
       1.9457921385765076e-02, 1900800, -1 ]
   - [ 3.3451736450195312e+02, 6.6817028808593750e+02,
       3.0928356647491455e+00, 2.6064755249023438e+02,
       3.7089403718709946e-02, 5899263, -1 ]
   - [ 3.3476596069335938e+02, 4.5994012451171875e+02,
       3.6501796245574951e+00, 2.5020965576171875e+02,
       5.0771374255418777e-02, 1179904, -1 ]
   - [ 3.3873300170898438e+02, 6.2303167724609375e+02,
       7.3246681213378906e+01, 2.5868588256835938e+02,
       9.1690897941589355e-02, 852484, -1 ]
   - [ 3.4038415527343750e+02, 5.7409851074218750e+02,
       4.3675889968872070e+00, 8.3428314208984375e+01,
       2.5041554123163223e-02, 14156032, -1 ]
   - [ 3.4112921142578125e+02, 4.5816836547851562e+02,
       4.3357725143432617e+00, 2.5017486572265625e+02,
       5.2239593118429184e-02, 13631744, -1 ]
   - [ 3.4343432617187500e+02, 4.0987890625000000e+02,
       7.8751831054687500e+01, 6.9777221679687500e+01,
       1.2025241553783417e-01, 6095364, -1 ]
   - [ 3.4343432617187500e+02, 4.0987890625000000e+02,
       7.8751831054687500e+01, 2.5084237670898438e+02,
       1.2025241553783417e-01, 6095364, -1 ]
   - [ 3.4415835571289062e+02, 6.6015631103515625e+02,
       7.9874911308288574e+00, 2.5534036254882812e+02,
       3.3069271594285965e-02, 7667969, -1 ]
   - [ 3.4711376953125000e+02, 3.8060317993164062e+02,
       2.0309185981750488e+00, 6.6430175781250000e+01,
       1.3850358314812183e-02, 8913407, -1 ]
   - [ 3.5987298583984375e+02, 6.0117425537109375e+02,
       2.3315837383270264e+00, 7.9730529785156250e+01,
       1.4297017827630043e-02, 2163455, -1 ]
   - [ 3.7143002319335938e+02, 6.0085107421875000e+02,
       1.9514130353927612e+00, 6.9314697265625000e+01,
       1.8910251557826996e-02, 6029823, -1 ]
   - [ 3.7312884521484375e+02, 6.0849572753906250e+02,
       2.2884347438812256e+00, 3.8977508544921875e+01,
       1.5336755663156509e-02, 787199, -1 ]
   - [ 3.7312884521484375e+02, 6.0849572753906250e+02,
