%YAML:1.0
---
maskKeypoints:
   - [ 2.0213926696777344e+02, 6.7123248291015625e+02,
       2.2778003215789795e+00, 8.4127746582031250e+01,
       1.0872971266508102e-01, 459519, -1 ]
   - [ 2.1149531555175781e+02, 6.7030657958984375e+02,
       2.5111918449401855e+00, 2.6677557373046875e+02,
       1.0268048942089081e-01, 7537407, -1 ]
   - [ 3.4421463012695312e+02, 4.1765432739257812e+02,
       1.7603641510009766e+01, 7.1349182128906250e+01,
       8.5828289389610291e-02, 14680322, -1 ]
   - [ 3.5802505493164062e+02, 4.1442288208007812e+02,
       2.9001090526580811e+00, 2.7247302246093750e+02,
       2.7410116046667099e-02, 1246207, -1 ]
   - [ 3.5830065917968750e+02, 4.1051351928710938e+02,
       2.0332310199737549e+00, 2.8096960449218750e+02,
       1.6626989468932152e-02, 8978943, -1 ]
   - [ 3.5898236083984375e+02, 4.2244183349609375e+02,
       3.1446011066436768e+00, 8.0162841796875000e+01,
       3.5508457571268082e-02, 7078911, -1 ]
   - [ 3.6098471069335938e+02, 4.0167898559570312e+02,
       2.8143274784088135e+00, 9.0385833740234375e+01,
       4.9702983349561691e-02, 15794943, -1 ]
   - [ 3.6442376708984375e+02, 4.1056091308593750e+02,
       2.1911108493804932e+00, 3.0025665283203125e+02,
       1.4892931096255779e-02, 14352895, -1 ]
   - [ 3.6547125244140625e+02, 4.0121392822265625e+02,
       2.0132462978363037e+00, 9.5260162353515625e+01,
       5.1857765763998032e-02, 8258047, -1 ]
   - [ 3.6736294555664062e+02, 4.5216198730468750e+02,
       1.8847595214843750e+01, 3.0604620361328125e+02,
       5.6056253612041473e-02, 2949634, -1 ]
   - [ 3.7310195922851562e+02, 3.9544259643554688e+02,
       8.6822080612182617e+00, 8.6104156494140625e+01,
       5.8206405490636826e-02, 13697281, -1 ]
   - [ 3.7999536132812500e+02, 4.4814938354492188e+02,
       2.1969292163848877e+00, 3.3372280883789062e+02,
       4.2581465095281601e-02, 14549503, -1 ]
   - [ 3.8198126220703125e+02, 4.5858303833007812e+02,
       3.1707074642181396e+00, 1.2699432373046875e+01,
       4.7911934554576874e-02, 7668735, -1 ]
   - [ 3.8198126220703125e+02, 4.5858303833007812e+02,
       3.1707074642181396e+00, 3.3121987915039062e+02,
       4.7911934554576874e-02, 7668735, -1 ]
   - [ 3.8238513183593750e+02, 4.5382308959960938e+02,
       2.2109129428863525e+00, 3.2517333984375000e+02,
       4.0586199611425400e-02, 15008255, -1 ]
   - [ 3.9166195678710938e+02, 3.8884646606445312e+02,
       2.9500482082366943e+00, 1.9057191467285156e+02,
       1.4139965176582336e-02, 2491391, -1 ]
   - [ 3.9477136230468750e+02, 4.0259039306640625e+02,
       8.3901233673095703e+00, 1.1166802978515625e+02,
       1.3662688434123993e-02, 11206913, -1 ]
   - [ 3.9781640625000000e+02, 4.5706188964843750e+02,
       2.4537611007690430e+00, 2.7910293579101562e+02,
       1.5171878039836884e-02, 5833471, -1 ]
   - [ 3.9797048950195312e+02, 4.6056253051757812e+02,
       3.4897706508636475e+00, 2.7856408691406250e+02,
       2.1598644554615021e-02, 14615551, -1 ]
   - [ 3.9815234375000000e+02, 4.6069927978515625e+02,
       3.7893772125244141e+00, 2.7868841552734375e+02,
       2.1309196949005127e-02, 3866880, -1 ]
   - [ 3.9885467529296875e+02, 4.7231179809570312e+02,
       2.4723818302154541e+00, 2.8065417480468750e+02,
       2.5629259645938873e-02, 6423295, -1 ]
   - [ 4.0512979125976562e+02, 4.5459796142578125e+02,
       6.5657739639282227e+00, 2.7977923583984375e+02,
       1.5019268728792667e-02, 10224384, -1 ]
   - [ 4.0762701416015625e+02, 3.6949102783203125e+02,
       3.1537971496582031e+00, 2.8678710937500000e+02,
       2.0391883328557014e-02, 7275519, -1 ]
   - [ 4.0918930053710938e+02, 4.0967755126953125e+02,
       4.3704538345336914e+00, 1.3586117553710938e+02,
       1.9907299429178238e-02, 14221568, -1 ]
   - [ 4.0982067871093750e+02, 3.7198522949218750e+02,
       1.8715560913085938e+01, 3.9313201904296875e+01,
       6.3058793544769287e-02, 2425346, -1 ]
   - [ 4.0982067871093750e+02, 3.7198522949218750e+02,
       1.8715560913085938e+01, 8.7293945312500000e+01,
       6.3058793544769287e-02, 2425346, -1 ]
   - [ 4.1262759399414062e+02, 4.1902645874023438e+02,
       7.6207084655761719e+01, 9.1928771972656250e+01,
       8.0698974430561066e-02, 3670532, -1 ]
   - [ 4.1262759399414062e+02, 4.1902645874023438e+02,
       7.6207084655761719e+01, 3.2170858764648438e+02,
       8.0698974430561066e-02, 3670532, -1 ]
   - [ 4.1274383544921875e+02, 4.6742904663085938e+02,
       2.8413019180297852e+00, 8.6089447021484375e+01,
       1.7307173460721970e-02, 16450303, -1 ]
   - [ 4.1274383544921875e+02, 4.6742904663085938e+02,
       2.8413019180297852e+00, 2.7755505371093750e+02,
       1.7307173460721970e-02, 16450303, -1 ]
   - [ 4.1457904052734375e+02, 4.2065280151367188e+02,
       2.2159199714660645e+00, 1.1691505432128906e+02,
       1.4507750049233437e-02, 15204863, -1 ]
   - [ 4.1457904052734375e+02, 4.2065280151367188e+02,
       2.2159199714660645e+00, 2.3909027099609375e+02,
       1.4507750049233437e-02, 15204863, -1 ]
   - [ 4.1548925781250000e+02, 4.1352514648437500e+02,
       8.4881467819213867e+00, 1.4597360229492188e+02,
       1.8076473847031593e-02, 12058881, -1 ]
   - [ 4.1548925781250000e+02, 4.1352514648437500e+02,
       8.4881467819213867e+00, 2.7158856201171875e+02,
       1.8076473847031593e-02, 12058881, -1 ]
   - [ 4.1811929321289062e+02, 4.2686526489257812e+02,
       6.3342795372009277e+00, 1.0472673034667969e+02,
       2.4491248652338982e-02, 7602944, -1 ]
   - [ 4.1962988281250000e+02, 4.6798492431640625e+02,
       2.7037370204925537e+00, 9.6904937744140625e+01,
       1.6787925735116005e-02, 12911359, -1 ]
   - [ 4.1962988281250000e+02, 4.6798492431640625e+02,
       2.7037370204925537e+00, 2.7079211425781250e+02,
       1.6787925735116005e-02, 12911359, -1 ]
   - [ 4.2209548950195312e+02, 3.7281698608398438e+02,
       4.0040340423583984e+00, 2.6986727905273438e+02,
       2.1954445168375969e-02, 7864576, -1 ]
   - [ 4.2251989746093750e+02, 3.7890481567382812e+02,
       4.6455545425415039e+00, 2.6739202880859375e+02,
       1.3496211729943752e-02, 1901056, -1 ]
   - [ 4.2283193969726562e+02, 4.1293255615234375e+02,
       2.4548213481903076e+00, 8.9997894287109375e+01,
       2.8929475694894791e-02, 5899007, -1 ]
   - [ 4.2283193969726562e+02, 4.1293255615234375e+02,
       2.4548213481903076e+00, 2.7985363769531250e+02,
       2.8929475694894791e-02, 5899007, -1 ]
   - [ 4.2298672485351562e+02, 4.6332275390625000e+02,
       3.8074615001678467e+00, 2.7001867675781250e+02,
       1.6288155689835548e-02, 4194560, -1 ]
   - [ 4.2563735961914062e+02, 4.1028570556640625e+02,
       2.5159099102020264e+00, 2.7831878662109375e+02,
       1.8573487177491188e-02, 7668479, -1 ]
   - [ 4.2629922485351562e+02, 4.7617050170898438e+02,
       7.3516421318054199e+00, 2.7493267822265625e+02,
       4.0783092379570007e-02, 1638657, -1 ]
   - [ 4.2987512207031250e+02, 3.7334277343750000e+02,
       2.1588230133056641e+00, 1.0966964721679688e+02,
       2.3160869255661964e-02, 13304319, -1 ]
   - [ 4.3005783081054688e+02, 3.6422314453125000e+02,
       2.3838036060333252e+00, 9.7409545898437500e+01,
       5.3137902170419693e-02, 3801855, -1 ]
   - [ 4.3075805664062500e+02, 3.8182257080078125e+02,
       6.0415687561035156e+00, 2.6939843750000000e+02,
       1.3520966283977032e-02, 4195072, -1 ]
   - [ 4.3102600097656250e+02, 4.1970321655273438e+02,
       5.5120291709899902e+00, 1.4646380615234375e+02,
       3.2050263136625290e-02, 14287360, -1 ]
   - [ 4.3197390747070312e+02, 4.6712979125976562e+02,
       2.4621796607971191e+00, 2.7337249755859375e+02,
       5.2614621818065643e-02, 6095615, -1 ]
   - [ 4.3277725219726562e+02, 4.8419790649414062e+02,
       4.8831791877746582e+00, 2.7393328857421875e+02,
       3.1600084155797958e-02, 5505536, -1 ]
   - [ 4.3344491577148438e+02, 4.7220065307617188e+02,
       2.2019088268280029e+00, 1.4457763671875000e+01,
       1.6117343679070473e-02, 14746111, -1 ]
