%YAML:1.0
---
maskKeypoints:
   - [ 1.0804053306579590e+01, 7.8897576332092285e+00,
       5.2957077026367188e+00, 6.9716339111328125e+01,
       4.2919211089611053e-02, 11338240, -1 ]
   - [ 3.8924869537353516e+01, 2.0925176620483398e+01,
       3.8159744739532471e+00, 2.5313674926757812e+02,
       5.7897511869668961e-02, 4391168, -1 ]
   - [ 4.6962810516357422e+01, 1.7015512466430664e+01,
       2.3833346366882324e+00, 2.5489173889160156e+02,
       6.8117566406726837e-02, 3736319, -1 ]
   - [ 5.1587825775146484e+01, 1.1789985656738281e+01,
       5.3634867668151855e+00, 2.5198184204101562e+02,
       6.1277322471141815e-02, 12321280, -1 ]
   - [ 5.8833702087402344e+01, 1.0313274383544922e+01,
       3.1747443675994873e+00, 2.5009945678710938e+02,
       5.9187408536672592e-02, 7799807, -1 ]
   - [ 7.1422973632812500e+01, 1.1183993339538574e+01,
       5.5161213874816895e+00, 2.5468011474609375e+02,
       5.7795774191617966e-02, 14287360, -1 ]
   - [ 1.3888340759277344e+02, 7.9402532958984375e+02,
       3.6356179714202881e+00, 9.7835571289062500e+01,
       1.0695656388998032e-01, 852224, -1 ]
   - [ 1.3888340759277344e+02, 7.9402532958984375e+02,
       3.6356179714202881e+00, 2.6322790527343750e+02,
       1.0695656388998032e-01, 852224, -1 ]
   - [ 1.4233334350585938e+02, 7.9447119140625000e+02,
       1.9119945764541626e+00, 1.2733573913574219e+02,
       8.8162973523139954e-02, 4522495, -1 ]
   - [ 1.4233334350585938e+02, 7.9447119140625000e+02,
       1.9119945764541626e+00, 2.5548616027832031e+02,
       8.8162973523139954e-02, 4522495, -1 ]
   - [ 1.4966479492187500e+02, 4.2791903686523438e+02,
       4.2745203971862793e+00, 2.1923158264160156e+02,
       9.2542201280593872e-02, 12583168, -1 ]
   - [ 3.0917343139648438e+02, 1.1182368469238281e+02,
       5.7983622550964355e+00, 3.5833178710937500e+02,
       6.0270022600889206e-02, 1245952, -1 ]
   - [ 3.1029867553710938e+02, 1.2721160125732422e+02,
       4.1835379600524902e+00, 3.4635980224609375e+02,
       5.2686125040054321e-02, 11010304, -1 ]
   - [ 3.1284460449218750e+02, 7.8051620483398438e+01,
       3.7116894721984863e+00, 3.3014465332031250e+01,
       5.2055981010198593e-02, 2359552, -1 ]
   - [ 3.1289068603515625e+02, 1.2117198944091797e+02,
       2.2653431892395020e+00, 6.9995849609375000e+01,
       2.0119924098253250e-02, 66303, -1 ]
   - [ 3.1488153076171875e+02, 1.1819086456298828e+02,
       4.6764550209045410e+00, 2.2907705688476562e+02,
       2.0352257415652275e-02, 2359808, -1 ]
   - [ 3.1518347167968750e+02, 1.0414508056640625e+02,
       4.2429842948913574e+00, 2.2644384765625000e+02,
       2.2047076374292374e-02, 12058880, -1 ]
   - [ 3.1616674804687500e+02, 1.2284742736816406e+02,
       3.0405497550964355e+00, 7.9362213134765625e+01,
       1.6647713258862495e-02, 4654079, -1 ]
   - [ 3.1847473144531250e+02, 1.3616728210449219e+02,
       2.3749787807464600e+00, 4.0161193847656250e+01,
       1.4581028372049332e-02, 3474175, -1 ]
   - [ 3.1906353759765625e+02, 7.6000801086425781e+01,
       4.3238463401794434e+00, 3.9006225585937500e+01,
       6.0638464987277985e-02, 13435136, -1 ]
   - [ 3.1982052612304688e+02, 6.9034362792968750e+01,
       4.1947078704833984e+00, 4.0938507080078125e+01,
       5.4098304361104965e-02, 11206912, -1 ]
   - [ 3.2151834106445312e+02, 1.4971084594726562e+02,
       2.0846364498138428e+00, 3.1188854980468750e+02,
       4.8478171229362488e-02, 10813951, -1 ]
   - [ 3.2151834106445312e+02, 1.4971084594726562e+02,
       2.0846364498138428e+00, 3.5660263061523438e+02,
       4.8478171229362488e-02, 10813951, -1 ]
   - [ 3.2275814819335938e+02, 9.4134986877441406e+01,
       3.7719693183898926e+00, 2.3224734497070312e+02,
       1.9051501527428627e-02, 3539200, -1 ]
   - [ 3.2456341552734375e+02, 1.4194851684570312e+02,
       2.8746888637542725e+00, 2.0931140136718750e+02,
       1.4806082472205162e-02, 590847, -1 ]
   - [ 3.2837121582031250e+02, 8.2202575683593750e+01,
       3.8910701274871826e+00, 2.4814982604980469e+02,
       2.0716134458780289e-02, 5767424, -1 ]
   - [ 3.2899951171875000e+02, 8.8438385009765625e+01,
       3.8794295787811279e+00, 2.4750308227539062e+02,
       1.5433035790920258e-02, 5570816, -1 ]
   - [ 3.3092877197265625e+02, 7.7083679199218750e+01,
       4.1705069541931152e+00, 2.5506311035156250e+02,
       2.1592993289232254e-02, 10813696, -1 ]
   - [ 3.3412258911132812e+02, 1.1025665283203125e+02,
       8.1121702194213867e+00, 1.9607397460937500e+02,
       3.7698224186897278e-02, 8782081, -1 ]
   - [ 3.3450680541992188e+02, 1.3363351440429688e+02,
       1.8919283151626587e+00, 1.4667208862304688e+02,
       6.4071811735630035e-02, 3736063, -1 ]
   - [ 3.3733291625976562e+02, 7.8131095886230469e+01,
       3.1175506114959717e+00, 2.5978778076171875e+02,
       1.9901882857084274e-02, 6489087, -1 ]
   - [ 3.3778469848632812e+02, 8.3205764770507812e+01,
       4.2791185379028320e+00, 2.3119554138183594e+02,
       2.8992308303713799e-02, 12648704, -1 ]
   - [ 3.3798913574218750e+02, 7.2535408020019531e+01,
       3.9760539531707764e+00, 2.5792431640625000e+02,
       2.0233841612935066e-02, 7340288, -1 ]
   - [ 3.3936788940429688e+02, 1.3996340942382812e+02,
       3.5436303615570068e+00, 1.2402076721191406e+02,
       5.2894286811351776e-02, 15729663, -1 ]
   - [ 3.4363037109375000e+02, 1.4429281616210938e+02,
       5.0222754478454590e+00, 1.2992944335937500e+02,
       5.6772302836179733e-02, 7537152, -1 ]
   - [ 3.4739785766601562e+02, 5.4081768035888672e+01,
       5.5627636909484863e+00, 7.0041534423828125e+01,
       6.0341928154230118e-02, 14942720, -1 ]
   - [ 3.4751330566406250e+02, 1.5612423706054688e+02,
       1.6857971191406250e+01, 1.3600221252441406e+02,
       8.0011501908302307e-02, 11534594, -1 ]
   - [ 3.4751330566406250e+02, 1.5612423706054688e+02,
       1.6857971191406250e+01, 3.0116445922851562e+02,
       8.0011501908302307e-02, 11534594, -1 ]
   - [ 3.5173724365234375e+02, 9.7659065246582031e+01,
       2.5753667831420898e+01, 2.3775016784667969e+02,
       4.6599783003330231e-02, 8782594, -1 ]
   - [ 3.5247308349609375e+02, 5.9156677246093750e+01,
       3.7478694915771484e+00, 2.6325830078125000e+02,
       1.7021087929606438e-02, 3080448, -1 ]
   - [ 3.5390673828125000e+02, 6.4044944763183594e+01,
       3.2616062164306641e+00, 2.6096429443359375e+02,
       2.4356720969080925e-02, 9765887, -1 ]
   - [ 3.6009490966796875e+02, 6.2327312469482422e+01,
       4.0930190086364746e+00, 2.6984747314453125e+02,
       1.6312034800648689e-02, 9437440, -1 ]
   - [ 3.6428683471679688e+02, 6.4264251708984375e+01,
       3.0561215877532959e+00, 2.7210113525390625e+02,
       1.3728775084018707e-02, 5047295, -1 ]
   - [ 3.6509048461914062e+02, 6.9915176391601562e+01,
       4.1313400268554688e+00, 2.5142840576171875e+02,
       3.4907933324575424e-02, 10092800, -1 ]
   - [ 3.7403070068359375e+02, 5.6086387634277344e+01,
       2.7517726421356201e+00, 2.6970727539062500e+02,
       1.4553484506905079e-02, 14156543, -1 ]
   - [ 3.7590695190429688e+02, 1.7086613464355469e+02,
       2.5998985767364502e+00, 1.8888061523437500e+01,
       4.0476605296134949e-02, 10027775, -1 ]
   - [ 3.7667227172851562e+02, 6.9865089416503906e+01,
       5.2034945487976074e+00, 2.5637200927734375e+02,
       3.8398444652557373e-02, 10093056, -1 ]
   - [ 3.7844564819335938e+02, 6.8120559692382812e+01,
       2.7239634990692139e+00, 2.7099017333984375e+02,
       3.8974195718765259e-02, 13435647, -1 ]
   - [ 3.8189147949218750e+02, 1.8100495910644531e+02,
       3.7778096199035645e+00, 3.0407296752929688e+02,
       4.5987065881490707e-02, 3670272, -1 ]
   - [ 3.8350949096679688e+02, 3.6538696289062500e+01,
       3.2168431282043457e+00, 6.5124267578125000e+01,
       5.2051171660423279e-02, 8717311, -1 ]
   - [ 3.8364883422851562e+02, 4.8859802246093750e+01,
       2.2066934108734131e+00, 2.3307446289062500e+02,
       1.8971953541040421e-02, 14877183, -1 ]
