%YAML:1.0
---
maskKeypoints:
   - [ 9.3835395812988281e+01, 3.7799389648437500e+02,
       8.7220067977905273e+00, 1.6029220581054688e+02,
       7.2623498737812042e-02, 14024961, -1 ]
   - [ 9.3835395812988281e+01, 3.7799389648437500e+02,
       8.7220067977905273e+00, 3.3653720092773438e+02,
       7.2623498737812042e-02, 14024961, -1 ]
   - [ 2.1640014648437500e+02, 8.4692755126953125e+02,
       9.7614889144897461e+00, 5.5526733398437500e-01,
       5.2355758845806122e-02, 5440001, -1 ]
   - [ 2.1994215393066406e+02, 8.3329180908203125e+02,
       2.0558803081512451e+00, 8.8085815429687500e+01,
       1.1348447948694229e-01, 9765375, -1 ]
   - [ 2.1994215393066406e+02, 8.3329180908203125e+02,
       2.0558803081512451e+00, 3.1855236816406250e+02,
       1.1348447948694229e-01, 9765375, -1 ]
   - [ 2.2869027709960938e+02, 8.3625799560546875e+02,
       1.2265131950378418e+01, 1.1869384765625000e+01,
       6.5947875380516052e-02, 5243649, -1 ]
   - [ 2.3088497924804688e+02, 8.1893304443359375e+02,
       5.1215515136718750e+00, 2.6316955566406250e+01,
       6.1543364077806473e-02, 8978944, -1 ]
   - [ 2.3174197387695312e+02, 8.0577386474609375e+02,
       1.0614204406738281e+01, 1.9522338867187500e+01,
       5.3627237677574158e-02, 11534849, -1 ]
   - [ 2.3705285644531250e+02, 8.1765667724609375e+02,
       3.0376110076904297e+00, 3.9564514160156250e+00,
       1.9077550619840622e-02, 4588543, -1 ]
   - [ 2.3705285644531250e+02, 8.1765667724609375e+02,
       3.0376110076904297e+00, 5.8510925292968750e+01,
       1.9077550619840622e-02, 4588543, -1 ]
   - [ 2.3705285644531250e+02, 8.1765667724609375e+02,
       3.0376110076904297e+00, 1.3193254089355469e+02,
       1.9077550619840622e-02, 4588543, -1 ]
   - [ 2.4257234191894531e+02, 7.8452160644531250e+02,
       3.4551529884338379e+00, 1.2011566162109375e+01,
       4.1915401816368103e-02, 13894655, -1 ]
   - [ 2.4413050842285156e+02, 3.1279690551757812e+02,
       5.5141000747680664e+00, 4.3563690185546875e+01,
       9.0163141489028931e-02, 14287360, -1 ]
   - [ 2.4413050842285156e+02, 3.1279690551757812e+02,
       5.5141000747680664e+00, 3.0734307861328125e+02,
       9.0163141489028931e-02, 14287360, -1 ]
   - [ 2.4434602355957031e+02, 3.0498257446289062e+02,
       3.6632816791534424e+00, 4.9451293945312500e+01,
       4.7017440199851990e-02, 1442048, -1 ]
   - [ 2.4943811035156250e+02, 3.1309173583984375e+02,
       3.2535035610198975e+00, 2.0781243896484375e+02,
       1.8343659117817879e-02, 9569279, -1 ]
   - [ 2.5285258483886719e+02, 3.1970535278320312e+02,
       4.3964171409606934e+00, 2.9272222900390625e+02,
       4.5974623411893845e-02, 14614784, -1 ]
   - [ 2.5594046020507812e+02, 2.9585897827148438e+02,
       3.8711268901824951e+00, 5.6629302978515625e+01,
       4.5692954212427139e-02, 5439744, -1 ]
   - [ 2.6179730224609375e+02, 8.0596850585937500e+02,
       7.0973219871520996e+00, 1.9548081970214844e+02,
       1.8817879259586334e-02, 15860480, -1 ]
   - [ 2.6226776123046875e+02, 7.5972924804687500e+02,
       4.6749873161315918e+00, 1.9750506591796875e+02,
       1.4264762401580811e-02, 2359808, -1 ]
   - [ 2.6502984619140625e+02, 8.2570916748046875e+02,
       4.2081871032714844e+00, 2.7503527832031250e+02,
       1.5812149271368980e-02, 11469056, -1 ]
   - [ 2.6702624511718750e+02, 8.4138165283203125e+02,
       5.1501107215881348e+00, 7.9875518798828125e+01,
       1.3928510248661041e-02, 9372160, -1 ]
   - [ 2.6702624511718750e+02, 8.4138165283203125e+02,
       5.1501107215881348e+00, 3.0665948486328125e+02,
       1.3928510248661041e-02, 9372160, -1 ]
   - [ 2.6709680175781250e+02, 2.9412908935546875e+02,
       4.2183308601379395e+00, 5.8850219726562500e+01,
       5.7395488023757935e-02, 11600128, -1 ]
   - [ 2.6746481323242188e+02, 8.4879925537109375e+02,
       6.2529597282409668e+00, 1.3072845458984375e+01,
       1.8565094098448753e-02, 6685440, -1 ]
   - [ 2.6746481323242188e+02, 8.4879925537109375e+02,
       6.2529597282409668e+00, 9.0217834472656250e+01,
       1.8565094098448753e-02, 6685440, -1 ]
   - [ 2.6746481323242188e+02, 8.4879925537109375e+02,
       6.2529597282409668e+00, 3.1663281250000000e+02,
       1.8565094098448753e-02, 6685440, -1 ]
   - [ 2.6998995971679688e+02, 8.3196612548828125e+02,
       6.2286286354064941e+00, 7.8201843261718750e+01,
       1.7419664189219475e-02, 6423296, -1 ]
   - [ 2.6998995971679688e+02, 8.3196612548828125e+02,
       6.2286286354064941e+00, 2.8884393310546875e+02,
       1.7419664189219475e-02, 6423296, -1 ]
   - [ 2.7199642944335938e+02, 7.4638806152343750e+02,
       2.5651948451995850e+00, 2.2942552185058594e+02,
       1.4220105484127998e-02, 9044735, -1 ]
   - [ 2.7906747436523438e+02, 7.9308691406250000e+02,
       6.4662752151489258e+00, 1.9958178710937500e+02,
       2.4462284520268440e-02, 9110272, -1 ]
   - [ 2.7998321533203125e+02, 3.2679513549804688e+02,
       4.3272199630737305e+00, 2.8027819824218750e+02,
       4.8827134072780609e-02, 13500672, -1 ]
   - [ 2.8063674926757812e+02, 8.3139447021484375e+02,
       2.9335019588470459e+00, 2.8255593872070312e+02,
       1.7379688099026680e-02, 2098175, -1 ]
   - [ 2.8076629638671875e+02, 8.3195977783203125e+02,
       3.9348545074462891e+00, 2.8641397094726562e+02,
       1.7190491780638695e-02, 6619392, -1 ]
   - [ 2.8106210327148438e+02, 7.9921160888671875e+02,
       3.6259248256683350e+00, 5.7860504150390625e+01,
       1.7852943390607834e-02, 655616, -1 ]
   - [ 2.8352536010742188e+02, 2.8002700805664062e+02,
       4.2003378868103027e+00, 6.7934814453125000e+01,
       4.5162327587604523e-02, 11337984, -1 ]
   - [ 2.8385949707031250e+02, 3.3183929443359375e+02,
       3.7032814025878906e+00, 2.8005627441406250e+02,
       4.9815688282251358e-02, 2228480, -1 ]
   - [ 2.9050552368164062e+02, 8.2860827636718750e+02,
       7.8210639953613281e+00, 1.9126039123535156e+02,
       2.1483059972524643e-02, 6160641, -1 ]
   - [ 2.9207781982421875e+02, 8.1664025878906250e+02,
       6.2440018653869629e+00, 9.9564331054687500e+01,
       1.4954051002860069e-02, 6554368, -1 ]
   - [ 2.9556442260742188e+02, 8.0977722167968750e+02,
       5.1677718162536621e+00, 9.9589111328125000e+01,
       1.3669171370565891e-02, 9568768, -1 ]
   - [ 2.9603991699218750e+02, 3.3404748535156250e+02,
       4.1453151702880859e+00, 2.8000997924804688e+02,
       5.0776984542608261e-02, 10354944, -1 ]
   - [ 3.0138668823242188e+02, 7.8301641845703125e+02,
       3.0192408561706543e+00, 8.8708221435546875e+01,
       5.0411913543939590e-02, 4129791, -1 ]
   - [ 3.0175765991210938e+02, 3.3489581298828125e+02,
       3.9370682239532471e+00, 2.7976211547851562e+02,
       5.0279103219509125e-02, 6619392, -1 ]
   - [ 3.0484988403320312e+02, 8.1617248535156250e+02,
       7.4374923706054688e+00, 2.2465005493164062e+02,
       3.3443149179220200e-02, 2490625, -1 ]
   - [ 3.0499185180664062e+02, 8.1667010498046875e+02,
       6.8681793212890625e+00, 2.2913049316406250e+02,
       3.3848218619823456e-02, 13435648, -1 ]
   - [ 3.0565377807617188e+02, 7.8272058105468750e+02,
       3.1944448471069336e+01, 1.3332965087890625e+02,
       2.9393356293439865e-02, 7667971, -1 ]
   - [ 3.0565377807617188e+02, 7.8272058105468750e+02,
       3.1944448471069336e+01, 2.8950741577148438e+02,
       2.9393356293439865e-02, 7667971, -1 ]
   - [ 3.0598110961914062e+02, 8.2591760253906250e+02,
       7.0393495559692383e+00, 2.2975283813476562e+02,
       3.6911707371473312e-02, 15270656, -1 ]
   - [ 3.1078234863281250e+02, 3.3596823120117188e+02,
       4.0037779808044434e+00, 2.8052984619140625e+02,
       5.6586753576993942e-02, 7864576, -1 ]
   - [ 3.1260797119140625e+02, 8.0373260498046875e+02,
       4.7254958152770996e+00, 1.6022323608398438e+02,
       2.5839883834123611e-02, 3146240, -1 ]
   - [ 3.1414453125000000e+02, 7.1598083496093750e+02,
       7.3203349113464355e+00, 6.8217407226562500e+01,
       1.5141167677938938e-02, 1376513, -1 ]
