%YAML:1.0
---
maskKeypoints:
   - [ 8.9745429992675781e+01, 8.5763598632812500e+02,
       2.7913856506347656e+00, 8.4020050048828125e+01,
       4.4503655284643173e-02, 15205119, -1 ]
   - [ 9.9898612976074219e+01, 8.5868719482421875e+02,
       2.8251969814300537e+00, 1.0119213867187500e+02,
       4.7450166195631027e-02, 16057087, -1 ]
   - [ 1.0749911499023438e+02, 8.6002655029296875e+02,
       1.8379055261611938e+00, 1.1181240844726562e+02,
       4.7723583877086639e-02, 1638911, -1 ]
   - [ 1.4468156433105469e+02, 9.1928649902343750e+01,
       4.3875498771667480e+00, 1.1996443176269531e+02,
       1.0970599949359894e-01, 14483712, -1 ]
   - [ 1.4468156433105469e+02, 9.1928649902343750e+01,
       4.3875498771667480e+00, 1.8177416992187500e+02,
       1.0970599949359894e-01, 14483712, -1 ]
   - [ 1.4468156433105469e+02, 9.1928649902343750e+01,
       4.3875498771667480e+00, 3.4306738281250000e+02,
       1.0970599949359894e-01, 14483712, -1 ]
   - [ 4.0560806274414062e+02, 6.9033477783203125e+02,
       2.2684781551361084e+00, 6.5961181640625000e+01,
       9.6626594662666321e-02, 197375, -1 ]
   - [ 4.0560806274414062e+02, 6.9033477783203125e+02,
       2.2684781551361084e+00, 2.6854901123046875e+02,
       9.6626594662666321e-02, 197375, -1 ]
   - [ 5.0387176513671875e+02, 4.0107751464843750e+02,
       1.9900985956192017e+00, 6.1933502197265625e+01,
       5.8544471859931946e-02, 7406079, -1 ]
   - [ 5.1081045532226562e+02, 4.0586770629882812e+02,
       2.1091263294219971e+00, 2.2306912231445312e+02,
       1.3361681252717972e-02, 11600383, -1 ]
   - [ 5.1283343505859375e+02, 4.1350885009765625e+02,
       2.3656408309936523e+01, 5.5646392822265625e+01,
       8.7631270289421082e-02, 2622210, -1 ]
   - [ 5.1283343505859375e+02, 4.1350885009765625e+02,
       2.3656408309936523e+01, 2.9814263916015625e+02,
       8.7631270289421082e-02, 2622210, -1 ]
   - [ 5.1341790771484375e+02, 4.1251754760742188e+02,
       1.8519573211669922e+00, 1.4244125366210938e+02,
       2.0020132884383202e-02, 2228735, -1 ]
   - [ 5.1602587890625000e+02, 4.3043319702148438e+02,
       2.0015161037445068e+00, 2.8068200683593750e+02,
       3.8657926023006439e-02, 7864831, -1 ]
   - [ 5.1826269531250000e+02, 4.0465945434570312e+02,
       2.3343393802642822e+00, 2.6379150390625000e+02,
       1.6857165843248367e-02, 2228991, -1 ]
   - [ 5.1903375244140625e+02, 4.2439187622070312e+02,
       3.0503585338592529e+00, 2.6466308593750000e+02,
       1.8909897655248642e-02, 4916223, -1 ]
   - [ 5.2038037109375000e+02, 4.1667193603515625e+02,
       3.3682773113250732e+00, 7.9552307128906250e+01,
       2.8568318113684654e-02, 12059647, -1 ]
   - [ 5.2919543457031250e+02, 3.9410769653320312e+02,
       2.0615518093109131e+00, 8.1969696044921875e+01,
       4.9086261540651321e-02, 9961983, -1 ]
   - [ 5.3108447265625000e+02, 3.8745993041992188e+02,
       8.6818609237670898e+00, 7.6720397949218750e+01,
       6.1499241739511490e-02, 13697281, -1 ]
   - [ 5.3272943115234375e+02, 3.8951217651367188e+02,
       5.2405724525451660e+00, 7.7686157226562500e+01,
       6.1266303062438965e-02, 10617344, -1 ]
   - [ 5.3296411132812500e+02, 4.4403942871093750e+02,
       1.8819742202758789e+01, 2.9392645263671875e+02,
       5.8859519660472870e-02, 2818562, -1 ]
   - [ 5.3390557861328125e+02, 3.9136206054687500e+02,
       2.2297508716583252e+00, 8.2299743652343750e+01,
       6.2203779816627502e-02, 15663615, -1 ]
   - [ 5.4588323974609375e+02, 4.4802197265625000e+02,
       5.0380730628967285e+00, 3.4016687011718750e+02,
       4.2300164699554443e-02, 7733760, -1 ]
   - [ 5.4760955810546875e+02, 3.7560034179687500e+02,
       2.8928833007812500e+00, 2.6328582763671875e+01,
       1.4537224546074867e-02, 1049599, -1 ]
   - [ 5.4760955810546875e+02, 3.7560034179687500e+02,
       2.8928833007812500e+00, 1.8199743652343750e+02,
       1.4537224546074867e-02, 1049599, -1 ]
   - [ 5.4760955810546875e+02, 3.7560034179687500e+02,
       2.8928833007812500e+00, 3.4345294189453125e+02,
       1.4537224546074867e-02, 1049599, -1 ]
   - [ 5.4882855224609375e+02, 3.5912652587890625e+02,
       3.4250950813293457e+00, 1.0019500732421875e+01,
       4.3581377714872360e-02, 13304831, -1 ]
   - [ 5.5555468750000000e+02, 3.9038031005859375e+02,
       9.3015575408935547e+00, 1.0210217285156250e+02,
       1.3535694219172001e-02, 1966593, -1 ]
   - [ 5.5661694335937500e+02, 4.5764544677734375e+02,
       8.5723857879638672e+00, 3.0013546752929688e+02,
       5.5139545351266861e-02, 12779777, -1 ]
   - [ 5.5661694335937500e+02, 4.5764544677734375e+02,
       8.5723857879638672e+00, 3.2553112792968750e+02,
       5.5139545351266861e-02, 12779777, -1 ]
   - [ 5.6016961669921875e+02, 3.5213571166992188e+02,
       2.6204202175140381e+00, 2.7962469482421875e+02,
       1.8234383314847946e-02, 10617599, -1 ]
   - [ 5.6114611816406250e+02, 3.4397039794921875e+02,
       1.9733241796493530e+00, 7.8461059570312500e+01,
       5.3347717970609665e-02, 6816255, -1 ]
   - [ 5.6237402343750000e+02, 3.5322570800781250e+02,
       1.6810380935668945e+01, 8.2311523437500000e+01,
       6.4738072454929352e-02, 11337986, -1 ]
   - [ 5.6312066650390625e+02, 4.6220074462890625e+02,
       1.8657417297363281e+00, 2.7342086791992188e+02,
       1.3804204761981964e-02, 2753023, -1 ]
   - [ 5.6375280761718750e+02, 4.6901913452148438e+02,
       4.9559969902038574e+00, 2.8557290649414062e+02,
       3.3006835728883743e-02, 6554112, -1 ]
   - [ 5.6678112792968750e+02, 4.5980502319335938e+02,
       2.7347056865692139e+00, 2.7152767944335938e+02,
       2.4420022964477539e-02, 13697791, -1 ]
   - [ 5.6893023681640625e+02, 3.9464263916015625e+02,
       5.3067564964294434e+00, 1.2581207275390625e+02,
       2.0454229786992073e-02, 11534848, -1 ]
   - [ 5.7494366455078125e+02, 3.5298159790039062e+02,
       3.4990582466125488e+00, 9.7252227783203125e+01,
       2.2558053955435753e-02, 14812159, -1 ]
   - [ 5.7494366455078125e+02, 3.5298159790039062e+02,
       3.4990582466125488e+00, 2.6468218994140625e+02,
       2.2558053955435753e-02, 14812159, -1 ]
   - [ 5.7810394287109375e+02, 4.0401062011718750e+02,
       8.1381523132324219e+01, 8.4625183105468750e+01,
       8.5666880011558533e-02, 8454660, -1 ]
   - [ 5.7810394287109375e+02, 4.0401062011718750e+02,
       8.1381523132324219e+01, 3.1279809570312500e+02,
       8.5666880011558533e-02, 8454660, -1 ]
   - [ 5.8010742187500000e+02, 4.1084002685546875e+02,
       6.4740433692932129e+00, 9.7383178710937500e+01,
       2.2965133190155029e-02, 9175808, -1 ]
   - [ 5.8044140625000000e+02, 4.5284344482421875e+02,
       3.1970276832580566e+00, 8.4281341552734375e+01,
       1.6883708536624908e-02, 8258559, -1 ]
   - [ 5.8287097167968750e+02, 3.9565280151367188e+02,
       2.6379559040069580e+00, 8.4012969970703125e+01,
       3.3244244754314423e-02, 11076351, -1 ]
   - [ 5.8287097167968750e+02, 3.9565280151367188e+02,
       2.6379559040069580e+00, 2.7011859130859375e+02,
       3.3244244754314423e-02, 11076351, -1 ]
   - [ 5.8398486328125000e+02, 3.5030349731445312e+02,
       1.9478641748428345e+00, 1.0371447753906250e+02,
       2.6287440210580826e-02, 5898751, -1 ]
   - [ 5.8542993164062500e+02, 3.9212316894531250e+02,
       2.7223429679870605e+00, 2.6380480957031250e+02,
       1.9860908389091492e-02, 13370111, -1 ]
   - [ 5.8616424560546875e+02, 4.4188717651367188e+02,
       4.2367472648620605e+00, 2.6533325195312500e+02,
       1.5420762822031975e-02, 11927808, -1 ]
   - [ 5.8695983886718750e+02, 4.5233129882812500e+02,
       2.8430612087249756e+00, 2.5702471923828125e+02,
       1.9762163981795311e-02, 16515839, -1 ]
   - [ 5.8800799560546875e+02, 3.5053536987304688e+02,
       1.8193311691284180e+00, 8.9294555664062500e+01,
       2.1275963634252548e-02, 918015, -1 ]
   - [ 5.8872198486328125e+02, 4.4693649291992188e+02,
       4.4134902954101562e+00, 2.6087615966796875e+02,
       1.5594901517033577e-02, 14876928, -1 ]
