%YAML:1.0
---
maskKeypoints:
   - [ 1.1417602539062500e+01, 4.9614044189453125e+02,
       5.0072569847106934e+00, 2.7400085449218750e+01,
       8.4657728672027588e-02, 7340544, -1 ]
   - [ 1.1417602539062500e+01, 4.9614044189453125e+02,
       5.0072569847106934e+00, 2.0783305358886719e+02,
       8.4657728672027588e-02, 7340544, -1 ]
   - [ 7.1105148315429688e+01, 8.3874893188476562e+01,
       4.7758636474609375e+00, 5.4458312988281250e+00,
       2.9433915391564369e-02, 3867136, -1 ]
   - [ 7.5101875305175781e+01, 7.2660804748535156e+01,
       2.0842375755310059e+00, 8.7434082031250000e+00,
       5.8903794735670090e-02, 10748415, -1 ]
   - [ 7.5101875305175781e+01, 7.2660804748535156e+01,
       2.0842375755310059e+00, 1.3270103454589844e+02,
       5.8903794735670090e-02, 10748415, -1 ]
   - [ 7.5629325866699219e+01, 7.4020164489746094e+01,
       3.2963206768035889e+00, 4.0816650390625000e+00,
       5.6926455348730087e-02, 10486783, -1 ]
   - [ 7.5629325866699219e+01, 7.4020164489746094e+01,
       3.2963206768035889e+00, 1.3382843017578125e+02,
       5.6926455348730087e-02, 10486783, -1 ]
   - [ 7.6046745300292969e+01, 7.4995018005371094e+01,
       4.0246310234069824e+00, 4.3381042480468750e+00,
       5.6062761694192886e-02, 8257792, -1 ]
   - [ 7.6046745300292969e+01, 7.4995018005371094e+01,
       4.0246310234069824e+00, 1.3558839416503906e+02,
       5.6062761694192886e-02, 8257792, -1 ]
   - [ 7.9254112243652344e+01, 1.0682730865478516e+02,
       1.4367320060729980e+01, 7.4483032226562500e+00,
       7.3816746473312378e-02, 16712449, -1 ]
   - [ 7.9254112243652344e+01, 1.0682730865478516e+02,
       1.4367320060729980e+01, 1.7514906311035156e+02,
       7.3816746473312378e-02, 16712449, -1 ]
   - [ 7.9760284423828125e+01, 8.6809371948242188e+01,
       1.0706021308898926e+01, 1.1748046875000000e+01,
       6.2207814306020737e-02, 12124673, -1 ]
   - [ 7.9760284423828125e+01, 8.6809371948242188e+01,
       1.0706021308898926e+01, 1.6449682617187500e+02,
       6.2207814306020737e-02, 12124673, -1 ]
   - [ 8.3143890380859375e+01, 7.7014160156250000e+01,
       3.7657952308654785e+00, 1.3997573852539062e+02,
       2.8210274875164032e-02, 3408128, -1 ]
   - [ 3.2458706665039062e+02, 6.1051818847656250e+02,
       2.8245217800140381e+00, 3.3019534301757812e+02,
       6.0717143118381500e-02, 16057087, -1 ]
   - [ 3.2458706665039062e+02, 6.1051818847656250e+02,
       2.8245217800140381e+00, 3.4714923095703125e+02,
       6.0717143118381500e-02, 16057087, -1 ]
   - [ 3.2542620849609375e+02, 5.9750024414062500e+02,
       2.3392426967620850e+00, 1.7216979980468750e+01,
       4.5414026826620102e-02, 2425599, -1 ]
   - [ 3.2542620849609375e+02, 5.9750024414062500e+02,
       2.3392426967620850e+00, 6.5767486572265625e+01,
       4.5414026826620102e-02, 2425599, -1 ]
   - [ 3.3110018920898438e+02, 6.2009948730468750e+02,
       2.8888399600982666e+00, 2.9961743164062500e+02,
       3.9053749293088913e-02, 984063, -1 ]
   - [ 3.3234069824218750e+02, 5.9245562744140625e+02,
       3.1897609233856201e+00, 4.9002593994140625e+01,
       2.7039438486099243e-02, 8127487, -1 ]
   - [ 3.5195263671875000e+02, 5.7727465820312500e+02,
       3.3126277923583984e+00, 6.0957641601562500e+01,
       2.6625275611877441e-02, 10879999, -1 ]
   - [ 3.5756063842773438e+02, 6.2113745117187500e+02,
       1.2951347351074219e+01, 2.9004699707031250e+02,
       4.9950614571571350e-02, 9175809, -1 ]
   - [ 3.5985897827148438e+02, 4.6286587524414062e+02,
       4.7606244087219238e+00, 2.6925598144531250e+01,
       4.0356297045946121e-02, 3670528, -1 ]
   - [ 3.6478790283203125e+02, 4.7850695800781250e+02,
       1.9397783279418945e+00, 2.8270504760742188e+02,
       4.7970812767744064e-02, 5571071, -1 ]
   - [ 3.6937609863281250e+02, 4.7079006958007812e+02,
       2.9500436782836914e+00, 2.0164427185058594e+02,
       1.4763980172574520e-02, 2491391, -1 ]
   - [ 3.7888061523437500e+02, 5.6988598632812500e+02,
       8.6027498245239258e+00, 6.9889587402343750e+01,
       2.3372411727905273e-02, 13041921, -1 ]
   - [ 3.8004455566406250e+02, 4.7664251708984375e+02,
       6.8836150169372559e+00, 2.7086804199218750e+02,
       4.8164270818233490e-02, 13632256, -1 ]
   - [ 3.8038424682617188e+02, 4.7569760131835938e+02,
       8.3561000823974609e+00, 2.7129943847656250e+02,
       4.7694582492113113e-02, 10944769, -1 ]
   - [ 3.8119012451171875e+02, 6.3211138916015625e+02,
       7.5464172363281250e+00, 2.7305758666992188e+02,
       4.7421306371688843e-02, 3539201, -1 ]
   - [ 3.8611096191406250e+02, 4.8180737304687500e+02,
       3.7455818653106689e+00, 2.6227996826171875e+02,
       4.5772228389978409e-02, 3014912, -1 ]
   - [ 3.9050225830078125e+02, 5.6009552001953125e+02,
       3.3547775745391846e+00, 7.7943542480468750e+01,
       2.5440176948904991e-02, 11797503, -1 ]
   - [ 3.9751586914062500e+02, 4.7995010375976562e+02,
       3.8997070789337158e+00, 2.6006088256835938e+02,
       4.7954842448234558e-02, 5964032, -1 ]
   - [ 4.0397116088867188e+02, 5.8887036132812500e+02,
       2.4792337417602539e+00, 8.6444732666015625e+01,
       1.4269834384322166e-02, 6619903, -1 ]
   - [ 4.0729949951171875e+02, 5.6229736328125000e+02,
       4.2300310134887695e+00, 9.3523315429687500e+01,
       2.8953272849321365e-02, 11796736, -1 ]
   - [ 4.2105374145507812e+02, 5.9560552978515625e+02,
       2.5220940113067627e+00, 8.0454162597656250e+01,
       1.3390416279435158e-02, 7865087, -1 ]
   - [ 4.3080389404296875e+02, 5.8813702392578125e+02,
       3.2470378875732422e+00, 8.7590820312500000e+01,
       1.3368477113544941e-02, 9438207, -1 ]
   - [ 4.3164849853515625e+02, 4.7217611694335938e+02,
       4.0740003585815430e+00, 2.5575901794433594e+02,
       5.1190987229347229e-02, 9109760, -1 ]
   - [ 4.3935412597656250e+02, 4.7013400268554688e+02,
       4.3942780494689941e+00, 2.5127102661132812e+02,
       5.1337528973817825e-02, 14614784, -1 ]
   - [ 4.4575543212890625e+02, 4.6827697753906250e+02,
       4.5095434188842773e+00, 2.5568170166015625e+02,
       5.3927265107631683e-02, 16449792, -1 ]
   - [ 4.5385488891601562e+02, 4.6608319091796875e+02,
       4.1388278007507324e+00, 2.5074652099609375e+02,
       5.0700332969427109e-02, 10223872, -1 ]
   - [ 4.6278939819335938e+02, 5.8703594970703125e+02,
       2.4107654094696045e+00, 8.9579101562500000e+01,
       1.4981191605329514e-02, 4588287, -1 ]
   - [ 4.7485287475585938e+02, 5.7141564941406250e+02,
       2.5698812007904053e+00, 9.3154663085937500e+01,
       2.9051225632429123e-02, 9175807, -1 ]
   - [ 4.7510430908203125e+02, 5.7016571044921875e+02,
       4.6061530113220215e+00, 9.3009063720703125e+01,
       2.6206541806459427e-02, 1311232, -1 ]
   - [ 4.7934448242187500e+02, 3.9565264892578125e+02,
       2.2726681232452393e+00, 9.8833557128906250e+01,
       4.8474054783582687e-02, 328447, -1 ]
   - [ 4.8623065185546875e+02, 6.1012713623046875e+02,
       4.2935423851013184e+00, 2.6370367431640625e+02,
       4.0656745433807373e-02, 12910848, -1 ]
   - [ 5.0286199951171875e+02, 3.9381509399414062e+02,
       1.1217051506042480e+01, 9.1690521240234375e+01,
       5.6991543620824814e-02, 15532545, -1 ]
   - [ 5.0415798950195312e+02, 6.0792926025390625e+02,
       3.8034870624542236e+00, 2.6337588500976562e+02,
       3.9606671780347824e-02, 4129024, -1 ]
   - [ 5.1458013916015625e+02, 4.0492260742187500e+02,
       2.3619985580444336e+00, 9.7202911376953125e+01,
       2.5101244449615479e-02, 3080959, -1 ]
   - [ 5.1617840576171875e+02, 4.0205880737304688e+02,
       2.6159970760345459e+00, 9.5039550781250000e+01,
       2.0594315603375435e-02, 10486527, -1 ]
   - [ 5.1628009033203125e+02, 3.9401617431640625e+02,
       4.9283075332641602e+00, 6.5071044921875000e+01,
       3.8384895771741867e-02, 6160896, -1 ]
   - [ 5.2363897705078125e+02, 4.7549642944335938e+02,
       5.1046337127685547e+01, 2.5028373718261719e+02,
       7.5129538774490356e-02, 8127235, -1 ]
