%YAML:1.0
---
maskKeypoints:
   - [ 8.9613571166992188e+01, 5.7577154541015625e+02,
       2.7679378986358643e+00, 9.5692169189453125e+01,
       1.0070959478616714e-01, 14549759, -1 ]
   - [ 8.9613571166992188e+01, 5.7577154541015625e+02,
       2.7679378986358643e+00, 2.8228491210937500e+02,
       1.0070959478616714e-01, 14549759, -1 ]
   - [ 9.4631690979003906e+01, 5.7641052246093750e+02,
       2.5621502399444580e+00, 1.0305194091796875e+02,
       9.3940347433090210e-02, 8979199, -1 ]
   - [ 9.4631690979003906e+01, 5.7641052246093750e+02,
       2.5621502399444580e+00, 2.7271447753906250e+02,
       9.3940347433090210e-02, 8979199, -1 ]
   - [ 2.1318574523925781e+02, 3.8026040649414062e+02,
       1.9461946487426758e+00, 3.1222036743164062e+02,
       1.3452791608870029e-02, 5833215, -1 ]
   - [ 2.1395623779296875e+02, 3.5999475097656250e+02,
       3.8899230957031250e+00, 4.9825012207031250e+01,
       4.1569035500288010e-02, 5767424, -1 ]
   - [ 2.1710980224609375e+02, 3.7661550903320312e+02,
       1.7181613922119141e+01, 4.8774414062500000e+01,
       8.5771426558494568e-02, 12910850, -1 ]
   - [ 2.1710980224609375e+02, 3.7661550903320312e+02,
       1.7181613922119141e+01, 3.0590576171875000e+02,
       8.5771426558494568e-02, 12910850, -1 ]
   - [ 2.2472154235839844e+02, 3.6062234497070312e+02,
       7.5642929077148438e+00, 6.0121063232421875e+01,
       5.7185515761375427e-02, 3735809, -1 ]
   - [ 2.2885852050781250e+02, 3.7811883544921875e+02,
       5.1213984489440918e+00, 8.6071899414062500e+01,
       1.5238137915730476e-02, 8978944, -1 ]
   - [ 2.2952014160156250e+02, 3.6597540283203125e+02,
       2.1522371768951416e+00, 2.4413458251953125e+02,
       1.7587298527359962e-02, 13107711, -1 ]
   - [ 2.3308432006835938e+02, 3.9331314086914062e+02,
       2.1530423164367676e+00, 2.8156451416015625e+02,
       3.8905635476112366e-02, 13107711, -1 ]
   - [ 2.3530601501464844e+02, 3.4344573974609375e+02,
       1.1528806686401367e+01, 5.9423156738281250e+01,
       6.4691193401813507e-02, 787201, -1 ]
   - [ 2.3800462341308594e+02, 4.2164312744140625e+02,
       7.5164842605590820e+00, 3.3495602416992188e+02,
       3.9803568273782730e-02, 3277057, -1 ]
   - [ 2.4055493164062500e+02, 4.2061026000976562e+02,
       3.4048993587493896e+00, 3.4266848754882812e+02,
       4.3045040220022202e-02, 12846079, -1 ]
   - [ 2.4211001586914062e+02, 4.0752767944335938e+02,
       9.9196605682373047e+00, 3.3751983642578125e+02,
       4.7227300703525543e-02, 6619649, -1 ]
   - [ 2.4244136047363281e+02, 3.0603051757812500e+02,
       7.3727312088012695e+00, 2.9857452392578125e+01,
       4.0689244866371155e-02, 1900801, -1 ]
   - [ 2.4308401489257812e+02, 3.0659561157226562e+02,
       6.1170496940612793e+00, 3.1491058349609375e+01,
       4.1826367378234863e-02, 5112576, -1 ]
   - [ 2.4570498657226562e+02, 4.1608535766601562e+02,
       2.0279419422149658e+00, 2.7049411010742188e+02,
       1.6681848093867302e-02, 8782335, -1 ]
   - [ 2.5082435607910156e+02, 4.2852743530273438e+02,
       8.8980550765991211e+00, 3.2974819946289062e+02,
       5.7920441031455994e-02, 15466753, -1 ]
   - [ 2.5984899902343750e+02, 3.5017651367187500e+02,
       6.7750291824340820e+00, 9.9608123779296875e+01,
       1.4406875707209110e-02, 12452608, -1 ]
   - [ 2.6059161376953125e+02, 4.3385171508789062e+02,
       1.8587459325790405e+00, 2.7578643798828125e+02,
       1.3618850149214268e-02, 2490879, -1 ]
   - [ 2.6100329589843750e+02, 3.0437634277343750e+02,
       1.5850110054016113e+01, 4.1586212158203125e+01,
       6.5818749368190765e-02, 7078146, -1 ]
   - [ 2.6100329589843750e+02, 3.0437634277343750e+02,
       1.5850110054016113e+01, 7.9033508300781250e+01,
       6.5818749368190765e-02, 7078146, -1 ]
   - [ 2.6178753662109375e+02, 4.1842199707031250e+02,
       7.6830277442932129e+00, 2.7127276611328125e+02,
       2.2382920607924461e-02, 4849921, -1 ]
   - [ 2.6208599853515625e+02, 4.4266381835937500e+02,
       7.7266831398010254e+00, 3.1676373291015625e+02,
       5.9781916439533234e-02, 5243137, -1 ]
   - [ 2.6257495117187500e+02, 4.4232498168945312e+02,
       7.1688079833984375e+00, 3.2084201049804688e+02,
       6.0082010924816132e-02, 16581376, -1 ]
   - [ 2.6510586547851562e+02, 3.6841540527343750e+02,
       3.3402097225189209e+00, 1.9094384765625000e+02,
       1.4080607332289219e-02, 11469823, -1 ]
   - [ 2.6575198364257812e+02, 3.1402291870117188e+02,
       6.0985865592956543e+00, 2.6177880859375000e+02,
       1.4254970476031303e-02, 4850432, -1 ]
   - [ 2.6695068359375000e+02, 3.1367248535156250e+02,
       3.2098365783691406e+01, 3.0361145019531250e+01,
       6.4028047025203705e-02, 7995651, -1 ]
   - [ 2.6695068359375000e+02, 3.1367248535156250e+02,
       3.2098365783691406e+01, 8.5834381103515625e+01,
       6.4028047025203705e-02, 7995651, -1 ]
   - [ 2.6748028564453125e+02, 3.7246597290039062e+02,
       3.1318960189819336e+00, 1.5002264404296875e+02,
       1.3398371636867523e-02, 6816767, -1 ]
   - [ 2.6789892578125000e+02, 4.2742996215820312e+02,
       2.6530113220214844e+00, 9.3140686035156250e+01,
       1.4706824906170368e-02, 11535103, -1 ]
   - [ 2.6965197753906250e+02, 4.1171606445312500e+02,
       4.8218688964843750e+00, 2.6654663085937500e+02,
       1.3600132428109646e-02, 4588032, -1 ]
   - [ 2.7502127075195312e+02, 3.1642205810546875e+02,
       9.0166063308715820e+00, 2.6188812255859375e+02,
       1.3865082524716854e-02, 16449793, -1 ]
   - [ 2.7989224243164062e+02, 4.1957107543945312e+02,
       1.9179052114486694e+00, 9.9707672119140625e+01,
       1.4206938445568085e-02, 4784639, -1 ]
   - [ 2.7995956420898438e+02, 3.5685162353515625e+02,
       6.9262375831604004e+00, 8.0618041992187500e+01,
       1.8327496945858002e-02, 14091008, -1 ]
   - [ 2.7995956420898438e+02, 3.5685162353515625e+02,
       6.9262375831604004e+00, 1.3931318664550781e+02,
       1.8327496945858002e-02, 14091008, -1 ]
   - [ 2.8267282104492188e+02, 3.0668472290039062e+02,
       3.1904666423797607e+00, 1.0488549804687500e+02,
       1.8942745402455330e-02, 8127487, -1 ]
   - [ 2.8382690429687500e+02, 3.0320031738281250e+02,
       2.7319934368133545e+00, 1.0079431152343750e+02,
       1.8951103091239929e-02, 13632255, -1 ]
   - [ 2.8429434204101562e+02, 4.2548150634765625e+02,
       1.8885773420333862e+00, 9.8259765625000000e+01,
       2.2868275642395020e-02, 3670527, -1 ]
   - [ 2.8534652709960938e+02, 4.5971411132812500e+02,
       4.3881530761718750e+00, 3.1577239990234375e+02,
       5.8005113154649734e-02, 14483712, -1 ]
   - [ 2.8759527587890625e+02, 3.7693426513671875e+02,
       2.4288308620452881e+00, 1.0650366210937500e+02,
       1.4864504337310791e-02, 5112575, -1 ]
   - [ 2.8847894287109375e+02, 4.1989572143554688e+02,
       1.1396534919738770e+01, 9.2190032958984375e+01,
       3.5052400082349777e-02, 16646657, -1 ]
   - [ 2.8877719116210938e+02, 3.7410147094726562e+02,
       8.1037635803222656e+00, 1.0266726684570312e+02,
       1.8787173554301262e-02, 8716545, -1 ]
   - [ 2.8889038085937500e+02, 4.2349932861328125e+02,
       4.6421928405761719e+00, 9.2162994384765625e+01,
       3.4851066768169403e-02, 1835520, -1 ]
   - [ 2.9109786987304688e+02, 3.5553695678710938e+02,
       4.5907721519470215e+00, 8.8912475585937500e+01,
       2.4161683395504951e-02, 1049088, -1 ]
   - [ 2.9130209350585938e+02, 4.1496044921875000e+02,
       3.3077208995819092e+00, 2.6205340576171875e+02,
       1.6837265342473984e-02, 10748927, -1 ]
   - [ 2.9301675415039062e+02, 3.8035150146484375e+02,
       2.2227003574371338e+00, 8.6545776367187500e+01,
       1.3476341962814331e-02, 15401471, -1 ]
   - [ 2.9321633911132812e+02, 3.6317178344726562e+02,
       6.6110358238220215e+00, 9.0027648925781250e+01,
       2.9057893902063370e-02, 10683136, -1 ]
   - [ 2.9665557861328125e+02, 3.8318182373046875e+02,
       6.1487264633178711e+00, 9.6030456542968750e+01,
       2.3263243958353996e-02, 5440256, -1 ]
