%YAML:1.0
---
maskKeypoints:
   - [ 6.2684070587158203e+01, 8.2495971679687500e+02,
       2.7950782775878906e+00, 9.7980468750000000e+01,
       9.7586490213871002e-02, 15270655, -1 ]
   - [ 6.2684070587158203e+01, 8.2495971679687500e+02,
       2.7950782775878906e+00, 2.9065396118164062e+02,
       9.7586490213871002e-02, 15270655, -1 ]
   - [ 1.4705989074707031e+02, 9.3049446105957031e+01,
       4.9811458587646484e+00, 6.4011840820312500e+00,
       5.0846911966800690e-02, 6947328, -1 ]
   - [ 1.5190606689453125e+02, 9.9291366577148438e+01,
       5.6385226249694824e+00, 6.1852722167968750e+00,
       6.5042331814765930e-02, 15925760, -1 ]
   - [ 1.5198175048828125e+02, 1.1293225860595703e+02,
       6.4900827407836914e+00, 3.5256979370117188e+02,
       6.7751809954643250e-02, 9372416, -1 ]
   - [ 1.5653355407714844e+02, 1.2661041259765625e+02,
       2.8262355327606201e+00, 3.0680285644531250e+02,
       6.2012191861867905e-02, 16057087, -1 ]
   - [ 1.5653355407714844e+02, 1.2661041259765625e+02,
       2.8262355327606201e+00, 3.2606832885742188e+02,
       6.2012191861867905e-02, 16057087, -1 ]
   - [ 1.5661376953125000e+02, 8.6319564819335938e+01,
       9.0421934127807617e+00, 5.0372009277343750e+01,
       7.3901407420635223e-02, 16646401, -1 ]
   - [ 1.5800428771972656e+02, 7.7005455017089844e+01,
       4.6275248527526855e+00, 5.7851501464843750e+01,
       6.2774911522865295e-02, 1638912, -1 ]
   - [ 1.5862783813476562e+02, 1.1021534729003906e+02,
       3.6286168098449707e+00, 1.3817292785644531e+02,
       1.7583042383193970e-02, 721152, -1 ]
   - [ 1.5890307617187500e+02, 7.8318038940429688e+01,
       2.2952303886413574e+00, 7.1140167236328125e+01,
       6.5701723098754883e-02, 1049343, -1 ]
   - [ 1.5890837097167969e+02, 1.1054423522949219e+02,
       3.3373920917510986e+00, 1.3182049560546875e+02,
       1.7652992159128189e-02, 11404287, -1 ]
   - [ 1.6056849670410156e+02, 9.6325538635253906e+01,
       5.1265058517456055e+00, 2.8208337402343750e+02,
       2.2423444315791130e-02, 9044480, -1 ]
   - [ 1.6117799377441406e+02, 1.0307263946533203e+02,
       4.0716962814331055e+00, 1.4284359741210938e+02,
       1.4914025552570820e-02, 9044224, -1 ]
   - [ 1.6117799377441406e+02, 1.0307263946533203e+02,
       4.0716962814331055e+00, 2.4761697387695312e+02,
       1.4914025552570820e-02, 9044224, -1 ]
   - [ 1.6817759704589844e+02, 7.5056076049804688e+01,
       6.7430725097656250e+00, 4.9147155761718750e+01,
       6.0115113854408264e-02, 12124928, -1 ]
   - [ 1.6997540283203125e+02, 6.7268623352050781e+01,
       3.6883301734924316e+00, 4.7420776367187500e+01,
       6.4068406820297241e-02, 1900800, -1 ]
   - [ 1.6997729492187500e+02, 9.2380729675292969e+01,
       5.1771531105041504e+00, 1.5531021118164062e+02,
       2.2886415943503380e-02, 9699840, -1 ]
   - [ 1.6997729492187500e+02, 9.2380729675292969e+01,
       5.1771531105041504e+00, 2.7332171630859375e+02,
       2.2886415943503380e-02, 9699840, -1 ]
   - [ 1.7032572937011719e+02, 6.7388229370117188e+01,
       3.2821691036224365e+00, 5.7457366943359375e+01,
       6.5546430647373199e-02, 10159103, -1 ]
   - [ 1.7270782470703125e+02, 8.6550186157226562e+01,
       4.6031336784362793e+00, 1.5320462036132812e+02,
       2.2252105176448822e-02, 1245696, -1 ]
   - [ 1.7270782470703125e+02, 8.6550186157226562e+01,
       4.6031336784362793e+00, 2.6791744995117188e+02,
       2.2252105176448822e-02, 1245696, -1 ]
   - [ 1.7374609375000000e+02, 9.9020904541015625e+01,
       4.2216811180114746e+00, 2.5162364196777344e+02,
       1.4640139415860176e-02, 11665664, -1 ]
   - [ 1.7770458984375000e+02, 6.2332744598388672e+01,
       2.2388379573822021e+00, 5.8590057373046875e+01,
       5.9230808168649673e-02, 15925759, -1 ]
   - [ 1.8309043884277344e+02, 1.4603721618652344e+02,
       3.6879718303680420e+00, 2.8072360229492188e+02,
       3.5947948694229126e-02, 1900800, -1 ]
   - [ 1.8361802673339844e+02, 7.3636749267578125e+01,
       4.0331511497497559e+00, 1.4171203613281250e+02,
       1.9681749865412712e-02, 8388864, -1 ]
   - [ 1.8530645751953125e+02, 5.6928565979003906e+01,
       2.8401932716369629e+00, 7.3194396972656250e+01,
       6.4802698791027069e-02, 16450303, -1 ]
   - [ 1.8569450378417969e+02, 9.4855766296386719e+01,
       3.8039510250091553e+00, 2.4886520385742188e+02,
       1.4698258601129055e-02, 4129024, -1 ]
   - [ 1.8667625427246094e+02, 8.9442665100097656e+01,
       4.1661219596862793e+00, 2.7543103027343750e+02,
       1.5789253637194633e-02, 10748160, -1 ]
   - [ 1.8867382812500000e+02, 5.5028106689453125e+01,
       1.9458106756210327e+00, 4.7157592773437500e+00,
       7.5741313397884369e-02, 5767679, -1 ]
   - [ 1.8867382812500000e+02, 5.5028106689453125e+01,
       1.9458106756210327e+00, 7.8731475830078125e+01,
       7.5741313397884369e-02, 5767679, -1 ]
   - [ 1.9310552978515625e+02, 7.9340164184570312e+01,
       2.7895817756652832e+00, 1.2152006530761719e+02,
       1.7446357756853104e-02, 15139583, -1 ]
   - [ 1.9310552978515625e+02, 7.9340164184570312e+01,
       2.7895817756652832e+00, 2.7464706420898438e+02,
       1.7446357756853104e-02, 15139583, -1 ]
   - [ 1.9539254760742188e+02, 1.1668575286865234e+02,
       7.5351710319519043e+00, 1.1106710815429688e+02,
       5.9292867779731750e-02, 3473665, -1 ]
   - [ 2.0090013122558594e+02, 8.0855873107910156e+01,
       5.2894225120544434e+00, 2.7393417358398438e+02,
       1.7705164849758148e-02, 11272704, -1 ]
   - [ 2.0390180969238281e+02, 1.5714524841308594e+02,
       1.8484802246093750e+01, 2.7820141601562500e+02,
       2.8901819139719009e-02, 1507842, -1 ]
   - [ 2.0863316345214844e+02, 1.0357858276367188e+02,
       1.7526723861694336e+01, 1.1466401672363281e+02,
       7.6592341065406799e-02, 14352642, -1 ]
   - [ 2.0863316345214844e+02, 1.0357858276367188e+02,
       1.7526723861694336e+01, 2.4616387939453125e+02,
       7.6592341065406799e-02, 14352642, -1 ]
   - [ 2.0904165649414062e+02, 1.1724336242675781e+02,
       2.2787575721740723e+00, 1.0233200073242188e+02,
       5.8114010840654373e-02, 525055, -1 ]
   - [ 2.0950048828125000e+02, 5.3163387298583984e+01,
       3.5327804088592529e+00, 7.7198883056640625e+01,
       5.2385862916707993e-02, 15533055, -1 ]
   - [ 2.1109725952148438e+02, 4.6345489501953125e+01,
       7.5004959106445312e+00, 7.1417510986328125e+01,
       5.4057784378528595e-02, 3145985, -1 ]
   - [ 2.1253068542480469e+02, 4.9447551727294922e+01,
       2.4876587390899658e+00, 7.7415802001953125e+01,
       6.2924250960350037e-02, 6882047, -1 ]
   - [ 2.1799244689941406e+02, 7.0779548645019531e+01,
       4.2205419540405273e+00, 1.1970481872558594e+02,
       2.5741612538695335e-02, 11665664, -1 ]
   - [ 2.2017607116699219e+02, 1.3229507446289062e+02,
       2.0838918685913086e+01, 1.2365251159667969e+02,
       8.0154471099376678e-02, 10158594, -1 ]
   - [ 2.2017607116699219e+02, 1.3229507446289062e+02,
       2.0838918685913086e+01, 2.7409338378906250e+02,
       8.0154471099376678e-02, 10158594, -1 ]
   - [ 2.2170225524902344e+02, 8.1291358947753906e+01,
       8.9402542114257812e+00, 2.5229629516601562e+02,
       4.0499936789274216e-02, 15794433, -1 ]
   - [ 2.2199667358398438e+02, 5.4442768096923828e+01,
       1.3435508728027344e+01, 7.3911773681640625e+01,
       6.1311751604080200e-02, 11862785, -1 ]
   - [ 2.2407710266113281e+02, 7.2947647094726562e+01,
       3.1593005657196045e+00, 1.1499945068359375e+02,
       1.7122337594628334e-02, 7406591, -1 ]
   - [ 2.2626852416992188e+02, 8.9110054016113281e+01,
       4.2228298187255859e+00, 2.5083004760742188e+02,
       3.5636905580759048e-02, 11731200, -1 ]
   - [ 2.2718852233886719e+02, 6.1039901733398438e+01,
       4.2833781242370605e+00, 1.3157836914062500e+02,
       1.4458926394581795e-02, 12714240, -1 ]
   - [ 2.2718852233886719e+02, 6.1039901733398438e+01,
       4.2833781242370605e+00, 2.8261465454101562e+02,
       1.4458926394581795e-02, 12714240, -1 ]
