%YAML:1.0
---
maskKeypoints:
   - [ 2.2508323669433594e+02, 1.1751199951171875e+03,
       4.9772348403930664e+00, 8.8913116455078125e+01,
       9.7227849066257477e-02, 6881792, -1 ]
   - [ 2.2508323669433594e+02, 1.1751199951171875e+03,
       4.9772348403930664e+00, 2.8863638305664062e+02,
       9.7227849066257477e-02, 6881792, -1 ]
   - [ 2.4063381958007812e+02, 1.1771987304687500e+03,
       5.2725620269775391e+00, 1.0391387939453125e+02,
       9.8836056888103485e-02, 11076096, -1 ]
   - [ 2.4063381958007812e+02, 1.1771987304687500e+03,
       5.2725620269775391e+00, 2.7097775268554688e+02,
       9.8836056888103485e-02, 11076096, -1 ]
   - [ 4.4500366210937500e+02, 7.5468170166015625e+02,
       3.3070728778839111e+00, 4.7706451416015625e+01,
       4.7163449227809906e-02, 10748927, -1 ]
   - [ 4.5344708251953125e+02, 7.7846362304687500e+02,
       3.3307872772216797e+01, 4.9786895751953125e+01,
       8.4759183228015900e-02, 10682627, -1 ]
   - [ 4.5344708251953125e+02, 7.7846362304687500e+02,
       3.3307872772216797e+01, 3.0927560424804688e+02,
       8.4759183228015900e-02, 10682627, -1 ]
   - [ 4.6381787109375000e+02, 7.9614099121093750e+02,
       6.4870743751525879e+00, 2.8936859130859375e+02,
       1.5610422939062119e-02, 9306880, -1 ]
   - [ 4.6494613647460938e+02, 8.0862469482421875e+02,
       5.0328488349914551e+00, 2.7752590942382812e+02,
       3.7114817649126053e-02, 7668224, -1 ]
   - [ 4.6514639282226562e+02, 7.4141967773437500e+02,
       5.2349848747253418e+00, 5.8904510498046875e+01,
       4.5548349618911743e-02, 10551808, -1 ]
   - [ 4.7484082031250000e+02, 7.6437664794921875e+02,
       1.3234727859497070e+01, 6.3398681640625000e+01,
       3.7180729210376740e-02, 10748673, -1 ]
   - [ 4.7628408813476562e+02, 7.7983721923828125e+02,
       1.0364189147949219e+01, 8.2538818359375000e+01,
       1.5234899707138538e-02, 9830913, -1 ]
   - [ 4.7709216308593750e+02, 7.6096099853515625e+02,
       3.2996957302093506e+00, 3.1301220703125000e+02,
       1.6576627269387245e-02, 10552319, -1 ]
   - [ 4.7888818359375000e+02, 7.5545721435546875e+02,
       5.3357477188110352e+00, 2.4272134399414062e+02,
       1.6436319798231125e-02, 11928064, -1 ]
   - [ 4.8321313476562500e+02, 7.1195135498046875e+02,
       2.4930685043334961e+01, 5.5605285644531250e+01,
       6.4522229135036469e-02, 6423298, -1 ]
   - [ 4.8343804931640625e+02, 8.2836572265625000e+02,
       2.5862877368927002e+00, 2.3657226562500000e-01,
       4.6646278351545334e-02, 9700095, -1 ]
   - [ 4.8371807861328125e+02, 7.9686370849609375e+02,
       5.3139715194702148e+00, 2.6103408813476562e+02,
       1.5129692852497101e-02, 11600384, -1 ]
   - [ 4.8704071044921875e+02, 8.2352294921875000e+02,
       4.5462164878845215e+00, 2.5732727050781250e+00,
       4.1306197643280029e-02, 328192, -1 ]
   - [ 4.8797827148437500e+02, 6.7765856933593750e+02,
       3.7266247272491455e+00, 3.4945663452148438e+02,
       3.6148451268672943e-02, 2687232, -1 ]
   - [ 4.9010211181640625e+02, 7.6219189453125000e+02,
       5.4225134849548340e+00, 5.2831146240234375e+01,
       1.6760835424065590e-02, 13107712, -1 ]
   - [ 4.9076330566406250e+02, 7.4946691894531250e+02,
       6.7062311172485352e+00, 2.6615481567382812e+02,
       1.5068452805280685e-02, 11731712, -1 ]
   - [ 4.9591775512695312e+02, 6.9510412597656250e+02,
       3.7008728981018066e+00, 3.3027160644531250e+02,
       3.2667256891727448e-02, 2162944, -1 ]
   - [ 4.9683358764648438e+02, 8.5529705810546875e+02,
       3.5553379058837891e+00, 3.0636166381835938e+02,
       4.0931645780801773e-02, 15991807, -1 ]
   - [ 4.9683526611328125e+02, 8.5513244628906250e+02,
       3.7435677051544189e+00, 3.0638821411132812e+02,
       4.0388669818639755e-02, 3014912, -1 ]
   - [ 4.9749734497070312e+02, 8.3731878662109375e+02,
       1.8632734298706055e+01, 3.3688171386718750e+02,
       4.8505473881959915e-02, 2097666, -1 ]
   - [ 4.9979589843750000e+02, 6.3506921386718750e+02,
       8.5800352096557617e+00, 3.1161834716796875e+01,
       4.6315636485815048e-02, 12845313, -1 ]
   - [ 5.0058996582031250e+02, 6.5447692871093750e+02,
       3.0156428813934326e+00, 3.1266006469726562e+02,
       1.4112258329987526e-02, 4064255, -1 ]
   - [ 5.0176837158203125e+02, 7.1420666503906250e+02,
       5.0757689476013184e+00, 9.9853515625000000e-01,
       4.2307194322347641e-02, 8323584, -1 ]
   - [ 5.0827487182617188e+02, 8.5296148681640625e+02,
       5.9152240753173828e+00, 2.7149810791015625e+02,
       1.5393533743917942e-02, 2687744, -1 ]
   - [ 5.0853012084960938e+02, 7.1338488769531250e+02,
       3.0554044246673584e+00, 1.3567196655273438e+02,
       1.3709419406950474e-02, 4981759, -1 ]
   - [ 5.1220007324218750e+02, 8.5369799804687500e+02,
       7.8439340591430664e+00, 2.7213589477539062e+02,
       1.5117676928639412e-02, 6357249, -1 ]
   - [ 5.1759497070312500e+02, 6.3089245605468750e+02,
       3.0937314033508301e+00, 3.6793792724609375e+01,
       1.3803721405565739e-02, 5899263, -1 ]
   - [ 5.2151037597656250e+02, 8.9352606201171875e+02,
       2.6101367473602295e+00, 2.9704342651367188e+02,
       5.0023268908262253e-02, 10355455, -1 ]
   - [ 5.2585449218750000e+02, 8.8075952148437500e+02,
       5.6643199920654297e+00, 2.8182995605468750e+02,
       1.5410591848194599e-02, 16253440, -1 ]
   - [ 5.3195471191406250e+02, 7.2285980224609375e+02,
       1.2826654434204102e+01, 9.8452392578125000e+01,
       1.4453164301812649e-02, 8520449, -1 ]
   - [ 5.3233886718750000e+02, 9.0435833740234375e+02,
       1.4951560974121094e+01, 3.1458102416992188e+02,
       5.8925572782754898e-02, 2883842, -1 ]
   - [ 5.3335278320312500e+02, 9.0268432617187500e+02,
       1.2408390045166016e+01, 3.1703741455078125e+02,
       5.9881966561079025e-02, 6095617, -1 ]
   - [ 5.3744879150390625e+02, 8.5719488525390625e+02,
       1.6431308746337891e+01, 2.7027890014648438e+02,
       2.4028029292821884e-02, 9699586, -1 ]
   - [ 5.3792828369140625e+02, 6.5027728271484375e+02,
       1.2025786399841309e+01, 2.5937677001953125e+02,
       1.3782186433672905e-02, 3867393, -1 ]
   - [ 5.3826177978515625e+02, 6.2648730468750000e+02,
       2.1168961524963379e+00, 1.0674627685546875e+02,
       1.7096098512411118e-02, 11862527, -1 ]
   - [ 5.3990100097656250e+02, 8.7393017578125000e+02,
       2.7359311580657959e+00, 1.0933244323730469e+02,
       1.4214004389941692e-02, 13763327, -1 ]
   - [ 5.4345721435546875e+02, 7.5891015625000000e+02,
       5.8600778579711914e+00, 1.9336463928222656e+02,
       1.6809506341814995e-02, 1966848, -1 ]
   - [ 5.4786895751953125e+02, 7.6561639404296875e+02,
       5.3857932090759277e+00, 6.1257690429687500e+01,
       1.4134174212813377e-02, 12583424, -1 ]
   - [ 5.4786895751953125e+02, 7.6561639404296875e+02,
       5.3857932090759277e+00, 1.5009204101562500e+02,
       1.4134174212813377e-02, 12583424, -1 ]
   - [ 5.4830249023437500e+02, 6.5391894531250000e+02,
       7.1369071960449219e+01, 2.6732910156250000e+01,
       6.3659571111202240e-02, 15663364, -1 ]
   - [ 5.4830249023437500e+02, 6.5391894531250000e+02,
       7.1369071960449219e+01, 8.6080596923828125e+01,
       6.3659571111202240e-02, 15663364, -1 ]
   - [ 5.4857733154296875e+02, 8.4620947265625000e+02,
       4.7367892265319824e+00, 2.6863925170898438e+02,
       1.4697175472974777e-02, 3277312, -1 ]
   - [ 5.4957678222656250e+02, 8.4180596923828125e+02,
       1.0827597618103027e+01, 2.6464965820312500e+02,
       1.3722183182835579e-02, 12976641, -1 ]
   - [ 5.5450421142578125e+02, 6.0788165283203125e+02,
       5.3228144645690918e+00, 8.5862670898437500e+01,
       4.3232481926679611e-02, 11731456, -1 ]
   - [ 5.5613366699218750e+02, 6.5391290283203125e+02,
       1.7333967208862305e+01, 2.5981768798828125e+02,
       1.3856790959835052e-02, 13566210, -1 ]
   - [ 5.5797589111328125e+02, 7.3795343017578125e+02,
       4.9731078147888184e+00, 1.3871687316894531e+02,
       1.3708749786019325e-02, 6816256, -1 ]
