%YAML:1.0
---
maskKeypoints:
   - [ 4.6010050773620605e+00, 1.0994129180908203e+02,
       2.7149345874786377e+00, 2.1598057556152344e+02,
       3.8015522062778473e-02, 13173503, -1 ]
   - [ 4.6010050773620605e+00, 1.0994129180908203e+02,
       2.7149345874786377e+00, 2.6164920043945312e+02,
       3.8015522062778473e-02, 13173503, -1 ]
   - [ 2.9628039550781250e+02, 4.7234185791015625e+02,
       4.1025810241699219e+00, 2.7830841064453125e+01,
       4.1721519082784653e-02, 9634048, -1 ]
   - [ 3.0652941894531250e+02, 4.7781497192382812e+02,
       3.1758019924163818e+00, 2.1024438476562500e+02,
       1.5060854144394398e-02, 7799807, -1 ]
   - [ 3.1288659667968750e+02, 6.3562957763671875e+02,
       1.3003066062927246e+01, 2.9061251831054688e+02,
       4.7164171934127808e-02, 9503489, -1 ]
   - [ 3.3526458740234375e+02, 4.8891400146484375e+02,
       3.9786987304687500e+00, 2.6313882446289062e+02,
       4.6954631805419922e-02, 7405824, -1 ]
   - [ 3.3580065917968750e+02, 5.7891522216796875e+02,
       4.6460680961608887e+00, 7.7306823730468750e+01,
       2.2578060626983643e-02, 1901056, -1 ]
   - [ 3.3785778808593750e+02, 6.4807946777343750e+02,
       7.4739489555358887e+00, 2.7738061523437500e+02,
       4.6490222215652466e-02, 2883841, -1 ]
   - [ 3.3794622802734375e+02, 6.4840014648437500e+02,
       7.0806999206542969e+00, 2.7806610107421875e+02,
       4.6763967722654343e-02, 15663872, -1 ]
   - [ 3.4089083862304688e+02, 5.7334063720703125e+02,
       4.2280893325805664e+00, 7.7400756835937500e+01,
       2.4805197492241859e-02, 11796736, -1 ]
   - [ 3.4872607421875000e+02, 4.8693508911132812e+02,
       3.9463067054748535e+00, 2.6009277343750000e+02,
       4.7516457736492157e-02, 6816000, -1 ]
   - [ 3.4986911010742188e+02, 5.7469439697265625e+02,
       3.1418979167938232e+00, 9.1917175292968750e+01,
       2.5775505229830742e-02, 7013375, -1 ]
   - [ 3.5421441650390625e+02, 6.5394934082031250e+02,
       3.8930070400238037e+00, 2.6397171020507812e+02,
       3.3615443855524063e-02, 5832960, -1 ]
   - [ 3.5476907348632812e+02, 6.1620013427734375e+02,
       6.0198585510253906e+01, 2.6246380615234375e+02,
       8.8575512170791626e-02, 3342596, -1 ]
   - [ 3.6515875244140625e+02, 5.7503033447265625e+02,
       3.6715519428253174e+00, 8.7789062500000000e+01,
       2.5696866214275360e-02, 1573120, -1 ]
   - [ 3.6575387573242188e+02, 5.7449847412109375e+02,
       2.9741721153259277e+00, 9.1113372802734375e+01,
       2.6210010051727295e-02, 3081215, -1 ]
   - [ 3.8855545043945312e+02, 6.0287030029296875e+02,
       3.0498166084289551e+00, 8.0761993408203125e+01,
       1.4717376790940762e-02, 4850687, -1 ]
   - [ 3.8856130981445312e+02, 4.4108139038085938e+02,
       6.1459522247314453e+01, 2.5671597290039062e+02,
       1.1958407610654831e-01, 4849924, -1 ]
   - [ 4.0114721679687500e+02, 3.9856951904296875e+02,
       2.3947298526763916e+00, 8.1870483398437500e+01,
       4.5832708477973938e-02, 4129535, -1 ]
   - [ 4.0373477172851562e+02, 5.8215008544921875e+02,
       4.8450894355773926e+00, 1.0118572998046875e+02,
       2.2626267746090889e-02, 4915712, -1 ]
   - [ 4.0903198242187500e+02, 5.7790490722656250e+02,
       4.7901473045349121e+00, 1.0139578247070312e+02,
       2.6379520073533058e-02, 4129280, -1 ]
   - [ 4.4917764282226562e+02, 6.2611700439453125e+02,
       4.2864851951599121e+00, 2.6313574218750000e+02,
       4.0129102766513824e-02, 12779776, -1 ]
   - [ 4.5417404174804688e+02, 4.5181787109375000e+02,
       2.7367231845855713e+00, 2.4989976501464844e+02,
       4.3611768633127213e-02, 13763327, -1 ]
   - [ 4.6146215820312500e+02, 5.1775189208984375e+02,
       7.9169692993164062e+01, 2.5386436462402344e+02,
       8.0071374773979187e-02, 6488580, -1 ]
   - [ 4.6855654907226562e+02, 4.4575744628906250e+02,
       2.6782739162445068e+00, 2.4851214599609375e+02,
       4.4856607913970947e-02, 12190463, -1 ]
   - [ 4.7532080078125000e+02, 6.2300109863281250e+02,
       4.0172634124755859e+00, 2.6493380737304688e+02,
       3.9987862110137939e-02, 8126720, -1 ]
   - [ 4.7787844848632812e+02, 4.4611477661132812e+02,
       4.0925345420837402e+00, 2.5229930114746094e+02,
       5.3441677242517471e-02, 9437440, -1 ]
   - [ 4.8136318969726562e+02, 3.9518576049804688e+02,
       4.8176617622375488e+00, 5.6794250488281250e+01,
       3.4838344901800156e-02, 4522496, -1 ]
   - [ 4.8183486938476562e+02, 4.0356295776367188e+02,
       3.8123829364776611e+00, 9.0428161621093750e+01,
       1.7553800716996193e-02, 4325632, -1 ]
   - [ 4.8535437011718750e+02, 4.0809872436523438e+02,
       4.2914595603942871e+00, 9.0524383544921875e+01,
       1.8078701570630074e-02, 12845312, -1 ]
   - [ 4.8944143676757812e+02, 6.2210577392578125e+02,
       4.3140678405761719e+00, 2.6478692626953125e+02,
       3.9118945598602295e-02, 13238528, -1 ]
   - [ 4.9072421264648438e+02, 6.3269018554687500e+02,
       2.0435348510742188e+01, 3.3888107299804688e+02,
       7.2790034115314484e-02, 8782338, -1 ]
   - [ 4.9507144165039062e+02, 3.8807052612304688e+02,
       2.1017644405364990e+00, 6.6853759765625000e+01,
       4.7332014888525009e-02, 11403775, -1 ]
   - [ 4.9722360229492188e+02, 4.3839303588867188e+02,
       1.9785994291305542e+00, 2.5626196289062500e+02,
       4.4446591287851334e-02, 7012863, -1 ]
   - [ 4.9782882690429688e+02, 4.7956082153320312e+02,
       5.3564098358154297e+01, 2.5052249145507812e+02,
       7.4318185448646545e-02, 11600643, -1 ]
   - [ 5.0085678100585938e+02, 5.8715765380859375e+02,
       6.5019783973693848e+00, 7.7868377685546875e+01,
       2.2570811212062836e-02, 9503488, -1 ]
   - [ 5.0157522583007812e+02, 4.0293600463867188e+02,
       3.4714696407318115e+00, 8.9054443359375000e+01,
       1.5985958278179169e-02, 14222335, -1 ]
   - [ 5.0356268310546875e+02, 6.4649005126953125e+02,
       8.0313243865966797e+00, 3.4047509765625000e+02,
       5.1986407488584518e-02, 8061185, -1 ]
   - [ 5.0529739379882812e+02, 5.7900946044921875e+02,
       2.4163854122161865e+00, 6.0206512451171875e+01,
       3.2211370766162872e-02, 4784895, -1 ]
   - [ 5.0861566162109375e+02, 4.2424798583984375e+02,
       5.9801011085510254e+00, 2.2401425170898438e+02,
       3.5410266369581223e-02, 3474176, -1 ]
   - [ 5.1040655517578125e+02, 5.7801293945312500e+02,
       1.8282495737075806e+00, 2.7549078369140625e+02,
       1.4141405001282692e-02, 1311231, -1 ]
   - [ 5.1044219970703125e+02, 4.1619924926757812e+02,
       4.1515054702758789e+00, 2.2604418945312500e+02,
       1.5870442613959312e-02, 10486016, -1 ]
   - [ 5.1065811157226562e+02, 6.3587628173828125e+02,
       9.4832267761230469e+00, 3.4478509521484375e+02,
       5.9457324445247650e-02, 3342849, -1 ]
   - [ 5.1074435424804688e+02, 3.7482116699218750e+02,
       1.6906185150146484e+01, 7.3233215332031250e+01,
       3.5698529332876205e-02, 11796738, -1 ]
   - [ 5.1502581787109375e+02, 4.2591305541992188e+02,
       2.7976448535919189e+00, 8.2422760009765625e+01,
       1.6369922086596489e-02, 15336191, -1 ]
   - [ 5.1615435791015625e+02, 6.1405834960937500e+02,
       5.8149638175964355e+00, 7.9440979003906250e+01,
       1.8797889351844788e-02, 1442560, -1 ]
   - [ 5.1730609130859375e+02, 4.3432107543945312e+02,
       2.1798882484436035e+00, 2.5611264038085938e+02,
       3.7925522774457932e-02, 14025215, -1 ]
   - [ 5.1733276367187500e+02, 4.1346487426757812e+02,
       3.7540168762207031e+00, 2.2112753295898438e+02,
       2.2235238924622536e-02, 3211520, -1 ]
   - [ 5.1885571289062500e+02, 5.4968798828125000e+02,
       6.4169211387634277e+00, 2.0880798339843750e+01,
       6.2150564044713974e-02, 8520448, -1 ]
   - [ 5.2144250488281250e+02, 4.3344204711914062e+02,
       1.9835627079010010e+00, 2.5304769897460938e+02,
       3.5751711577177048e-02, 7209471, -1 ]
   - [ 5.2201660156250000e+02, 3.7881225585937500e+02,
       2.6938664913177490e+00, 6.5302337646484375e+01,
       3.8838904350996017e-02, 12583679, -1 ]
