%YAML:1.0
---
maskKeypoints:
   - [ 1.2094985198974609e+02, 6.8955316162109375e+02,
       3.1479780673980713e+00, 1.0919686889648438e+02,
       5.3128007799386978e-02, 7144447, -1 ]
   - [ 1.2884071350097656e+02, 7.3322674560546875e+02,
       4.9941797256469727e+00, 3.4049209594726562e+02,
       2.3094983771443367e-02, 7143936, -1 ]
   - [ 1.4366015625000000e+02, 7.2636566162109375e+02,
       1.8770885467529297e+01, 1.5980700683593750e+02,
       7.3802784085273743e-02, 2621954, -1 ]
   - [ 1.4366015625000000e+02, 7.2636566162109375e+02,
       1.8770885467529297e+01, 3.3481713867187500e+02,
       7.3802784085273743e-02, 2621954, -1 ]
   - [ 1.4497915649414062e+02, 7.1058807373046875e+02,
       3.4082946777343750e+00, 1.4996685791015625e+02,
       4.5069642364978790e-02, 12911615, -1 ]
   - [ 1.5346044921875000e+02, 7.3384698486328125e+02,
       2.3909294605255127e+00, 1.8163499450683594e+02,
       5.0614301115274429e-02, 3998463, -1 ]
   - [ 1.8758064270019531e+02, 1.5765418701171875e+03,
       5.1451487541198730e+00, 1.2107321166992188e+02,
       1.3889953494071960e-01, 9306624, -1 ]
   - [ 1.8758064270019531e+02, 1.5765418701171875e+03,
       5.1451487541198730e+00, 2.9172180175781250e+02,
       1.3889953494071960e-01, 9306624, -1 ]
   - [ 3.0593606567382812e+02, 1.2090791015625000e+03,
       2.8244915008544922e+00, 1.0633628845214844e+02,
       1.0040414333343506e-01, 16057087, -1 ]
   - [ 3.0593606567382812e+02, 1.2090791015625000e+03,
       2.8244915008544922e+00, 3.1287643432617188e+02,
       1.0040414333343506e-01, 16057087, -1 ]
   - [ 3.5837741088867188e+02, 1.7131455078125000e+03,
       1.9568382501602173e+00, 4.4834533691406250e+01,
       5.8006335049867630e-02, 6226431, -1 ]
   - [ 3.5837741088867188e+02, 1.7131455078125000e+03,
       1.9568382501602173e+00, 5.8683349609375000e+01,
       5.8006335049867630e-02, 6226431, -1 ]
   - [ 3.5942599487304688e+02, 1.6908594970703125e+03,
       1.8873672485351562e+01, 1.2047668457031250e+01,
       4.8717930912971497e-02, 3015170, -1 ]
   - [ 3.6949575805664062e+02, 1.6968809814453125e+03,
       1.9985630512237549e+00, 1.0209625244140625e+01,
       5.9862162917852402e-02, 7733759, -1 ]
   - [ 3.6949575805664062e+02, 1.6968809814453125e+03,
       1.9985630512237549e+00, 4.4561279296875000e+01,
       5.9862162917852402e-02, 7733759, -1 ]
   - [ 3.7115832519531250e+02, 1.6623150634765625e+03,
       4.5731086730957031e+00, 8.1412963867187500e+00,
       4.4689249247312546e-02, 786944, -1 ]
   - [ 3.8396636962890625e+02, 1.6344512939453125e+03,
       3.2749276161193848e+00, 2.7604675292968750e+00,
       5.8888375759124756e-02, 10028031, -1 ]
   - [ 3.8396636962890625e+02, 1.6344512939453125e+03,
       3.2749276161193848e+00, 4.4781127929687500e+01,
       5.8888375759124756e-02, 10028031, -1 ]
   - [ 3.8428247070312500e+02, 1.6745377197265625e+03,
       2.1306653976440430e+01, 9.3693237304687500e+00,
       6.2237687408924103e-02, 11796994, -1 ]
   - [ 3.8928378295898438e+02, 1.6358841552734375e+03,
       9.9097595214843750e+00, 2.8400115966796875e+01,
       6.3956305384635925e-02, 6554113, -1 ]
   - [ 3.9212478637695312e+02, 1.6115292968750000e+03,
       1.8824964523315430e+01, 2.2097503662109375e+01,
       5.5877413600683212e-02, 2818562, -1 ]
   - [ 4.0124539184570312e+02, 1.6343627929687500e+03,
       5.6663222312927246e+00, 8.9373779296875000e-01,
       1.9111432135105133e-02, 16253440, -1 ]
   - [ 4.0124539184570312e+02, 1.6343627929687500e+03,
       5.6663222312927246e+00, 1.4148924255371094e+02,
       1.9111432135105133e-02, 16253440, -1 ]
   - [ 4.0606600952148438e+02, 1.6055607910156250e+03,
       3.8909852504730225e+00, 4.6284179687500000e+00,
       4.3387934565544128e-02, 5767424, -1 ]
   - [ 4.0727798461914062e+02, 1.5980189208984375e+03,
       4.2467508316040039e+00, 9.1119995117187500e+00,
       4.1807420551776886e-02, 12124416, -1 ]
   - [ 4.0797598266601562e+02, 1.5891042480468750e+03,
       3.6562721729278564e+00, 8.8645935058593750e+00,
       4.2112074792385101e-02, 1310976, -1 ]
   - [ 4.1315686035156250e+02, 1.6958222656250000e+03,
       2.0696102142333984e+01, 2.1774214172363281e+02,
       1.3529352843761444e-02, 9699842, -1 ]
   - [ 4.1609771728515625e+02, 1.5501562500000000e+03,
       4.7759103775024414e+00, 1.4810241699218750e+01,
       4.0752746164798737e-02, 3867136, -1 ]
   - [ 4.3435986328125000e+02, 1.4979547119140625e+03,
       7.6081161499023438e+00, 2.4227325439453125e+01,
       4.1231524199247360e-02, 4129025, -1 ]
   - [ 4.3830850219726562e+02, 5.8535491943359375e+02,
       7.9276466369628906e+00, 5.0052856445312500e+01,
       4.5197010040283203e-02, 7143681, -1 ]
   - [ 4.5104382324218750e+02, 1.6549655761718750e+03,
       8.9229383468627930e+00, 7.8502166748046875e+01,
       1.6038170084357262e-02, 15663361, -1 ]
   - [ 4.5104382324218750e+02, 1.6549655761718750e+03,
       8.9229383468627930e+00, 2.7568344116210938e+02,
       1.6038170084357262e-02, 15663361, -1 ]
   - [ 4.5159915161132812e+02, 1.5194217529296875e+03,
       9.9257879257202148e+00, 1.9829943847656250e+02,
       1.4781224541366100e-02, 6685185, -1 ]
   - [ 4.5173214721679688e+02, 1.4643875732421875e+03,
       1.0079360961914062e+01, 2.7846252441406250e+01,
       4.1300993412733078e-02, 7799297, -1 ]
   - [ 4.5547625732421875e+02, 1.6882384033203125e+03,
       9.8454656600952148e+00, 3.0377923583984375e+02,
       1.4329145662486553e-02, 6095361, -1 ]
   - [ 4.5948532104492188e+02, 1.7018210449218750e+03,
       9.8045368194580078e+00, 2.8015136718750000e+00,
       1.9612770527601242e-02, 5767681, -1 ]
   - [ 4.5948532104492188e+02, 1.7018210449218750e+03,
       9.8045368194580078e+00, 3.0575772094726562e+02,
       1.9612770527601242e-02, 5767681, -1 ]
   - [ 4.6247308349609375e+02, 1.6684134521484375e+03,
       1.2979329109191895e+01, 7.8064605712890625e+01,
       1.7702000215649605e-02, 9372417, -1 ]
   - [ 4.6247308349609375e+02, 1.6684134521484375e+03,
       1.2979329109191895e+01, 2.8769641113281250e+02,
       1.7702000215649605e-02, 9372417, -1 ]
   - [ 4.7980307006835938e+02, 1.6987292480468750e+03,
       2.1723735809326172e+01, 1.2739990234375000e+01,
       1.3417818583548069e-02, 13173250, -1 ]
   - [ 4.8525753784179688e+02, 1.6695477294921875e+03,
       1.0412578582763672e+01, 2.9149865722656250e+02,
       1.4924828894436359e-02, 10158593, -1 ]
   - [ 4.8572900390625000e+02, 1.5869063720703125e+03,
       1.1573117256164551e+01, 6.4803131103515625e+01,
       2.2876683622598648e-02, 1049345, -1 ]
   - [ 4.8572900390625000e+02, 1.5869063720703125e+03,
       1.1573117256164551e+01, 2.0036166381835938e+02,
       2.2876683622598648e-02, 1049345, -1 ]
   - [ 4.8658407592773438e+02, 5.6392437744140625e+02,
       1.1348681449890137e+01, 5.7426330566406250e+01,
       5.5116429924964905e-02, 16384513, -1 ]
   - [ 4.8747064208984375e+02, 1.6003905029296875e+03,
       7.0429167747497559e+00, 5.8515869140625000e+01,
       1.7695292830467224e-02, 15270656, -1 ]
   - [ 4.9412149047851562e+02, 6.3390863037109375e+02,
       3.8320071697235107e+00, 2.8008837890625000e+02,
       4.3999876827001572e-02, 4653312, -1 ]
   - [ 5.0491326904296875e+02, 1.6606934814453125e+03,
       1.6477750778198242e+01, 1.9160371398925781e+02,
       2.0089529454708099e-02, 9896194, -1 ]
   - [ 5.0613284301757812e+02, 6.3613732910156250e+02,
       4.1597914695739746e+00, 2.8002441406250000e+02,
       4.7087598592042923e-02, 10617088, -1 ]
   - [ 5.0633984375000000e+02, 1.3857181396484375e+03,
       6.4347109794616699e+00, 3.8625000000000000e+01,
       3.7451691925525665e-02, 8717056, -1 ]
   - [ 5.0820901489257812e+02, 1.5660892333984375e+03,
       3.5336644649505615e+00, 2.3556704711914062e+02,
       2.7400324121117592e-02, 15533055, -1 ]
   - [ 5.0875357055664062e+02, 1.5691885986328125e+03,
       7.9619593620300293e+00, 8.2782012939453125e+01,
       5.7489361613988876e-02, 7471361, -1 ]
