%YAML:1.0
---
maskKeypoints:
   - [ 1.9889413833618164e+01, 4.2089923095703125e+02,
       1.1062747001647949e+01, 1.4069628906250000e+02,
       8.0966241657733917e-02, 14549505, -1 ]
   - [ 1.9889413833618164e+01, 4.2089923095703125e+02,
       1.1062747001647949e+01, 3.2368798828125000e+02,
       8.0966241657733917e-02, 14549505, -1 ]
   - [ 2.3998931884765625e+02, 2.9893829345703125e+02,
       5.4557948112487793e+00, 3.2589263916015625e+01,
       8.4771357476711273e-02, 13500928, -1 ]
   - [ 2.4480993652343750e+02, 2.9126028442382812e+02,
       4.2286319732666016e+00, 4.4102020263671875e+01,
       5.7000890374183655e-02, 11796736, -1 ]
   - [ 2.4568313598632812e+02, 2.9827700805664062e+02,
       3.5162217617034912e+00, 2.0620927429199219e+02,
       1.9770031794905663e-02, 15205375, -1 ]
   - [ 2.4716976928710938e+02, 3.0498352050781250e+02,
       4.2024521827697754e+00, 2.9013391113281250e+02,
       4.2699895799160004e-02, 11337984, -1 ]
   - [ 2.4907243347167969e+02, 2.8722970581054688e+02,
       4.3630766868591309e+00, 4.7774627685546875e+01,
       5.1113363355398178e-02, 14090496, -1 ]
   - [ 2.5836206054687500e+02, 3.1197042846679688e+02,
       3.9003543853759766e+00, 2.8213635253906250e+02,
       4.7004368156194687e-02, 5964032, -1 ]
   - [ 2.5925921630859375e+02, 2.7783273315429688e+02,
       3.7776641845703125e+00, 4.9943847656250000e+01,
       5.6767690926790237e-02, 3670272, -1 ]
   - [ 2.6477551269531250e+02, 3.0863925170898438e+02,
       4.6180872917175293e+00, 2.8091415405273438e+02,
       4.8084139823913574e-02, 1442304, -1 ]
   - [ 2.7321069335937500e+02, 3.1133816528320312e+02,
       2.1534407138824463e+00, 2.7891876220703125e+02,
       5.0747733563184738e-02, 13107711, -1 ]
   - [ 2.7380441284179688e+02, 3.0989190673828125e+02,
       4.3240928649902344e+00, 2.7594268798828125e+02,
       4.9107328057289124e-02, 13435136, -1 ]
   - [ 2.7382693481445312e+02, 3.0940023803710938e+02,
       5.1903781890869141e+00, 2.7709771728515625e+02,
       4.8134941607713699e-02, 9896448, -1 ]
   - [ 2.8986059570312500e+02, 2.5920803833007812e+02,
       4.4688067436218262e+00, 6.6177001953125000e+01,
       5.9610731899738312e-02, 15794432, -1 ]
   - [ 2.9649002075195312e+02, 2.5677502441406250e+02,
       4.3830471038818359e+00, 6.9812591552734375e+01,
       5.9138230979442596e-02, 14418176, -1 ]
   - [ 3.1983889770507812e+02, 4.0161895751953125e+02,
       3.0126099586486816e+00, 7.9412963867187500e+01,
       3.7129648029804230e-02, 3998719, -1 ]
   - [ 3.2397137451171875e+02, 2.5031221008300781e+02,
       5.0767245292663574e+00, 7.9376983642578125e+01,
       5.5136136710643768e-02, 8323584, -1 ]
   - [ 3.2690411376953125e+02, 2.4551239013671875e+02,
       2.6504678726196289e+00, 8.2230865478515625e+01,
       4.9819938838481903e-02, 11469567, -1 ]
   - [ 3.2777511596679688e+02, 4.4875387573242188e+02,
       8.1030435562133789e+00, 2.9826293945312500e+02,
       4.0935039520263672e-02, 8716545, -1 ]
   - [ 3.2963519287109375e+02, 4.2337576293945312e+02,
       2.2831737995147705e+00, 9.0762145996093750e+01,
       1.9926123321056366e-02, 656127, -1 ]
   - [ 3.3821578979492188e+02, 4.0926922607421875e+02,
       4.7091803550720215e+00, 8.5570251464843750e+01,
       1.7099412158131599e-02, 2884096, -1 ]
   - [ 3.3859628295898438e+02, 3.9869619750976562e+02,
       3.5208656787872314e+00, 9.3502746582031250e+01,
       2.6921769604086876e-02, 15270911, -1 ]
   - [ 3.4634866333007812e+02, 3.9994171142578125e+02,
       5.0637025833129883e+00, 9.3501922607421875e+01,
       2.5768298655748367e-02, 8126976, -1 ]
   - [ 3.4652716064453125e+02, 4.3054525756835938e+02,
       4.7444824218750000e+01, 9.5410736083984375e+01,
       1.0352853685617447e-01, 2818819, -1 ]
   - [ 3.4652716064453125e+02, 4.3054525756835938e+02,
       4.7444824218750000e+01, 2.7200720214843750e+02,
       1.0352853685617447e-01, 2818819, -1 ]
   - [ 3.5094985961914062e+02, 4.3078131103515625e+02,
       2.3257818222045898e+00, 2.2987376403808594e+02,
       1.3706549070775509e-02, 1966847, -1 ]
   - [ 3.5136108398437500e+02, 3.1188720703125000e+02,
       2.3404324054718018e+00, 2.6136254882812500e+02,
       5.5054362863302231e-02, 2425599, -1 ]
   - [ 3.5485690307617188e+02, 4.2557794189453125e+02,
       3.1707324981689453e+00, 9.0066253662109375e+01,
       1.5657402575016022e-02, 7668735, -1 ]
   - [ 3.7418484497070312e+02, 4.5816253662109375e+02,
       4.0022101402282715e+00, 2.5366087341308594e+02,
       4.3567132204771042e-02, 7799040, -1 ]
   - [ 3.7926913452148438e+02, 3.0891647338867188e+02,
       3.9518227577209473e+00, 2.5773114013671875e+02,
       5.6365754455327988e-02, 6881536, -1 ]
   - [ 3.9440731811523438e+02, 4.5297775268554688e+02,
       3.8293697834014893e+00, 2.5787710571289062e+02,
       4.1985157877206802e-02, 4653312, -1 ]
   - [ 3.9835214233398438e+02, 4.2608050537109375e+02,
       2.0717017650604248e+00, 9.1827728271484375e+01,
       1.6580311581492424e-02, 10355199, -1 ]
   - [ 4.0142691040039062e+02, 3.0294625854492188e+02,
       2.5263555049896240e+00, 2.5883248901367188e+02,
       5.4644852876663208e-02, 7996159, -1 ]
   - [ 4.0175027465820312e+02, 4.5177203369140625e+02,
       3.6285126209259033e+00, 2.5993133544921875e+02,
       3.9543036371469498e-02, 721152, -1 ]
   - [ 4.0992272949218750e+02, 3.0214089965820312e+02,
       4.4068431854248047e+00, 2.5849874877929688e+02,
       5.5221460759639740e-02, 14811392, -1 ]
   - [ 4.1915524291992188e+02, 2.4077983093261719e+02,
       2.4837026596069336e+01, 9.4094696044921875e+01,
       5.6269943714141846e-02, 6161154, -1 ]
   - [ 4.2168252563476562e+02, 8.5479034423828125e+02,
       4.5772204399108887e+00, 2.0663482666015625e+01,
       5.4063007235527039e-02, 852480, -1 ]
   - [ 4.2546636962890625e+02, 2.9331399536132812e+02,
       3.2401967048645020e+00, 2.5510461425781250e+02,
       5.5292699486017227e-02, 9241599, -1 ]
   - [ 4.2812313842773438e+02, 4.2909222412109375e+02,
       2.0053570270538330e+00, 9.4459869384765625e+01,
       1.6045711934566498e-02, 7995903, -1 ]
   - [ 4.2948721313476562e+02, 8.3655493164062500e+02,
       8.2531251907348633e+00, 2.7089874267578125e+01,
       5.8370158076286316e-02, 10027265, -1 ]
   - [ 4.3070779418945312e+02, 8.5070208740234375e+02,
       7.9373698234558105e+00, 2.7250701904296875e+01,
       6.4216613769531250e-02, 7209217, -1 ]
   - [ 4.3354815673828125e+02, 4.1822653198242188e+02,
       3.5765779018402100e+00, 9.0406890869140625e+01,
       2.0659130066633224e-02, 16385023, -1 ]
   - [ 4.3372131347656250e+02, 3.5555953979492188e+02,
       7.2455993652343750e+01, 2.6234155273437500e+02,
       8.0082282423973083e-02, 66052, -1 ]
   - [ 4.3484329223632812e+02, 8.5716497802734375e+02,
       4.5370988845825195e+00, 2.2753967285156250e+01,
       1.4704022556543350e-02, 197120, -1 ]
   - [ 4.3484329223632812e+02, 8.5716497802734375e+02,
       4.5370988845825195e+00, 2.4862164306640625e+02,
       1.4704022556543350e-02, 197120, -1 ]
   - [ 4.3504849243164062e+02, 4.3035888671875000e+02,
       3.1937942504882812e+00, 9.7261688232421875e+01,
       1.4286858029663563e-02, 8193023, -1 ]
   - [ 4.3589526367187500e+02, 2.6011483764648438e+02,
       2.1001553535461426e+00, 9.6231109619140625e+01,
       2.9463345184922218e-02, 11338239, -1 ]
   - [ 4.3913699340820312e+02, 8.3046282958984375e+02,
       5.5584535598754883e+00, 2.2083282470703125e+01,
       6.1427466571331024e-02, 14877184, -1 ]
   - [ 4.4042056274414062e+02, 8.3571343994140625e+02,
       2.4387214183807373e+00, 4.5634216308593750e+01,
       1.5071277506649494e-02, 5440255, -1 ]
   - [ 4.4042056274414062e+02, 8.3571343994140625e+02,
       2.4387214183807373e+00, 2.4763713073730469e+02,
       1.5071277506649494e-02, 5440255, -1 ]
   - [ 4.4051196289062500e+02, 8.1527148437500000e+02,
       6.5541338920593262e+00, 2.8695098876953125e+01,
       5.1327455788850784e-02, 10093312, -1 ]
