%YAML:1.0
---
maskKeypoints:
   - [ 1.2229650878906250e+02, 3.6974423217773438e+02,
       3.6666932106018066e+00, 3.4954385375976562e+02,
       2.0426061004400253e-02, 1507584, -1 ]
   - [ 1.2445467376708984e+02, 3.7893383789062500e+02,
       5.9630117416381836e+00, 3.3984335327148438e+02,
       2.2816693410277367e-02, 3212032, -1 ]
   - [ 1.2583573150634766e+02, 3.6513897705078125e+02,
       2.6527521610260010e+00, 1.1018815612792969e+02,
       5.5182110518217087e-02, 11535103, -1 ]
   - [ 1.3655088806152344e+02, 3.8244323730468750e+02,
       8.7837705612182617e+00, 1.5194750976562500e+02,
       7.4984014034271240e-02, 14549249, -1 ]
   - [ 1.3655088806152344e+02, 3.8244323730468750e+02,
       8.7837705612182617e+00, 3.3474600219726562e+02,
       7.4984014034271240e-02, 14549249, -1 ]
   - [ 1.6390589904785156e+02, 8.0526416015625000e+02,
       1.8966239690780640e+00, 2.0126708984375000e+02,
       1.6096192598342896e-01, 3932671, -1 ]
   - [ 1.6390589904785156e+02, 8.0526416015625000e+02,
       1.8966239690780640e+00, 2.4919274902343750e+02,
       1.6096192598342896e-01, 3932671, -1 ]
   - [ 1.6390589904785156e+02, 8.0526416015625000e+02,
       1.8966239690780640e+00, 3.5027359008789062e+02,
       1.6096192598342896e-01, 3932671, -1 ]
   - [ 3.0514266967773438e+02, 3.0508105468750000e+02,
       5.2615303993225098e+00, 3.9490417480468750e+01,
       8.9582532644271851e-02, 10879488, -1 ]
   - [ 3.0915209960937500e+02, 3.1040844726562500e+02,
       3.3286426067352295e+00, 2.9605441284179688e+02,
       4.4900503009557724e-02, 11207679, -1 ]
   - [ 3.1063604736328125e+02, 2.9807113647460938e+02,
       4.0837984085083008e+00, 4.9941650390625000e+01,
       5.5219326168298721e-02, 9306368, -1 ]
   - [ 3.1075997924804688e+02, 3.0517593383789062e+02,
       3.3778710365295410e+00, 2.0877917480468750e+02,
       1.9090438261628151e-02, 12256255, -1 ]
   - [ 3.1598754882812500e+02, 2.9401940917968750e+02,
       4.1170120239257812e+00, 5.0278503417968750e+01,
       5.2038304507732391e-02, 9896192, -1 ]
   - [ 3.2720764160156250e+02, 2.8577252197265625e+02,
       4.0929007530212402e+00, 5.4366943359375000e+01,
       5.9998907148838043e-02, 9437440, -1 ]
   - [ 3.2856851196289062e+02, 2.8013400268554688e+02,
       3.0573215484619141e+00, 5.6740478515625000e+01,
       4.8223752528429031e-02, 5047295, -1 ]
   - [ 3.3120422363281250e+02, 3.1678363037109375e+02,
       4.3533024787902832e+00, 2.8378524780273438e+02,
       4.9517992883920670e-02, 13893888, -1 ]
   - [ 3.4400021362304688e+02, 8.5218646240234375e+02,
       4.3870043754577637e+00, 3.2468511962890625e+02,
       6.8741530179977417e-02, 14483712, -1 ]
   - [ 3.4784381103515625e+02, 3.2375317382812500e+02,
       3.6268508434295654e+00, 2.8001379394531250e+02,
       5.0781656056642532e-02, 721152, -1 ]
   - [ 3.5066580200195312e+02, 8.3659637451171875e+02,
       1.4722839355468750e+01, 2.9114074707031250e+00,
       8.9894868433475494e-02, 1769730, -1 ]
   - [ 3.5066580200195312e+02, 8.3659637451171875e+02,
       1.4722839355468750e+01, 3.6630004882812500e+01,
       8.9894868433475494e-02, 1769730, -1 ]
   - [ 3.5477658081054688e+02, 3.2480798339843750e+02,
       3.7402215003967285e+00, 2.7974612426757812e+02,
       5.1252402365207672e-02, 2949376, -1 ]
   - [ 3.5511886596679688e+02, 4.3077593994140625e+02,
       2.3296341896057129e+00, 3.5336926269531250e+02,
       5.2728362381458282e-02, 2097919, -1 ]
   - [ 3.5940039062500000e+02, 2.7077871704101562e+02,
       4.9967851638793945e+00, 7.1329376220703125e+01,
       5.8178212493658066e-02, 7143936, -1 ]
   - [ 3.6226220703125000e+02, 7.9003863525390625e+02,
       3.9651219844818115e+00, 8.9393310546875000e+00,
       5.4611045867204666e-02, 7143680, -1 ]
   - [ 3.6249148559570312e+02, 8.4870776367187500e+02,
       9.2802991867065430e+00, 2.1468707275390625e+02,
       1.9529387354850769e-02, 1835521, -1 ]
   - [ 3.6496020507812500e+02, 3.2613150024414062e+02,
       4.2689104080200195e+00, 2.7809591674804688e+02,
       5.5673267692327499e-02, 12517632, -1 ]
   - [ 3.6620324707031250e+02, 7.8038800048828125e+02,
       5.9926276206970215e+00, 2.4986907958984375e+01,
       6.4119264483451843e-02, 3605248, -1 ]
   - [ 3.6680194091796875e+02, 4.5118319702148438e+02,
       5.0832571983337402e+00, 3.1015249633789062e+02,
       4.1066877543926239e-02, 8389120, -1 ]
   - [ 3.6697860717773438e+02, 8.2457592773437500e+02,
       2.7793126106262207e+00, 2.5813568115234375e+01,
       2.3394403979182243e-02, 14877439, -1 ]
   - [ 3.6697860717773438e+02, 8.2457592773437500e+02,
       2.7793126106262207e+00, 2.1031741333007812e+02,
       2.3394403979182243e-02, 14877439, -1 ]
   - [ 3.6748583984375000e+02, 8.3345166015625000e+02,
       2.7149951457977295e+00, 1.9808651733398438e+02,
       1.4275470748543739e-02, 13173503, -1 ]
   - [ 3.6806463623046875e+02, 7.6376519775390625e+02,
       1.2812547683715820e+01, 1.1419311523437500e+01,
       5.4508328437805176e-02, 8454913, -1 ]
   - [ 3.6852966308593750e+02, 8.1698919677734375e+02,
       3.5263092517852783e+00, 3.1458020019531250e+02,
       2.1052312105894089e-02, 15401983, -1 ]
   - [ 3.6888775634765625e+02, 8.0057562255859375e+02,
       1.3347434043884277e+01, 7.1984863281250000e-01,
       6.6601224243640900e-02, 11404033, -1 ]
   - [ 3.6988739013671875e+02, 4.1206265258789062e+02,
       8.0203876495361328e+00, 7.0889892578125000e+01,
       3.1889252364635468e-02, 7995649, -1 ]
   - [ 3.7091989135742188e+02, 4.1375234985351562e+02,
       4.8083028793334961e+00, 7.2129638671875000e+01,
       3.3144559711217880e-02, 4391424, -1 ]
   - [ 3.7159396362304688e+02, 7.7850537109375000e+02,
       2.7086994647979736e+00, 1.3898944091796875e+02,
       1.6958964988589287e-02, 13042431, -1 ]
   - [ 3.7176519775390625e+02, 3.2264953613281250e+02,
       4.4722309112548828e+00, 2.7664666748046875e+02,
       5.2131365984678268e-02, 15859968, -1 ]
   - [ 3.7410662841796875e+02, 8.1906738281250000e+02,
       3.9415104389190674e+00, 1.9857252502441406e+02,
       1.5967126935720444e-02, 6750464, -1 ]
   - [ 3.7410662841796875e+02, 8.1906738281250000e+02,
       3.9415104389190674e+00, 2.4732238769531250e+02,
       1.5967126935720444e-02, 6750464, -1 ]
   - [ 3.7667959594726562e+02, 8.3213586425781250e+02,
       8.4264860153198242e+00, 1.9750236511230469e+02,
       1.3597012497484684e-02, 11534593, -1 ]
   - [ 3.7667959594726562e+02, 8.3213586425781250e+02,
       8.4264860153198242e+00, 2.3695872497558594e+02,
       1.3597012497484684e-02, 11534593, -1 ]
   - [ 3.7783862304687500e+02, 7.8046057128906250e+02,
       2.2883222103118896e+00, 3.4944104003906250e+02,
       1.4188299886882305e-02, 787199, -1 ]
   - [ 3.7820611572265625e+02, 7.4509387207031250e+02,
       4.1967444419860840e+00, 4.7703857421875000e+00,
       4.5179069042205811e-02, 11272448, -1 ]
   - [ 3.8069732666015625e+02, 7.9382653808593750e+02,
       5.2672705650329590e+00, 1.4080491638183594e+02,
       2.9969101771712303e-02, 11010560, -1 ]
   - [ 3.8534210205078125e+02, 7.9630303955078125e+02,
       2.1157567501068115e+00, 6.1752319335937500e+00,
       1.3586056418716908e-02, 11862527, -1 ]
   - [ 3.8700259399414062e+02, 4.6020617675781250e+02,
       6.1625399589538574e+00, 3.0837594604492188e+02,
       4.1053865104913712e-02, 5636864, -1 ]
   - [ 3.8894897460937500e+02, 4.1324319458007812e+02,
       3.5901126861572266e+00, 8.2829620361328125e+01,
       3.0953934416174889e-02, 16647167, -1 ]
   - [ 3.8923162841796875e+02, 7.0119055175781250e+02,
       5.2654223442077637e+00, 2.0271484375000000e+01,
       4.0038891136646271e-02, 10945024, -1 ]
   - [ 3.9045059204101562e+02, 4.3483920288085938e+02,
       3.2477893829345703e+00, 9.1736816406250000e+01,
       1.5852417796850204e-02, 9438207, -1 ]
   - [ 3.9056408691406250e+02, 8.5406542968750000e+02,
       6.8517584800720215e+00, 2.3211547851562500e+01,
       1.9023746252059937e-02, 13304576, -1 ]
