%YAML:1.0
---
maskKeypoints:
   - [ 2.3197229385375977e+01, 9.9200506591796875e+02,
       9.7745838165283203e+00, 2.3010681152343750e+01,
       8.5457481443881989e-02, 5571073, -1 ]
   - [ 2.3197229385375977e+01, 9.9200506591796875e+02,
       9.7745838165283203e+00, 2.0523851013183594e+02,
       8.5457481443881989e-02, 5571073, -1 ]
   - [ 1.3913737487792969e+02, 2.1101991271972656e+02,
       4.5781741142272949e+00, 7.0764160156250000e+00,
       2.8827965259552002e-02, 852480, -1 ]
   - [ 1.4453799438476562e+02, 1.5964041137695312e+02,
       5.7718443870544434e+00, 3.5970877075195312e+02,
       2.9703250154852867e-02, 852736, -1 ]
   - [ 1.5179542541503906e+02, 1.4992822265625000e+02,
       8.2755651473999023e+00, 2.8786621093750000e+00,
       5.7703606784343719e-02, 10223873, -1 ]
   - [ 1.5179542541503906e+02, 1.4992822265625000e+02,
       8.2755651473999023e+00, 1.3726705932617188e+02,
       5.7703606784343719e-02, 10223873, -1 ]
   - [ 1.5972688293457031e+02, 1.7446411132812500e+02,
       2.1631792068481445e+01, 1.1293273925781250e+01,
       6.1755105853080750e-02, 12911106, -1 ]
   - [ 1.5972688293457031e+02, 1.7446411132812500e+02,
       2.1631792068481445e+01, 1.6583113098144531e+02,
       6.1755105853080750e-02, 12911106, -1 ]
   - [ 1.6375564575195312e+02, 2.3696157836914062e+02,
       4.7624011039733887e+00, 2.5191226196289062e+02,
       2.7978507801890373e-02, 3670528, -1 ]
   - [ 1.6759031677246094e+02, 2.3093231201171875e+02,
       4.0070877075195312e+00, 2.4494088745117188e+02,
       3.2130401581525803e-02, 7930112, -1 ]
   - [ 1.7510826110839844e+02, 1.7369564819335938e+02,
       4.3468360900878906e+00, 1.7189913940429688e+02,
       2.8558431193232536e-02, 13828352, -1 ]
   - [ 1.7604583740234375e+02, 1.9147758483886719e+02,
       3.2706913948059082e+00, 1.8021365356445312e+02,
       2.9527444392442703e-02, 9962495, -1 ]
   - [ 1.7758471679687500e+02, 2.0452241516113281e+02,
       3.1781828403472900e+00, 1.6754685974121094e+02,
       3.0936772003769875e-02, 7865343, -1 ]
   - [ 1.7792449951171875e+02, 2.0416894531250000e+02,
       3.7493660449981689e+00, 1.6698362731933594e+02,
       3.0036604031920433e-02, 3080448, -1 ]
   - [ 1.8364517211914062e+02, 1.9647830200195312e+02,
       1.5460162162780762e+01, 1.7157885742187500e+02,
       2.9250411316752434e-02, 5308674, -1 ]
   - [ 2.7879400634765625e+02, 8.7804766845703125e+02,
       2.1657803058624268e+00, 1.3461846923828125e+02,
       1.0656600445508957e-01, 13566463, -1 ]
   - [ 2.7879400634765625e+02, 8.7804766845703125e+02,
       2.1657803058624268e+00, 3.3256375122070312e+02,
       1.0656600445508957e-01, 13566463, -1 ]
   - [ 6.4226702880859375e+02, 1.2096132812500000e+03,
       7.3353843688964844e+00, 1.0048400878906250e+01,
       3.3282503485679626e-02, 1507585, -1 ]
   - [ 6.4370703125000000e+02, 1.2091964111328125e+03,
       5.3727087974548340e+00, 1.0171569824218750e+01,
       3.4401502460241318e-02, 12386816, -1 ]
   - [ 6.5015093994140625e+02, 1.2048878173828125e+03,
       5.1820087432861328e+00, 9.3196105957031250e+00,
       3.9044756442308426e-02, 9830912, -1 ]
   - [ 6.5040295410156250e+02, 1.2212608642578125e+03,
       8.0369749069213867e+00, 3.2474118041992188e+02,
       6.0969021171331406e-02, 8126721, -1 ]
   - [ 6.5157873535156250e+02, 1.1948007812500000e+03,
       4.7375512123107910e+00, 2.4627929687500000e+01,
       3.9219271391630173e-02, 3342848, -1 ]
   - [ 6.5157873535156250e+02, 1.1948007812500000e+03,
       4.7375512123107910e+00, 5.1316741943359375e+01,
       3.9219271391630173e-02, 3342848, -1 ]
   - [ 6.5749987792968750e+02, 1.2334537353515625e+03,
       1.8304489850997925e+00, 3.0121841430664062e+02,
       4.5636054128408432e-02, 1376767, -1 ]
   - [ 6.6486151123046875e+02, 1.1855638427734375e+03,
       6.3465914726257324e+00, 5.0372344970703125e+01,
       2.3853378370404243e-02, 7734016, -1 ]
   - [ 6.9327282714843750e+02, 1.1608474121093750e+03,
       5.3227839469909668e+00, 6.2628204345703125e+01,
       2.4789864197373390e-02, 11731456, -1 ]
   - [ 7.1104687500000000e+02, 1.1556624755859375e+03,
       3.5209178924560547e+00, 5.4924652099609375e+01,
       2.2679978981614113e-02, 15270911, -1 ]
   - [ 7.1135577392578125e+02, 1.1559888916015625e+03,
       3.9936692714691162e+00, 5.4704803466796875e+01,
       2.2474698722362518e-02, 7667968, -1 ]
   - [ 7.1548712158203125e+02, 1.2425417480468750e+03,
       2.6219877243041992e+01, 2.9016357421875000e+02,
       4.9927752465009689e-02, 10093314, -1 ]
   - [ 7.1839135742187500e+02, 9.2806365966796875e+02,
       1.0049353599548340e+01, 2.4370544433593750e+01,
       3.8404215127229691e-02, 7537153, -1 ]
   - [ 7.2576763916015625e+02, 1.2609783935546875e+03,
       3.9341907501220703e+00, 2.9029476928710938e+02,
       3.7793207913637161e-02, 6553856, -1 ]
   - [ 7.2877026367187500e+02, 9.1366241455078125e+02,
       4.3791708946228027e+00, 3.0002777099609375e+01,
       3.5775978118181229e-02, 14352640, -1 ]
   - [ 7.3916674804687500e+02, 9.4174291992187500e+02,
       5.9731745719909668e+00, 2.0123674011230469e+02,
       1.4810422435402870e-02, 3343104, -1 ]
   - [ 7.4056134033203125e+02, 9.6294781494140625e+02,
       5.7127394676208496e+00, 2.7902600097656250e+02,
       4.0315400809049606e-02, 131840, -1 ]
   - [ 7.4070867919921875e+02, 9.6234832763671875e+02,
       4.5796108245849609e+00, 2.7790139770507812e+02,
       4.0778595954179764e-02, 852480, -1 ]
   - [ 7.4076599121093750e+02, 9.6401403808593750e+02,
       7.2959132194519043e+00, 2.8019619750976562e+02,
       3.9398260414600372e-02, 1114369, -1 ]
   - [ 7.5849725341796875e+02, 1.1331547851562500e+03,
       6.9011368751525879e+00, 6.9368530273437500e+01,
       2.2953532636165619e-02, 13828864, -1 ]
   - [ 7.5886041259765625e+02, 1.1339588623046875e+03,
       8.3351764678955078e+00, 6.9156372070312500e+01,
       2.2616334259510040e-02, 10748161, -1 ]
   - [ 7.6353875732421875e+02, 1.2646789550781250e+03,
       1.5346205711364746e+01, 2.7396984863281250e+02,
       4.6919871121644974e-02, 4784386, -1 ]
   - [ 7.6468395996093750e+02, 1.1240633544921875e+03,
       3.7845063209533691e+00, 6.8242309570312500e+01,
       2.1468803286552429e-02, 3801344, -1 ]
   - [ 7.7108984375000000e+02, 1.1259978027343750e+03,
       3.9030652046203613e+00, 7.9473052978515625e+01,
       2.3611418902873993e-02, 6029568, -1 ]
   - [ 7.7194995117187500e+02, 9.6194781494140625e+02,
       3.9739525318145752e+00, 2.6101132202148438e+02,
       4.3959226459264755e-02, 7340288, -1 ]
   - [ 7.7586901855468750e+02, 8.4997082519531250e+02,
       4.1192703247070312e+00, 4.4510681152343750e+01,
       3.3904325217008591e-02, 9896192, -1 ]
   - [ 7.7650256347656250e+02, 8.5047735595703125e+02,
       2.7463023662567139e+00, 4.4230712890625000e+01,
       3.5490330308675766e-02, 14025471, -1 ]
   - [ 7.8000671386718750e+02, 1.1180704345703125e+03,
       9.5980014801025391e+00, 8.0335632324218750e+01,
       2.2145960479974747e-02, 4260353, -1 ]
   - [ 7.8610052490234375e+02, 1.1326534423828125e+03,
       1.6647365570068359e+01, 8.5087524414062500e+01,
       2.0527241751551628e-02, 10682626, -1 ]
   - [ 7.9062493896484375e+02, 9.5895861816406250e+02,
       3.9419090747833252e+00, 2.6004891967773438e+02,
       4.4415190815925598e-02, 6750464, -1 ]
   - [ 8.0180718994140625e+02, 9.5719134521484375e+02,
       4.4630198478698730e+00, 2.6159405517578125e+02,
       4.6155437827110291e-02, 15728896, -1 ]
   - [ 8.0810339355468750e+02, 1.1779449462890625e+03,
       4.8781208992004395e+00, 8.9769989013671875e+01,
       1.3796769082546234e-02, 5440000, -1 ]
   - [ 8.1474176025390625e+02, 1.1259119873046875e+03,
       7.9185061454772949e+00, 9.2242553710937500e+01,
       2.8253115713596344e-02, 7012609, -1 ]
   - [ 8.2431579589843750e+02, 8.1680706787109375e+02,
       2.8959090709686279e+00, 5.9995086669921875e+01,
       3.3550843596458435e-02, 1115135, -1 ]
