%YAML:1.0
---
maskKeypoints:
   - [ 2.0080130004882812e+02, 6.5822979736328125e+02,
       2.1245961189270020e+00, 9.5233337402343750e+01,
       1.0151238739490509e-01, 12124671, -1 ]
   - [ 3.2455096435546875e+02, 3.6029467773437500e+02,
       2.2758218765258789e+01, 6.5112792968750000e+01,
       8.7488695979118347e-02, 16581122, -1 ]
   - [ 3.2455096435546875e+02, 3.6029467773437500e+02,
       2.2758218765258789e+01, 2.9497048950195312e+02,
       8.7488695979118347e-02, 16581122, -1 ]
   - [ 3.2808639526367188e+02, 3.5436495971679688e+02,
       2.2110769748687744e+00, 2.1882783508300781e+02,
       2.3960744962096214e-02, 15073791, -1 ]
   - [ 3.3076483154296875e+02, 3.5882394409179688e+02,
       2.7141768932342529e+00, 1.0311450195312500e+02,
       2.2039875388145447e-02, 13173503, -1 ]
   - [ 3.3681454467773438e+02, 3.6376651000976562e+02,
       4.0458660125732422e+00, 8.9663513183593750e+01,
       2.5140525773167610e-02, 8585472, -1 ]
   - [ 3.3780941772460938e+02, 3.5879272460937500e+02,
       2.2917869091033936e+00, 8.3534820556640625e+01,
       8.9530579745769501e-02, 918271, -1 ]
   - [ 3.3790704345703125e+02, 3.4980798339843750e+02,
       2.7414901256561279e+00, 2.6952551269531250e+02,
       1.8346792086958885e-02, 13894399, -1 ]
   - [ 3.4034799194335938e+02, 3.5283828735351562e+02,
       1.9073698520660400e+00, 2.6830880737304688e+02,
       2.4675564840435982e-02, 4325887, -1 ]
   - [ 3.4299929809570312e+02, 3.7950344848632812e+02,
       2.6154448986053467e+00, 2.8414614868164062e+02,
       4.5877348631620407e-02, 10486527, -1 ]
   - [ 3.4397293090820312e+02, 3.3913146972656250e+02,
       2.0177609920501709e+00, 8.1232299804687500e+01,
       5.4535869508981705e-02, 8454655, -1 ]
   - [ 3.4559069824218750e+02, 3.7718634033203125e+02,
       1.8477096557617188e+00, 2.5728448486328125e+02,
       2.5523722171783447e-02, 2032127, -1 ]
   - [ 3.4747647094726562e+02, 3.9511492919921875e+02,
       2.0433023452758789e+01, 2.9920709228515625e+02,
       5.8922242373228073e-02, 8782338, -1 ]
   - [ 3.4806301879882812e+02, 3.2743951416015625e+02,
       1.5829976081848145e+01, 7.0780303955078125e+01,
       5.7656582444906235e-02, 7012610, -1 ]
   - [ 3.5988284301757812e+02, 3.3169253540039062e+02,
       3.6386508941650391e+00, 2.0999389648437500e+01,
       4.0768548846244812e-02, 917760, -1 ]
   - [ 3.6295428466796875e+02, 4.0226742553710938e+02,
       3.3019680976867676e+00, 9.1005249023437500e+00,
       4.5595422387123108e-02, 10617855, -1 ]
   - [ 3.6663760375976562e+02, 3.9024514770507812e+02,
       1.0000851631164551e+01, 3.2477957153320312e+02,
       3.1221395358443260e-02, 7209473, -1 ]
   - [ 3.7308013916015625e+02, 4.1426684570312500e+02,
       1.0799850463867188e+01, 2.8680270385742188e+02,
       5.6990075856447220e-02, 12780033, -1 ]
   - [ 3.7753579711914062e+02, 3.9706622314453125e+02,
       3.9777076244354248e+00, 2.7756674194335938e+02,
       1.3583187945187092e-02, 7405824, -1 ]
   - [ 3.7800708007812500e+02, 4.1943295288085938e+02,
       2.0451359748840332e+00, 2.7554193115234375e+02,
       1.4175568707287312e-02, 9372159, -1 ]
   - [ 3.7853985595703125e+02, 3.3766516113281250e+02,
       1.0225720405578613e+01, 1.0633009338378906e+02,
       1.4356453903019428e-02, 8847873, -1 ]
   - [ 3.7888632202148438e+02, 3.5754565429687500e+02,
       2.0744531154632568e+00, 2.1206118774414062e+02,
       2.4172041565179825e-02, 10420735, -1 ]
   - [ 3.8213256835937500e+02, 4.1682510375976562e+02,
       3.3276481628417969e+00, 2.7351028442382812e+02,
       2.2148052230477333e-02, 11207679, -1 ]
   - [ 3.8476837158203125e+02, 4.1969726562500000e+02,
       1.8244323730468750e+00, 2.6895556640625000e+02,
       1.5822827816009521e-02, 1114623, -1 ]
   - [ 3.8481497192382812e+02, 2.9329208374023438e+02,
       2.5923104286193848e+00, 2.8026031494140625e+02,
       1.9345887005329132e-02, 9831167, -1 ]
   - [ 3.8532830810546875e+02, 4.2834750366210938e+02,
       8.4545392990112305e+00, 2.8047283935546875e+02,
       3.5891424864530563e-02, 11796737, -1 ]
   - [ 3.8545690917968750e+02, 3.3737811279296875e+02,
       3.9378299713134766e+00, 2.9533068847656250e+02,
       1.4452309347689152e-02, 6619392, -1 ]
   - [ 3.8739093017578125e+02, 2.9505407714843750e+02,
       1.9839324951171875e+01, 2.7307495117187500e+01,
       6.4608469605445862e-02, 6619650, -1 ]
   - [ 3.8739093017578125e+02, 2.9505407714843750e+02,
       1.9839324951171875e+01, 8.6397125244140625e+01,
       6.4608469605445862e-02, 6619650, -1 ]
   - [ 3.8939645385742188e+02, 3.4662158203125000e+02,
       2.4255585670471191e+00, 1.4652847290039062e+02,
       1.7895443364977837e-02, 5047039, -1 ]
   - [ 3.9336199951171875e+02, 4.0214562988281250e+02,
       1.9988907575607300e+00, 2.7080169677734375e+02,
       1.6747349873185158e-02, 7733759, -1 ]
   - [ 3.9338320922851562e+02, 3.4342340087890625e+02,
       5.1035065650939941e+00, 1.2912075805664062e+02,
       2.0483311265707016e-02, 8716800, -1 ]
   - [ 3.9338320922851562e+02, 3.4342340087890625e+02,
       5.1035065650939941e+00, 2.8751351928710938e+02,
       2.0483311265707016e-02, 8716800, -1 ]
   - [ 3.9346762084960938e+02, 4.1779473876953125e+02,
       3.3369030952453613e+00, 2.6343759155273438e+02,
       1.6059497371315956e-02, 11404287, -1 ]
   - [ 3.9752029418945312e+02, 4.0203894042968750e+02,
       2.1228082180023193e+00, 2.7146069335937500e+02,
       1.6425985842943192e-02, 12124671, -1 ]
   - [ 3.9789215087890625e+02, 4.1010812377929688e+02,
       3.6577255725860596e+00, 8.8768249511718750e+01,
       1.4735471457242966e-02, 1310976, -1 ]
   - [ 3.9938119506835938e+02, 3.5556250000000000e+02,
       2.1895101070404053e+00, 1.0993954467773438e+02,
       1.4559025876224041e-02, 14352895, -1 ]
   - [ 3.9938119506835938e+02, 3.5556250000000000e+02,
       2.1895101070404053e+00, 2.4610003662109375e+02,
       1.4559025876224041e-02, 14352895, -1 ]
   - [ 3.9941036987304688e+02, 3.5436947631835938e+02,
       8.9588172912597656e+01, 8.9760467529296875e+01,
       8.2876771688461304e-02, 15401476, -1 ]
   - [ 4.0065509033203125e+02, 2.9549423217773438e+02,
       4.0991320610046387e+00, 2.6861517333984375e+02,
       2.2897340357303619e-02, 9568512, -1 ]
   - [ 4.0379086303710938e+02, 3.9804598999023438e+02,
       4.9592256546020508e+00, 2.6809735107421875e+02,
       1.5398558229207993e-02, 6619648, -1 ]
   - [ 4.0501400756835938e+02, 4.1378192138671875e+02,
       1.8104126453399658e+00, 9.3320953369140625e+01,
       2.8725920245051384e-02, 590335, -1 ]
   - [ 4.0501400756835938e+02, 4.1378192138671875e+02,
       1.8104126453399658e+00, 2.6083053588867188e+02,
       2.8725920245051384e-02, 590335, -1 ]
   - [ 4.0510052490234375e+02, 3.6205020141601562e+02,
       7.8060913085937500e+00, 1.0236639404296875e+02,
       2.0711217075586319e-02, 6029569, -1 ]
   - [ 4.0594625854492188e+02, 4.1014819335937500e+02,
       3.3128566741943359e+00, 9.7552001953125000e+01,
       1.7424996942281723e-02, 10879999, -1 ]
   - [ 4.0594625854492188e+02, 4.1014819335937500e+02,
       3.3128566741943359e+00, 2.5640127563476562e+02,
       1.7424996942281723e-02, 10879999, -1 ]
   - [ 4.0911044311523438e+02, 3.4526477050781250e+02,
       3.1409506797790527e+00, 8.8932098388671875e+01,
       3.3583026379346848e-02, 7013375, -1 ]
   - [ 4.1046249389648438e+02, 4.1029830932617188e+02,
       2.6464588642120361e+00, 2.5162260437011719e+02,
       1.8095068633556366e-02, 11338495, -1 ]
   - [ 4.1083316040039062e+02, 3.4142123413085938e+02,
       3.1138191223144531e+00, 2.6959518432617188e+02,
       2.0686889067292213e-02, 6358015, -1 ]
   - [ 4.1235214233398438e+02, 4.0205276489257812e+02,
       1.9512611627578735e+00, 2.6929876708984375e+02,
       1.3738285750150681e-02, 6029823, -1 ]
   - [ 4.1273812866210938e+02, 4.1773544311523438e+02,
       4.2748503684997559e+00, 2.7432531738281250e+02,
       1.9856344908475876e-02, 12583168, -1 ]
