%YAML:1.0
---
maskKeypoints:
   - [ 1.4509829711914062e+02, 6.3518853759765625e+02,
       2.1211767196655273e+00, 6.9851348876953125e+01,
       1.0043535381555557e-01, 12059135, -1 ]
   - [ 1.5639448547363281e+02, 6.3417004394531250e+02,
       2.3097977638244629e+00, 9.7331115722656250e+01,
       9.9982336163520813e-02, 1508095, -1 ]
   - [ 1.5639448547363281e+02, 6.3417004394531250e+02,
       2.3097977638244629e+00, 2.6081146240234375e+02,
       9.9982336163520813e-02, 1508095, -1 ]
   - [ 3.0027780151367188e+02, 3.5797851562500000e+02,
       2.6505895614624023e+01, 6.7020385742187500e+01,
       8.5228152573108673e-02, 10879746, -1 ]
   - [ 3.0027780151367188e+02, 3.5797851562500000e+02,
       2.6505895614624023e+01, 3.0329760742187500e+02,
       8.5228152573108673e-02, 10879746, -1 ]
   - [ 3.0174792480468750e+02, 3.5724368286132812e+02,
       2.1504030227661133e+00, 1.5544075012207031e+02,
       1.9943686202168465e-02, 13042175, -1 ]
   - [ 3.0249597167968750e+02, 3.5207992553710938e+02,
       2.9118316173553467e+00, 2.3638229370117188e+02,
       1.9084176048636436e-02, 1508351, -1 ]
   - [ 3.0549002075195312e+02, 3.3896453857421875e+02,
       1.9715677499771118e+00, 8.0508880615234375e+01,
       4.7181475907564163e-02, 6750719, -1 ]
   - [ 3.0716552734375000e+02, 3.7844711303710938e+02,
       2.0616052150726318e+00, 2.7900985717773438e+02,
       3.4938354045152664e-02, 9961983, -1 ]
   - [ 3.0937042236328125e+02, 3.6325070190429688e+02,
       4.0440297126770020e+00, 9.0204742431640625e+01,
       3.1842678785324097e-02, 8585472, -1 ]
   - [ 3.0955303955078125e+02, 3.4584539794921875e+02,
       1.8690346479415894e+00, 2.7016119384765625e+02,
       1.5522189438343048e-02, 2884095, -1 ]
   - [ 3.1059671020507812e+02, 3.5808181762695312e+02,
       3.7365722656250000e+00, 8.4508300781250000e+01,
       9.0627886354923248e-02, 2883840, -1 ]
   - [ 3.1072674560546875e+02, 3.8222625732421875e+02,
       4.3162202835083008e+00, 2.8503768920898438e+02,
       3.9199240505695343e-02, 13304064, -1 ]
   - [ 3.1086190795898438e+02, 3.5324948120117188e+02,
       3.2504081726074219e+00, 2.7172119140625000e+02,
       2.4284565821290016e-02, 9503743, -1 ]
   - [ 3.1564901733398438e+02, 3.7949008178710938e+02,
       3.0869534015655518e+00, 2.8536926269531250e+02,
       4.4981308281421661e-02, 5768191, -1 ]
   - [ 3.1966851806640625e+02, 3.5627005004882812e+02,
       1.9802354574203491e+00, 1.3381927490234375e+01,
       1.3626779429614544e-02, 7078399, -1 ]
   - [ 3.1972299194335938e+02, 3.9528109741210938e+02,
       2.0410036087036133e+01, 3.0242657470703125e+02,
       5.7528216391801834e-02, 8651266, -1 ]
   - [ 3.2319006347656250e+02, 3.2753637695312500e+02,
       1.5751553535461426e+01, 7.6182525634765625e+01,
       5.6711144745349884e-02, 6684930, -1 ]
   - [ 3.2512216186523438e+02, 3.3146670532226562e+02,
       1.0389809608459473e+01, 8.3810607910156250e+01,
       5.8483652770519257e-02, 9961985, -1 ]
   - [ 3.3559783935546875e+02, 4.0379125976562500e+02,
       2.3108131885528564e+00, 1.0891906738281250e+01,
       4.5695528388023376e-02, 1508095, -1 ]
   - [ 3.3708831787109375e+02, 4.0043685913085938e+02,
       2.0599682331085205e+00, 3.4453149414062500e+02,
       4.2690318077802658e-02, 9896447, -1 ]
   - [ 3.4278240966796875e+02, 3.1685427856445312e+02,
       3.9048626422882080e+00, 3.1002838134765625e+01,
       4.3092034757137299e-02, 6029568, -1 ]
   - [ 3.4434527587890625e+02, 3.2437155151367188e+02,
       3.0168061256408691e+00, 1.9932096862792969e+02,
       1.3441938906908035e-02, 4064255, -1 ]
   - [ 3.4434527587890625e+02, 3.2437155151367188e+02,
       3.0168061256408691e+00, 3.5098098754882812e+02,
       1.3441938906908035e-02, 4064255, -1 ]
   - [ 3.4484707641601562e+02, 4.1465304565429688e+02,
       1.0440600395202637e+01, 3.3777069091796875e+02,
       5.1821518689393997e-02, 10355201, -1 ]
   - [ 3.4919027709960938e+02, 3.4037194824218750e+02,
       9.2605714797973633e+00, 1.1021160888671875e+02,
       1.3747785240411758e-02, 1638913, -1 ]
   - [ 3.5152371215820312e+02, 4.0154864501953125e+02,
       2.0285117626190186e+00, 2.7483255004882812e+02,
       1.5568342991173267e-02, 8782335, -1 ]
   - [ 3.5239913940429688e+02, 3.5946807861328125e+02,
       3.0219011306762695e+00, 7.2936157226562500e+01,
       2.1908355876803398e-02, 4195327, -1 ]
   - [ 3.5272149658203125e+02, 4.0507080078125000e+02,
       4.2562274932861328e+00, 2.7868859863281250e+02,
       2.1571502089500427e-02, 12255488, -1 ]
   - [ 3.6025698852539062e+02, 4.2712289428710938e+02,
       4.4299693107604980e+00, 2.7788531494140625e+02,
       3.2235965132713318e-02, 15139072, -1 ]
   - [ 3.6367340087890625e+02, 2.9305084228515625e+02,
       2.1686294078826904e+00, 8.6411285400390625e+01,
       4.7912899404764175e-02, 13631999, -1 ]
   - [ 3.6404006958007812e+02, 3.0396368408203125e+02,
       1.9802074432373047e+01, 3.4771667480468750e+01,
       6.4823850989341736e-02, 6488578, -1 ]
   - [ 3.6404006958007812e+02, 3.0396368408203125e+02,
       1.9802074432373047e+01, 8.9238555908203125e+01,
       6.4823850989341736e-02, 6488578, -1 ]
   - [ 3.6433416748046875e+02, 2.9404486083984375e+02,
       3.7439293861389160e+00, 9.1283294677734375e+01,
       4.6275224536657333e-02, 3014912, -1 ]
   - [ 3.6436529541015625e+02, 2.9368267822265625e+02,
       3.2957935333251953e+00, 9.1631744384765625e+01,
       4.6746335923671722e-02, 10486783, -1 ]
   - [ 3.6558975219726562e+02, 3.4820925903320312e+02,
       4.9259796142578125e+00, 1.3536842346191406e+02,
       2.0192131400108337e-02, 6160896, -1 ]
   - [ 3.6558975219726562e+02, 3.4820925903320312e+02,
       4.9259796142578125e+00, 2.9070800781250000e+02,
       2.0192131400108337e-02, 6160896, -1 ]
   - [ 3.6730361938476562e+02, 4.0693194580078125e+02,
       4.9174151420593262e+00, 2.7690460205078125e+02,
       2.0855797454714775e-02, 6029824, -1 ]
   - [ 3.6787792968750000e+02, 3.5818051147460938e+02,
       8.4124046325683594e+01, 9.3541320800781250e+01,
       8.2613565027713776e-02, 10879492, -1 ]
   - [ 3.6787792968750000e+02, 3.5818051147460938e+02,
       8.4124046325683594e+01, 3.1909890747070312e+02,
       8.2613565027713776e-02, 10879492, -1 ]
   - [ 3.6899038696289062e+02, 4.6302667236328125e+02,
       3.4907968044281006e+00, 6.7835479736328125e+01,
       8.0538801848888397e-02, 14615551, -1 ]
   - [ 3.6899038696289062e+02, 4.6302667236328125e+02,
       3.4907968044281006e+00, 3.4872976684570312e+02,
       8.0538801848888397e-02, 14615551, -1 ]
   - [ 3.6903265380859375e+02, 3.0312487792968750e+02,
       4.0294132232666016e+00, 1.0962049865722656e+02,
       1.4858893118798733e-02, 8323328, -1 ]
   - [ 3.6953509521484375e+02, 4.1256979370117188e+02,
       3.3240189552307129e+00, 8.8919433593750000e+01,
       1.3472586870193481e-02, 11076607, -1 ]
   - [ 3.6992556762695312e+02, 4.2833981323242188e+02,
       4.9784240722656250e+00, 2.7595831298828125e+02,
       3.1773146241903305e-02, 6881792, -1 ]
   - [ 3.7101449584960938e+02, 3.6010641479492188e+02,
       2.2146928310394287e+00, 1.1036669921875000e+02,
       1.4737742021679878e-02, 15139327, -1 ]
   - [ 3.7101449584960938e+02, 3.6010641479492188e+02,
       2.2146928310394287e+00, 2.4962216186523438e+02,
       1.4737742021679878e-02, 15139327, -1 ]
   - [ 3.7112283325195312e+02, 3.5149606323242188e+02,
       9.8994617462158203e+00, 1.4669557189941406e+02,
       1.7245428636670113e-02, 6488577, -1 ]
   - [ 3.7565567016601562e+02, 4.1640524291992188e+02,
       1.8357685804367065e+00, 9.9241516113281250e+01,
       2.4394966661930084e-02, 1573375, -1 ]
   - [ 3.7565567016601562e+02, 4.1640524291992188e+02,
       1.8357685804367065e+00, 2.6684103393554688e+02,
       2.4394966661930084e-02, 1573375, -1 ]
   - [ 3.7718258666992188e+02, 4.0200378417968750e+02,
       5.0434088706970215e+00, 2.7315658569335938e+02,
       1.3595245778560638e-02, 7864832, -1 ]
