%YAML:1.0
---
maskKeypoints:
   - [ 4.9287929534912109e+01, 3.7095330810546875e+02,
       3.0555589199066162e+00, 2.1479783630371094e+02,
       6.5958410501480103e-02, 5047295, -1 ]
   - [ 4.9287929534912109e+01, 3.7095330810546875e+02,
       3.0555589199066162e+00, 2.7027267456054688e+02,
       6.5958410501480103e-02, 5047295, -1 ]
   - [ 2.0826174926757812e+02, 1.1868235015869141e+02,
       5.6457986831665039e+00, 4.9598693847656250e+00,
       6.7676164209842682e-02, 15991296, -1 ]
   - [ 2.0961645507812500e+02, 1.3385530090332031e+02,
       7.8934707641601562e+00, 3.5198318481445312e+02,
       6.4988717436790466e-02, 6816001, -1 ]
   - [ 2.1047186279296875e+02, 1.0446926116943359e+02,
       6.5853648185729980e+00, 4.6713439941406250e+01,
       7.4703425168991089e-02, 10420992, -1 ]
   - [ 2.1232231140136719e+02, 9.6242652893066406e+01,
       4.5362248420715332e+00, 4.8560424804687500e+01,
       6.3593208789825439e-02, 197120, -1 ]
   - [ 2.1300569152832031e+02, 1.4788453674316406e+02,
       3.9582040309906006e+00, 3.3039428710937500e+02,
       5.3944263607263565e-02, 7012608, -1 ]
   - [ 2.1583638000488281e+02, 1.1325261688232422e+02,
       4.7239465713500977e+00, 2.7421493530273438e+02,
       1.9262988120317459e-02, 3080704, -1 ]
   - [ 2.2173774719238281e+02, 1.2743002319335938e+02,
       6.4609780311584473e+00, 1.4346755981445312e+02,
       1.4472923241555691e-02, 9044736, -1 ]
   - [ 2.2173774719238281e+02, 1.2743002319335938e+02,
       6.4609780311584473e+00, 2.1937101745605469e+02,
       1.4472923241555691e-02, 9044736, -1 ]
   - [ 2.2199925231933594e+02, 9.2616790771484375e+01,
       6.6155977249145508e+00, 4.2147796630859375e+01,
       6.1999071389436722e-02, 10748672, -1 ]
   - [ 2.2291712951660156e+02, 8.4032783508300781e+01,
       4.4613585472106934e+00, 4.3345916748046875e+01,
       5.9007793664932251e-02, 15663360, -1 ]
   - [ 2.3234280395507812e+02, 8.1434135437011719e+01,
       6.3124942779541016e+00, 5.0125091552734375e+01,
       5.7950116693973541e-02, 7340800, -1 ]
   - [ 2.3394664001464844e+02, 1.0836653900146484e+02,
       5.0720229148864746e+00, 2.5123727416992188e+02,
       1.6931472346186638e-02, 8258048, -1 ]
   - [ 2.3668843078613281e+02, 8.9055313110351562e+01,
       2.0984070301055908e+00, 1.3105278015136719e+02,
       1.9106153398752213e-02, 11272703, -1 ]
   - [ 2.3700366210937500e+02, 7.2367263793945312e+01,
       3.8184247016906738e+00, 5.5119506835937500e+01,
       5.9542238712310791e-02, 4456704, -1 ]
   - [ 2.3834194946289062e+02, 1.0261582183837891e+02,
       4.7115716934204102e+00, 2.6831582641601562e+02,
       1.7342565581202507e-02, 2884096, -1 ]
   - [ 2.4186650085449219e+02, 7.0557289123535156e+01,
       2.6777808666229248e+00, 8.3289093017578125e+01,
       7.2265952825546265e-02, 12190463, -1 ]
   - [ 2.4286819458007812e+02, 1.6956475830078125e+02,
       5.2580485343933105e+00, 2.8072134399414062e+02,
       3.7954729050397873e-02, 10879488, -1 ]
   - [ 2.4678367614746094e+02, 9.8246749877929688e+01,
       5.0421271324157715e+00, 2.6303390502929688e+02,
       1.6897730529308319e-02, 7799296, -1 ]
   - [ 2.4927919006347656e+02, 1.4424407958984375e+02,
       6.4448914527893066e+00, 1.1007444763183594e+02,
       6.1632800847291946e-02, 8848128, -1 ]
   - [ 2.4968234252929688e+02, 1.7368710327148438e+02,
       3.4630360603332520e+00, 2.6823608398437500e+02,
       3.8280714303255081e-02, 14091263, -1 ]
   - [ 2.4997665405273438e+02, 1.7422457885742188e+02,
       4.1412501335144043e+00, 2.8759320068359375e+02,
       3.8147605955600739e-02, 10289408, -1 ]
   - [ 2.5141691589355469e+02, 6.5676300048828125e+01,
       5.3643288612365723e+00, 7.7165588378906250e+01,
       5.6446932256221771e-02, 12321280, -1 ]
   - [ 2.5614697265625000e+02, 1.0168663787841797e+02,
       6.3710818290710449e+00, 2.4168209838867188e+02,
       2.5890981778502464e-02, 8061696, -1 ]
   - [ 2.6123809814453125e+02, 1.2296386718750000e+02,
       2.6150878906250000e+01, 2.4079899597167969e+02,
       6.8642146885395050e-02, 9896706, -1 ]
   - [ 2.6134133911132812e+02, 1.0591527557373047e+02,
       3.6116085052490234e+00, 2.4705613708496094e+02,
       4.0631216019392014e-02, 393472, -1 ]
   - [ 2.6239639282226562e+02, 1.7785078430175781e+02,
       3.6326911449432373e+00, 2.7677676391601562e+02,
       3.3176902681589127e-02, 786688, -1 ]
   - [ 2.6388729858398438e+02, 1.4816696166992188e+02,
       3.3996784687042236e+00, 1.1063247680664062e+02,
       5.4902441799640656e-02, 12715007, -1 ]
   - [ 2.6668798828125000e+02, 1.5229000854492188e+02,
       8.0649557113647461e+00, 1.1418615722656250e+02,
       6.0165327042341232e-02, 8388865, -1 ]
   - [ 2.6701986694335938e+02, 8.2315986633300781e+01,
       4.7676596641540527e+00, 1.2625502014160156e+02,
       2.5985216721892357e-02, 3801600, -1 ]
   - [ 2.6701986694335938e+02, 8.2315986633300781e+01,
       4.7676596641540527e+00, 2.7662084960937500e+02,
       2.5985216721892357e-02, 3801600, -1 ]
   - [ 2.6975228881835938e+02, 9.3167739868164062e+01,
       1.0107360839843750e+01, 2.4964749145507812e+02,
       3.4769214689731598e-02, 7995905, -1 ]
   - [ 2.7057022094726562e+02, 1.6165510559082031e+02,
       2.0610462188720703e+01, 1.2148571777343750e+02,
       8.0558188259601593e-02, 9372162, -1 ]
   - [ 2.7739630126953125e+02, 6.9100166320800781e+01,
       2.8528199195861816e+00, 1.3121650695800781e+02,
       1.4636912383139133e-02, 66559, -1 ]
   - [ 2.7808322143554688e+02, 8.7288978576660156e+01,
       4.5599293708801270e+00, 2.7932409667968750e+02,
       1.8730808049440384e-02, 524800, -1 ]
   - [ 2.7856127929687500e+02, 1.7482997131347656e+02,
       4.6622028350830078e+00, 2.5130598449707031e+02,
       3.7931460887193680e-02, 2163200, -1 ]
   - [ 2.7932809448242188e+02, 7.6416786193847656e+01,
       6.7135744094848633e+00, 2.7681396484375000e+02,
       1.6366314142942429e-02, 11797248, -1 ]
   - [ 2.8253344726562500e+02, 7.0988891601562500e+01,
       3.7651340961456299e+00, 1.3130555725097656e+02,
       1.3691793195903301e-02, 3408128, -1 ]
   - [ 2.8253344726562500e+02, 7.0988891601562500e+01,
       3.7651340961456299e+00, 2.6994927978515625e+02,
       1.3691793195903301e-02, 3408128, -1 ]
   - [ 2.8392288208007812e+02, 5.5618129730224609e+01,
       5.2422294616699219e+00, 7.1903442382812500e+01,
       5.9795558452606201e-02, 10617344, -1 ]
   - [ 2.8862197875976562e+02, 1.6511524963378906e+02,
       3.4142327308654785e+00, 1.8107209777832031e+02,
       3.5721976310014725e-02, 13042687, -1 ]
   - [ 2.9095321655273438e+02, 1.6158541870117188e+02,
       2.4783632755279541e+00, 1.0660354614257812e+02,
       3.7134971469640732e-02, 6554367, -1 ]
   - [ 2.9150650024414062e+02, 8.5651603698730469e+01,
       1.1037590980529785e+01, 2.4955320739746094e+02,
       2.9676923528313637e-02, 14352897, -1 ]
   - [ 2.9463528442382812e+02, 6.0256336212158203e+01,
       1.1186202049255371e+01, 6.9070800781250000e+01,
       5.6122045964002609e-02, 15335937, -1 ]
   - [ 2.9738787841796875e+02, 1.7559185791015625e+02,
       1.5557108879089355e+01, 2.2997874450683594e+02,
       3.3312197774648666e-02, 5767426, -1 ]
   - [ 2.9738787841796875e+02, 1.7559185791015625e+02,
       1.5557108879089355e+01, 3.2574786376953125e+02,
       3.3312197774648666e-02, 5767426, -1 ]
   - [ 2.9905581665039062e+02, 7.7842735290527344e+01,
       3.1043283939361572e+00, 1.5272863769531250e+02,
       1.9860550761222839e-02, 6161407, -1 ]
   - [ 2.9905581665039062e+02, 7.7842735290527344e+01,
       3.1043283939361572e+00, 2.9851690673828125e+02,
       1.9860550761222839e-02, 6161407, -1 ]
   - [ 3.0082308959960938e+02, 9.3972572326660156e+01,
       7.9627146720886230e+00, 2.4874348449707031e+02,
       3.8371473550796509e-02, 7471361, -1 ]
   - [ 3.0114068603515625e+02, 1.6369947814941406e+02,
       3.1508357524871826e+00, 8.7953521728515625e+01,
       3.7169326096773148e-02, 7209983, -1 ]
   - [ 3.0114068603515625e+02, 1.6369947814941406e+02,
