%YAML:1.0
---
maskKeypoints:
   - [ 5.8239393234252930e+00, 1.0958852386474609e+02,
       3.9700577259063721e+00, 1.5551995849609375e+02,
       2.9868340119719505e-02, 7209216, -1 ]
   - [ 6.9525165557861328e+00, 5.5836846923828125e+02,
       2.6500434875488281e+00, 1.0038757324218750e+01,
       7.8737542033195496e-02, 11404031, -1 ]
   - [ 6.9525165557861328e+00, 5.5836846923828125e+02,
       2.6500434875488281e+00, 2.0454130554199219e+02,
       7.8737542033195496e-02, 11404031, -1 ]
   - [ 8.9162750244140625e+00, 5.5195013427734375e+02,
       2.9740593433380127e+00, 1.8943756103515625e+01,
       8.8287986814975739e-02, 3081215, -1 ]
   - [ 8.9162750244140625e+00, 5.5195013427734375e+02,
       2.9740593433380127e+00, 1.9355639648437500e+02,
       8.8287986814975739e-02, 3081215, -1 ]
   - [ 3.7191683959960938e+02, 4.6661380004882812e+02,
       8.3710622787475586e+00, 1.4418518066406250e+01,
       7.8269399702548981e-02, 11075841, -1 ]
   - [ 3.7391928100585938e+02, 6.2831402587890625e+02,
       3.3489768505096436e+00, 3.1328588867187500e+02,
       6.1035238206386566e-02, 11666431, -1 ]
   - [ 3.7516043090820312e+02, 6.0953356933593750e+02,
       1.9669712781906128e+00, 3.2241943359375000e+01,
       3.4847892820835114e-02, 6554111, -1 ]
   - [ 3.7711468505859375e+02, 4.6399890136718750e+02,
       3.3217651844024658e+00, 1.8844725036621094e+02,
       2.1732183173298836e-02, 11076607, -1 ]
   - [ 3.8724084472656250e+02, 6.0077960205078125e+02,
       5.1273050308227539e+00, 5.0035675048828125e+01,
       2.3592121899127960e-02, 9044480, -1 ]
   - [ 3.8760418701171875e+02, 5.9429620361328125e+02,
       3.9477832317352295e+00, 5.2816406250000000e+01,
       2.7412081137299538e-02, 6816000, -1 ]
   - [ 3.9486254882812500e+02, 4.7676473999023438e+02,
       3.6126918792724609e+00, 2.6078958129882812e+02,
       4.3334219604730606e-02, 393472, -1 ]
   - [ 3.9606851196289062e+02, 6.3658477783203125e+02,
       4.8151650428771973e+00, 2.8491400146484375e+02,
       3.9158318191766739e-02, 4456960, -1 ]
   - [ 4.0195288085937500e+02, 4.7232318115234375e+02,
       2.2614886760711670e+00, 2.5509497070312500e+02,
       4.4317569583654404e-02, 16646655, -1 ]
   - [ 4.1145834350585938e+02, 3.9888967895507812e+02,
       5.3104372024536133e+00, 4.9469940185546875e+01,
       5.0824269652366638e-02, 11600384, -1 ]
   - [ 4.1282858276367188e+02, 6.3483123779296875e+02,
       1.3383058547973633e+01, 2.8201242065429688e+02,
       4.9086246639490128e-02, 11600641, -1 ]
   - [ 4.1402593994140625e+02, 4.7210977172851562e+02,
       4.0072159767150879e+00, 2.5566146850585938e+02,
       4.8402223736047745e-02, 7930112, -1 ]
   - [ 4.1618789672851562e+02, 5.7255987548828125e+02,
       4.4765529632568359e+00, 5.9160858154296875e+01,
       2.3974107578396797e-02, 15925504, -1 ]
   - [ 4.2612246704101562e+02, 6.4221569824218750e+02,
       6.9941568374633789e+00, 2.8157443237304688e+02,
       4.3976627290248871e-02, 14746368, -1 ]
   - [ 4.2621524047851562e+02, 6.4172668457031250e+02,
       7.6691017150878906e+00, 2.8050555419921875e+02,
       4.3817650526762009e-02, 4718849, -1 ]
   - [ 4.4463159179687500e+02, 4.6226626586914062e+02,
       4.1118831634521484e+00, 2.5004846191406250e+02,
       5.1203642040491104e-02, 9765120, -1 ]
   - [ 4.5596493530273438e+02, 6.0818750000000000e+02,
       6.6814758300781250e+01, 7.4187042236328125e+01,
       9.1347858309745789e-02, 10879236, -1 ]
   - [ 4.5596493530273438e+02, 6.0818750000000000e+02,
       6.6814758300781250e+01, 2.5604711914062500e+02,
       9.1347858309745789e-02, 10879236, -1 ]
   - [ 4.5697741699218750e+02, 6.4908654785156250e+02,
       3.7980217933654785e+00, 2.5580923461914062e+02,
       3.4778419882059097e-02, 4063488, -1 ]
   - [ 4.5704687500000000e+02, 5.6221154785156250e+02,
       3.8446164131164551e+00, 8.0454162597656250e+01,
       2.8336824849247932e-02, 4915456, -1 ]
   - [ 4.6060702514648438e+02, 4.1342083740234375e+02,
       6.8650444030761719e+01, 6.9617950439453125e+01,
       1.2109864503145218e-01, 12845316, -1 ]
   - [ 4.6060702514648438e+02, 4.1342083740234375e+02,
       6.8650444030761719e+01, 2.4630151367187500e+02,
       1.2109864503145218e-01, 12845316, -1 ]
   - [ 4.6205566406250000e+02, 3.6501834106445312e+02,
       4.9539127349853516e+00, 7.0110595703125000e+01,
       4.5543365180492401e-02, 6554112, -1 ]
   - [ 4.8956585693359375e+02, 5.8699975585937500e+02,
       2.2237966060638428e+00, 6.7118652343750000e+01,
       1.6748119145631790e-02, 15467007, -1 ]
   - [ 5.3271636962890625e+02, 3.4781408691406250e+02,
       2.0324691772460938e+01, 8.0416687011718750e+01,
       5.5129490792751312e-02, 8389122, -1 ]
   - [ 5.4816949462890625e+02, 3.6343579101562500e+02,
       3.4822125434875488e+00, 8.7709777832031250e+01,
       2.3467158898711205e-02, 14484479, -1 ]
   - [ 5.5168188476562500e+02, 3.4991638183593750e+02,
       5.2307906150817871e+00, 3.9902465820312500e+01,
       3.9798893034458160e-02, 10486272, -1 ]
   - [ 5.5168188476562500e+02, 3.4991638183593750e+02,
       5.2307906150817871e+00, 6.5773498535156250e+01,
       3.9798893034458160e-02, 10486272, -1 ]
   - [ 5.5242590332031250e+02, 4.8464578247070312e+02,
       8.6039276123046875e+01, 2.4538967895507812e+02,
       8.1182509660720825e-02, 12452356, -1 ]
   - [ 5.5280456542968750e+02, 3.5868362426757812e+02,
       3.8151929378509521e+00, 7.8745697021484375e+01,
       1.7897956073284149e-02, 4391168, -1 ]
   - [ 5.5693719482421875e+02, 3.4087371826171875e+02,
       6.1404027938842773e+00, 6.0986877441406250e+01,
       3.1544134020805359e-02, 5374720, -1 ]
   - [ 5.5737939453125000e+02, 3.6222491455078125e+02,
       4.1666407585144043e+00, 7.8317443847656250e+01,
       2.0833427086472511e-02, 10748160, -1 ]
   - [ 5.6622961425781250e+02, 5.6010247802734375e+02,
       4.0494365692138672e+00, 7.3901214599609375e+01,
       2.2536743432283401e-02, 8651008, -1 ]
   - [ 5.6688995361328125e+02, 3.3954156494140625e+02,
       2.8196895122528076e+00, 6.6615936279296875e+01,
       6.0935124754905701e-02, 15926015, -1 ]
   - [ 5.7161553955078125e+02, 3.3596716308593750e+02,
       3.8512890338897705e+00, 7.3742675781250000e+01,
       3.4768495708703995e-02, 5046528, -1 ]
   - [ 5.7680169677734375e+02, 3.8809680175781250e+02,
       1.1312077522277832e+01, 2.4745556640625000e+02,
       5.1682487130165100e-02, 16122369, -1 ]
   - [ 5.7680303955078125e+02, 5.9797106933593750e+02,
       3.8419601917266846e+00, 2.6177383422851562e+02,
       4.0625382214784622e-02, 4849920, -1 ]
   - [ 5.7803088378906250e+02, 3.3775216674804688e+02,
       3.5983605384826660e+00, 6.7083404541015625e+01,
       3.3545680344104767e-02, 131328, -1 ]
   - [ 5.8345709228515625e+02, 5.2537658691406250e+02,
       4.4510547637939453e+01, 1.2395477294921875e+01,
       5.4945357143878937e-02, 14942723, -1 ]
   - [ 5.8345709228515625e+02, 5.2537658691406250e+02,
       4.4510547637939453e+01, 7.0961029052734375e+01,
       5.4945357143878937e-02, 14942723, -1 ]
   - [ 5.8426403808593750e+02, 3.3097091674804688e+02,
       4.0776672363281250e+00, 6.5430938720703125e+01,
       3.0806420370936394e-02, 9175296, -1 ]
   - [ 5.8507733154296875e+02, 3.7719879150390625e+02,
       5.8092513084411621e+00, 2.1907305908203125e+02,
       4.3444216251373291e-02, 1377024, -1 ]
   - [ 5.8589440917968750e+02, 4.3473510742187500e+02,
       5.5727336883544922e+01, 2.4111524963378906e+02,
       7.4831657111644745e-02, 14484227, -1 ]
   - [ 5.8738836669921875e+02, 3.5732095336914062e+02,
       6.9699892997741699e+00, 8.3396209716796875e+01,
       2.5910941883921623e-02, 14549760, -1 ]
   - [ 5.8753875732421875e+02, 3.6792037963867188e+02,
       4.4539489746093750e+00, 1.9459649658203125e+02,
       2.1849678829312325e-02, 15532288, -1 ]
   - [ 5.9314898681640625e+02, 3.7795245361328125e+02,
       2.7927608489990234e+00, 7.7111358642578125e+01,
       1.5536857768893242e-02, 15205119, -1 ]
