%YAML:1.0
---
maskKeypoints:
   - [ 1.7445860290527344e+02, 6.5377246093750000e+02,
       2.9659440517425537e+00, 2.6373120117187500e+02,
       9.8622940480709076e-02, 2884607, -1 ]
   - [ 3.1678317260742188e+02, 4.0157913208007812e+02,
       1.8071870803833008e+00, 2.8970431518554688e+02,
       4.6579714864492416e-02, 459263, -1 ]
   - [ 3.1806948852539062e+02, 3.7411621093750000e+02,
       2.1206042766571045e+00, 6.3463287353515625e+01,
       5.3671266883611679e-02, 11993599, -1 ]
   - [ 3.2076290893554688e+02, 3.8737191772460938e+02,
       1.9461025238037109e+01, 6.6948211669921875e+01,
       8.6771726608276367e-02, 5243394, -1 ]
   - [ 3.2076290893554688e+02, 3.8737191772460938e+02,
       1.9461025238037109e+01, 3.0191824340820312e+02,
       8.6771726608276367e-02, 5243394, -1 ]
   - [ 3.2436557006835938e+02, 3.8757431030273438e+02,
       2.3388715744018555e+01, 6.5346832275390625e+01,
       8.5655100643634796e-02, 1835778, -1 ]
   - [ 3.2436557006835938e+02, 3.8757431030273438e+02,
       2.3388715744018555e+01, 3.0409487915039062e+02,
       8.5655100643634796e-02, 1835778, -1 ]
   - [ 3.2704754638671875e+02, 3.8717425537109375e+02,
       1.9773916006088257e+00, 1.4854112243652344e+02,
       2.0658239722251892e-02, 6947327, -1 ]
   - [ 3.2721395874023438e+02, 3.8192312622070312e+02,
       2.0468404293060303e+00, 2.3208412170410156e+02,
       2.0276764407753944e-02, 9437695, -1 ]
   - [ 3.3388677978515625e+02, 3.9265011596679688e+02,
       3.9652957916259766e+00, 9.0455261230468750e+01,
       3.1275492161512375e-02, 7143680, -1 ]
   - [ 3.3514035034179688e+02, 3.8314739990234375e+02,
       2.8792550563812256e+00, 2.7084463500976562e+02,
       3.0781188979744911e-02, 721919, -1 ]
   - [ 3.4076849365234375e+02, 3.7968395996093750e+02,
       2.1001908779144287e+00, 2.9905609130859375e+02,
       1.6845667734742165e-02, 11338239, -1 ]
   - [ 3.4357128906250000e+02, 3.8611437988281250e+02,
       1.9203417301177979e+00, 1.5115814208984375e+01,
       1.4937696047127247e-02, 4850175, -1 ]
   - [ 3.4396789550781250e+02, 4.2242999267578125e+02,
       1.9853376388549805e+01, 3.0410083007812500e+02,
       5.6495204567909241e-02, 6685186, -1 ]
   - [ 3.5641903686523438e+02, 4.1794738769531250e+02,
       2.0806400775909424e+00, 3.2977752685546875e+02,
       4.8486355692148209e-02, 10617343, -1 ]
   - [ 3.5948107910156250e+02, 4.2966241455078125e+02,
       2.4734079837799072e+00, 9.1744384765625000e+00,
       4.5671582221984863e-02, 6423295, -1 ]
   - [ 3.5948107910156250e+02, 4.2966241455078125e+02,
       2.4734079837799072e+00, 3.4304708862304688e+02,
       4.5671582221984863e-02, 6423295, -1 ]
   - [ 3.6086770629882812e+02, 4.1712353515625000e+02,
       1.9000974893569946e+00, 3.3662020874023438e+02,
       1.6371916979551315e-02, 4063743, -1 ]
   - [ 3.6222250366210938e+02, 4.3541519165039062e+02,
       4.2220172882080078e+00, 3.5638861083984375e+02,
       4.8607788980007172e-02, 11665664, -1 ]
   - [ 3.6382666015625000e+02, 3.5436032104492188e+02,
       3.8395810127258301e+00, 3.0073242187500000e+01,
       4.1704341769218445e-02, 4849920, -1 ]
   - [ 3.6781372070312500e+02, 4.3991149902343750e+02,
       9.5027799606323242e+00, 2.9664135742187500e+02,
       5.2329130470752716e-02, 3539457, -1 ]
   - [ 3.6781372070312500e+02, 4.3991149902343750e+02,
       9.5027799606323242e+00, 3.3674682617187500e+02,
       5.2329130470752716e-02, 3539457, -1 ]
   - [ 3.7191128540039062e+02, 4.4196365356445312e+02,
       2.5421829223632812e+00, 2.7931094360351562e+02,
       1.4424658380448818e-02, 8454911, -1 ]
   - [ 3.7229522705078125e+02, 3.7079779052734375e+02,
       8.9812307357788086e+00, 1.1089639282226562e+02,
       1.3834548182785511e-02, 16122113, -1 ]
   - [ 3.7426577758789062e+02, 3.8890390014648438e+02,
       2.9199199676513672e+00, 7.3360687255859375e+01,
       2.2356964647769928e-02, 1704959, -1 ]
   - [ 3.7502127075195312e+02, 4.2689898681640625e+02,
       2.4046885967254639e+00, 2.7482940673828125e+02,
       1.5886768698692322e-02, 4391679, -1 ]
   - [ 3.7722564697265625e+02, 4.4856723022460938e+02,
       1.9112942218780518e+00, 2.8649017333984375e+02,
       3.3619560301303864e-02, 4522495, -1 ]
   - [ 3.7723568725585938e+02, 4.4306274414062500e+02,
       2.7619616985321045e+00, 2.8029870605468750e+02,
       2.3269154131412506e-02, 14418687, -1 ]
   - [ 3.8007818603515625e+02, 3.7244921875000000e+02,
       2.7973592281341553e+00, 2.8827496337890625e+02,
       1.3989310711622238e-02, 15336191, -1 ]
   - [ 3.8278704833984375e+02, 4.2431341552734375e+02,
       6.6797752380371094e+00, 2.7786926269531250e+02,
       1.5834363177418709e-02, 11469568, -1 ]
   - [ 3.8330334472656250e+02, 3.8077270507812500e+02,
       2.4709625244140625e+00, 1.4509631347656250e+02,
       1.6102951020002365e-02, 6357759, -1 ]
   - [ 3.8444662475585938e+02, 3.2698318481445312e+02,
       1.8154028654098511e+00, 8.8022399902343750e+01,
       4.7089394181966782e-02, 786943, -1 ]
   - [ 3.8453936767578125e+02, 4.5307086181640625e+02,
       4.2801241874694824e+00, 2.7858306884765625e+02,
       2.9027126729488373e-02, 12648704, -1 ]
   - [ 3.8468081665039062e+02, 3.3492648315429688e+02,
       3.1137666702270508e+00, 2.8779125976562500e+02,
       1.9488967955112457e-02, 6358015, -1 ]
   - [ 3.8738510131835938e+02, 3.7753195190429688e+02,
       4.7312459945678711e+00, 1.3200149536132812e+02,
       2.1241441369056702e-02, 3211776, -1 ]
   - [ 3.8861233520507812e+02, 4.4117749023437500e+02,
       1.9530210494995117e+00, 9.9143310546875000e+01,
       1.9280364736914635e-02, 6095359, -1 ]
   - [ 3.9004843139648438e+02, 4.3234362792968750e+02,
       4.6010661125183105e+00, 2.7555639648437500e+02,
       2.1583536639809608e-02, 1180160, -1 ]
   - [ 3.9084588623046875e+02, 3.8770120239257812e+02,
       7.8814567565917969e+01, 8.9212585449218750e+01,
       8.2970187067985535e-02, 6160900, -1 ]
   - [ 3.9084588623046875e+02, 3.8770120239257812e+02,
       7.8814567565917969e+01, 3.2021768188476562e+02,
       8.2970187067985535e-02, 6160900, -1 ]
   - [ 3.9212567138671875e+02, 4.3792868041992188e+02,
       3.2121677398681641e+00, 8.8564056396484375e+01,
       1.4685628935694695e-02, 8651775, -1 ]
   - [ 3.9248947143554688e+02, 3.2763095092773438e+02,
       3.0659234523773193e+00, 9.5390472412109375e+01,
       4.8339113593101501e-02, 5243903, -1 ]
   - [ 3.9300241088867188e+02, 3.8902014160156250e+02,
       2.5303208827972412e+00, 1.1262927246093750e+02,
       1.6578014940023422e-02, 8061695, -1 ]
   - [ 3.9300241088867188e+02, 3.8902014160156250e+02,
       2.5303208827972412e+00, 2.3579946899414062e+02,
       1.6578014940023422e-02, 8061695, -1 ]
   - [ 3.9344509887695312e+02, 3.4351513671875000e+02,
       3.0018512725830078e+01, 5.0480529785156250e+01,
       6.0647733509540558e-02, 3145987, -1 ]
   - [ 3.9344509887695312e+02, 3.4351513671875000e+02,
       3.0018512725830078e+01, 9.3717163085937500e+01,
       6.0647733509540558e-02, 3145987, -1 ]
   - [ 3.9700698852539062e+02, 3.9551229858398438e+02,
       6.4750475883483887e+00, 1.0364025878906250e+02,
       2.4351088330149651e-02, 9175808, -1 ]
   - [ 3.9917532348632812e+02, 4.3828631591796875e+02,
       2.9819538593292236e+00, 1.0142257690429688e+02,
       1.6204413026571274e-02, 3277823, -1 ]
   - [ 3.9917532348632812e+02, 4.3828631591796875e+02,
       2.9819538593292236e+00, 2.5440434265136719e+02,
       1.6204413026571274e-02, 3277823, -1 ]
   - [ 3.9950140380859375e+02, 4.5143234252929688e+02,
       2.0993137359619141e+00, 2.6995065307617188e+02,
       3.0162353068590164e-02, 11272703, -1 ]
   - [ 4.0016030883789062e+02, 4.8997048950195312e+02,
       3.3497307300567627e+00, 7.5525146484375000e+01,
       4.9043487757444382e-02, 11666431, -1 ]
   - [ 4.0188134765625000e+02, 4.3315985107421875e+02,
       4.2542891502380371e+00, 2.6791149902343750e+02,
       1.6344321891665459e-02, 12255488, -1 ]
   - [ 4.0193630981445312e+02, 5.0586590576171875e+02,
