%YAML:1.0
---
maskKeypoints:
   - [ 3.1323162841796875e+02, 1.1640954589843750e+03,
       4.2168984413146973e+00, 8.5571228027343750e+01,
       9.3770168721675873e-02, 11600128, -1 ]
   - [ 3.1323162841796875e+02, 1.1640954589843750e+03,
       4.2168984413146973e+00, 2.9098934936523438e+02,
       9.3770168721675873e-02, 11600128, -1 ]
   - [ 3.2873941040039062e+02, 1.1653305664062500e+03,
       4.1173825263977051e+00, 1.0644796752929688e+02,
       9.5118887722492218e-02, 9896192, -1 ]
   - [ 3.2873941040039062e+02, 1.1653305664062500e+03,
       4.1173825263977051e+00, 2.6591333007812500e+02,
       9.5118887722492218e-02, 9896192, -1 ]
   - [ 5.0114443969726562e+02, 7.4765051269531250e+02,
       4.1622819900512695e+00, 4.6490905761718750e+01,
       4.0910840034484863e-02, 10682624, -1 ]
   - [ 5.1239752197265625e+02, 7.7188366699218750e+02,
       3.1611963272094727e+01, 4.3809753417968750e+01,
       8.4285944700241089e-02, 6881539, -1 ]
   - [ 5.3189807128906250e+02, 9.9143342971801758e+00,
       7.2066812515258789e+00, 3.0457330322265625e+02,
       3.8069400936365128e-02, 262401, -1 ]
   - [ 5.3195922851562500e+02, 8.9821166992187500e+00,
       6.2110152244567871e+00, 3.0518338012695312e+02,
       3.8612730801105499e-02, 6161152, -1 ]
   - [ 5.3219952392578125e+02, 8.1192474365234375e+02,
       1.3592226982116699e+01, 2.8479400634765625e+02,
       6.4922071993350983e-02, 12714753, -1 ]
   - [ 5.3219952392578125e+02, 8.1192474365234375e+02,
       1.3592226982116699e+01, 3.5151806640625000e+02,
       6.4922071993350983e-02, 12714753, -1 ]
   - [ 5.3466711425781250e+02, 7.5768383789062500e+02,
       1.2986680984497070e+01, 6.3052124023437500e+01,
       3.7516668438911438e-02, 9372417, -1 ]
   - [ 5.3466717529296875e+02, 7.7258227539062500e+02,
       9.4653568267822266e+00, 8.6102691650390625e+01,
       1.5710620209574699e-02, 3211777, -1 ]
   - [ 5.3625421142578125e+02, 7.4956396484375000e+02,
       5.1053085327148438e+00, 2.4027371215820312e+02,
       1.4872482046484947e-02, 8716800, -1 ]
   - [ 5.3758386230468750e+02, 8.0152740478515625e+02,
       4.1347379684448242e+00, 2.9406274414062500e+02,
       2.6055058464407921e-02, 10158336, -1 ]
   - [ 5.3899554443359375e+02, 7.0776263427734375e+02,
       2.3739116668701172e+01, 5.3097534179687500e+01,
       6.5682619810104370e-02, 2884354, -1 ]
   - [ 5.4048278808593750e+02, 7.8891479492187500e+02,
       2.8393349647521973e+00, 2.7122009277343750e+02,
       1.4015289954841137e-02, 16450303, -1 ]
   - [ 5.4212969970703125e+02, 8.1871459960937500e+02,
       3.9392719268798828e+00, 2.4512023925781250e+00,
       3.8774557411670685e-02, 6684928, -1 ]
   - [ 5.4505810546875000e+02, 8.3997235107421875e+02,
       1.9821100234985352e+00, 3.1209689331054688e+02,
       5.3164392709732056e-02, 7143935, -1 ]
   - [ 5.4505810546875000e+02, 8.3997235107421875e+02,
       1.9821100234985352e+00, 3.4087014770507812e+02,
       5.3164392709732056e-02, 7143935, -1 ]
   - [ 5.5078198242187500e+02, 7.2236322021484375e+02,
       3.1207540035247803e+00, 6.6320922851562500e+01,
       4.1028078645467758e-02, 6554623, -1 ]
   - [ 5.5087219238281250e+02, 7.0174468994140625e+02,
       4.8098297119140625e+00, 3.4439733886718750e+02,
       4.1451137512922287e-02, 4391424, -1 ]
   - [ 5.5177392578125000e+02, 6.2988696289062500e+02,
       6.4892134666442871e+00, 2.9578125000000000e+01,
       4.8872534185647964e-02, 9372416, -1 ]
   - [ 5.5259130859375000e+02, 6.3055932617187500e+02,
       4.6626267433166504e+00, 3.2846405029296875e+01,
       4.9245838075876236e-02, 2163200, -1 ]
   - [ 5.5305535888671875e+02, 8.2851776123046875e+02,
       1.8675388336181641e+01, 3.3472140502929688e+02,
       4.9567539244890213e-02, 2228738, -1 ]
   - [ 5.5368750000000000e+02, 8.5587249755859375e+02,
       9.4626989364624023e+00, 3.4603613281250000e+02,
       4.5563012361526489e-02, 3211777, -1 ]
   - [ 5.5564471435546875e+02, 8.5522314453125000e+02,
       6.8185729980468750e+00, 3.5455966186523438e+02,
       4.6856511384248734e-02, 12911360, -1 ]
   - [ 5.6089593505859375e+02, 6.2622521972656250e+02,
       6.6844325065612793e+00, 2.3928771972656250e+01,
       4.1749913245439529e-02, 11469568, -1 ]
   - [ 5.6240527343750000e+02, 6.2606707763671875e+02,
       8.9085378646850586e+00, 2.7158996582031250e+01,
       4.0961936116218567e-02, 15532289, -1 ]
   - [ 5.6954309082031250e+02, 8.6662365722656250e+02,
       1.3292978286743164e+01, 3.2475491333007812e+02,
       5.5667407810688019e-02, 11076353, -1 ]
   - [ 5.7161938476562500e+02, 8.6709234619140625e+02,
       1.5193031311035156e+01, 3.1895587158203125e+02,
       5.5116351693868637e-02, 4063490, -1 ]
   - [ 5.7536389160156250e+02, 3.1630722045898438e+01,
       1.5992329597473145e+01, 2.8263009643554688e+02,
       3.3519200980663300e-02, 7733506, -1 ]
   - [ 5.7974737548828125e+02, 6.2433666992187500e+02,
       2.7391544342041016e+01, 7.6952239990234375e+01,
       6.4139313995838165e-02, 13239042, -1 ]
   - [ 5.8090618896484375e+02, 8.7674670410156250e+02,
       3.7588882446289062e+00, 2.9403704833984375e+02,
       1.6966063529253006e-02, 3277056, -1 ]
   - [ 5.8476800537109375e+02, 7.1587054443359375e+02,
       1.3099061965942383e+01, 9.4985198974609375e+01,
       1.3855917379260063e-02, 10027777, -1 ]
   - [ 5.8511865234375000e+02, 8.9390826416015625e+02,
       1.3233230590820312e+01, 3.1682827758789062e+02,
       5.6380327790975571e-02, 10748673, -1 ]
   - [ 5.8661254882812500e+02, 6.4354864501953125e+02,
       1.1728732109069824e+01, 2.5878189086914062e+02,
       1.3856737874448299e-02, 2032385, -1 ]
   - [ 5.8799139404296875e+02, 6.0321197509765625e+02,
       4.5584039688110352e+00, 8.3725311279296875e+01,
       4.2739816009998322e-02, 524800, -1 ]
   - [ 5.8843719482421875e+02, 6.2305029296875000e+02,
       1.8870834112167358e+00, 9.9406036376953125e+01,
       1.6114128753542900e-02, 3604991, -1 ]
   - [ 5.9317767333984375e+02, 2.5935651779174805e+01,
       4.8137803077697754e+00, 2.8389871215820312e+02,
       4.4618815183639526e-02, 4456960, -1 ]
   - [ 5.9568658447265625e+02, 6.4587030029296875e+02,
       6.7338615417480469e+01, 2.3600891113281250e+01,
       6.4660444855690002e-02, 11469060, -1 ]
   - [ 5.9568658447265625e+02, 6.4587030029296875e+02,
       6.7338615417480469e+01, 8.6287933349609375e+01,
       6.4660444855690002e-02, 11469060, -1 ]
   - [ 5.9803979492187500e+02, 6.0215612792968750e+02,
       4.7090950012207031e+00, 8.4095794677734375e+01,
       4.2398702353239059e-02, 2884096, -1 ]
   - [ 6.0078515625000000e+02, 8.4103576660156250e+02,
       2.9003441333770752e+00, 2.7278167724609375e+02,
       1.5736527740955353e-02, 1246207, -1 ]
   - [ 6.0255609130859375e+02, 8.3577679443359375e+02,
       5.6206007003784180e+00, 2.6764538574218750e+02,
       1.4132515527307987e-02, 15663616, -1 ]
   - [ 6.0357659912109375e+02, 8.3229156494140625e+02,
       1.0385722160339355e+01, 2.6434039306640625e+02,
       1.4087880961596966e-02, 9961985, -1 ]
   - [ 6.0447784423828125e+02, 6.4578552246093750e+02,
       1.5974634170532227e+01, 2.5992907714843750e+02,
       1.3828234747052193e-02, 7667970, -1 ]
   - [ 6.0517767333984375e+02, 3.1965972900390625e+01,
       3.4093911647796631e+00, 2.8357107543945312e+02,
       3.5655893385410309e-02, 12911615, -1 ]
   - [ 6.1700634765625000e+02, 3.2031719207763672e+01,
       3.8804581165313721e+00, 2.8845245361328125e+02,
       4.4015798717737198e-02, 5570816, -1 ]
   - [ 6.2382836914062500e+02, 7.2566033935546875e+02,
       1.2129846572875977e+01, 8.1973571777343750e+01,
       1.8904685974121094e-02, 4457217, -1 ]
   - [ 6.2382836914062500e+02, 7.2566033935546875e+02,
       1.2129846572875977e+01, 1.3412564086914062e+02,
       1.8904685974121094e-02, 4457217, -1 ]
   - [ 6.2382836914062500e+02, 7.2566033935546875e+02,
       1.2129846572875977e+01, 2.5300775146484375e+02,
       1.8904685974121094e-02, 4457217, -1 ]
