%YAML:1.0
---
maskKeypoints:
   - [ 4.6692901611328125e+01, 7.0301559448242188e+01,
       4.0267629623413086e+00, 1.4174858093261719e+02,
       6.1555340886116028e-02, 8257792, -1 ]
   - [ 4.6692901611328125e+01, 7.0301559448242188e+01,
       4.0267629623413086e+00, 3.5882717895507812e+02,
       6.1555340886116028e-02, 8257792, -1 ]
   - [ 5.0956035614013672e+01, 1.0324860382080078e+02,
       1.5201342582702637e+01, 6.7352905273437500e+00,
       7.1852199733257294e-02, 4063490, -1 ]
   - [ 5.0956035614013672e+01, 1.0324860382080078e+02,
       1.5201342582702637e+01, 1.8133668518066406e+02,
       7.1852199733257294e-02, 4063490, -1 ]
   - [ 5.1913688659667969e+01, 8.5684944152832031e+01,
       1.2005452156066895e+01, 1.1887207031250000e+01,
       5.9717327356338501e-02, 3736321, -1 ]
   - [ 5.1913688659667969e+01, 8.5684944152832031e+01,
       1.2005452156066895e+01, 1.6556565856933594e+02,
       5.9717327356338501e-02, 3736321, -1 ]
   - [ 6.3864009857177734e+01, 9.5640457153320312e+01,
       7.5249352455139160e+00, 1.7715715026855469e+02,
       2.9277971014380455e-02, 3342593, -1 ]
   - [ 3.0105789184570312e+02, 6.1077905273437500e+02,
       1.8411432504653931e+00, 1.2035278320312500e+01,
       5.4545082151889801e-02, 1769983, -1 ]
   - [ 3.2421575927734375e+02, 5.7554699707031250e+02,
       2.3209440231323242e+01, 6.2612457275390625e+01,
       2.8980359435081482e-02, 1245954, -1 ]
   - [ 3.3074072265625000e+02, 4.6760784912109375e+02,
       4.7535319328308105e+00, 2.8844665527343750e+01,
       4.1053283959627151e-02, 3539456, -1 ]
   - [ 3.3354730224609375e+02, 5.8286602783203125e+02,
       2.5748012065887451e+00, 6.1511627197265625e+01,
       2.7806432917714119e-02, 9372415, -1 ]
   - [ 3.3438714599609375e+02, 4.7600134277343750e+02,
       6.8530459403991699e+00, 2.1026153564453125e+01,
       7.8427605330944061e-02, 13304576, -1 ]
   - [ 3.3508908081054688e+02, 6.2978723144531250e+02,
       1.2855441093444824e+01, 2.9078915405273438e+02,
       4.9233276396989822e-02, 8651521, -1 ]
   - [ 3.3835879516601562e+02, 4.6577432250976562e+02,
       5.4982872009277344e+00, 3.0006835937500000e+01,
       4.4536136090755463e-02, 14090752, -1 ]
   - [ 3.3905520629882812e+02, 6.2016473388671875e+02,
       2.8142049312591553e+00, 1.1211483764648438e+02,
       1.5953877940773964e-02, 15794943, -1 ]
   - [ 3.3973730468750000e+02, 4.7373797607421875e+02,
       2.6764509677886963e+00, 1.9150759887695312e+02,
       2.3552142083644867e-02, 12124927, -1 ]
   - [ 3.4482089233398438e+02, 6.3780828857421875e+02,
       6.7187228202819824e+00, 2.8918499755859375e+02,
       4.3022911995649338e-02, 11862784, -1 ]
   - [ 3.5168206787109375e+02, 6.2103668212890625e+02,
       2.1434714794158936e+00, 2.9962158203125000e+02,
       1.5112396329641342e-02, 12780031, -1 ]
   - [ 3.5693734741210938e+02, 4.8427319335937500e+02,
       2.2829380035400391e+00, 2.6270019531250000e+02,
       5.0407052040100098e-02, 656127, -1 ]
   - [ 3.5761929321289062e+02, 5.7430285644531250e+02,
       3.4256145954132080e+00, 7.2708557128906250e+01,
       2.3826479911804199e-02, 13304831, -1 ]
   - [ 3.5995547485351562e+02, 6.4202545166015625e+02,
       7.2611856460571289e+00, 2.7675506591796875e+02,
       4.7728430479764938e-02, 786689, -1 ]
   - [ 3.6023962402343750e+02, 6.4233422851562500e+02,
       6.9696283340454102e+00, 2.7833947753906250e+02,
       4.7991748899221420e-02, 14549760, -1 ]
   - [ 3.6371133422851562e+02, 4.8275076293945312e+02,
       3.0900309085845947e+00, 2.6346682739257812e+02,
       4.9585420638322830e-02, 5833727, -1 ]
   - [ 3.6392370605468750e+02, 4.8194607543945312e+02,
       4.1956305503845215e+00, 2.6233142089843750e+02,
       4.8516269773244858e-02, 11206912, -1 ]
   - [ 3.6816635131835938e+02, 4.8586221313476562e+02,
       3.8558444976806641e+00, 2.6309521484375000e+02,
       4.8985503613948822e-02, 5112064, -1 ]
   - [ 3.7142819213867188e+02, 5.7410681152343750e+02,
       8.5392427444458008e+00, 8.5782287597656250e+01,
       2.1375449374318123e-02, 12517633, -1 ]
   - [ 3.7725491333007812e+02, 4.2292221069335938e+02,
       5.1476097106933594e+00, 5.7415710449218750e+01,
       4.8058133572340012e-02, 9306624, -1 ]
   - [ 3.7743228149414062e+02, 5.9653607177734375e+02,
       1.8624540567398071e+00, 5.0325134277343750e+01,
       1.3426148332655430e-02, 2621951, -1 ]
   - [ 3.7743228149414062e+02, 5.9653607177734375e+02,
       1.8624540567398071e+00, 1.1053314208984375e+02,
       1.3426148332655430e-02, 2621951, -1 ]
   - [ 3.7833514404296875e+02, 4.8091848754882812e+02,
       2.6856131553649902e+00, 2.5955017089843750e+02,
       4.6632442623376846e-02, 12387071, -1 ]
   - [ 3.7885198974609375e+02, 6.1091894531250000e+02,
       6.0474994659423828e+01, 8.6308776855468750e+01,
       8.9107029139995575e-02, 3670276, -1 ]
   - [ 3.7885198974609375e+02, 6.1091894531250000e+02,
       6.0474994659423828e+01, 2.6392819213867188e+02,
       8.9107029139995575e-02, 3670276, -1 ]
   - [ 3.8167828369140625e+02, 4.8384729003906250e+02,
       3.7226390838623047e+00, 2.5997662353515625e+02,
       4.9034167081117630e-02, 2556160, -1 ]
   - [ 3.8573336791992188e+02, 5.7086328125000000e+02,
       3.3774402141571045e+00, 8.9727752685546875e+01,
       2.6980182155966759e-02, 12256255, -1 ]
   - [ 3.9119326782226562e+02, 4.8197436523437500e+02,
       3.8263516426086426e+00, 2.5921142578125000e+02,
       5.1504433155059814e-02, 4587776, -1 ]
   - [ 3.9918249511718750e+02, 6.0508715820312500e+02,
       2.3340880870819092e+00, 3.5302352905273438e+02,
       1.5580202452838421e-02, 2228991, -1 ]
   - [ 4.0241775512695312e+02, 4.7638623046875000e+02,
       1.9887679815292358e+00, 2.5698178100585938e+02,
       4.6348381787538528e-02, 7406079, -1 ]
   - [ 4.1488421630859375e+02, 4.4080294799804688e+02,
       5.8013813018798828e+01, 2.5583816528320312e+02,
       1.2045222520828247e-01, 655620, -1 ]
   - [ 4.2612301635742188e+02, 5.7916723632812500e+02,
       5.2853226661682129e+00, 1.0236117553710938e+02,
       2.4458985775709152e-02, 11207168, -1 ]
   - [ 4.3647039794921875e+02, 5.9688653564453125e+02,
       1.8423557281494141e+00, 1.0779037475585938e+02,
       1.3505939394235611e-02, 1835519, -1 ]
   - [ 4.4087802124023438e+02, 6.2288067626953125e+02,
       3.9449565410614014e+00, 2.5083660888671875e+02,
       4.0526077151298523e-02, 6750464, -1 ]
   - [ 4.4098611450195312e+02, 6.2329534912109375e+02,
       3.4001739025115967e+00, 2.5239437866210938e+02,
       4.1052728891372681e-02, 12715007, -1 ]
   - [ 4.4898556518554688e+02, 5.9793402099609375e+02,
       2.4153738021850586e+00, 1.0196496582031250e+02,
       1.5233242884278297e-02, 4719359, -1 ]
   - [ 4.4954702758789062e+02, 5.9510144042968750e+02,
       2.0176296234130859e+00, 1.0225820922851562e+02,
       1.5337314456701279e-02, 8389119, -1 ]
   - [ 4.5861859130859375e+02, 5.7979821777343750e+02,
       4.2749795913696289e+00, 9.1550201416015625e+01,
       2.3608719930052757e-02, 12583168, -1 ]
   - [ 4.5872567749023438e+02, 5.8052893066406250e+02,
       3.0584628582000732e+00, 9.2970397949218750e+01,
       2.4162711575627327e-02, 5112831, -1 ]
   - [ 4.6200585937500000e+02, 6.2197924804687500e+02,
       3.9779629707336426e+00, 2.6263504028320312e+02,
       4.0456414222717285e-02, 7405824, -1 ]
   - [ 4.6254882812500000e+02, 4.0234680175781250e+02,
       2.0653917789459229e+00, 9.8096832275390625e+01,
       4.3773777782917023e-02, 10093055, -1 ]
   - [ 4.7724734497070312e+02, 6.2004455566406250e+02,
       4.0864663124084473e+00, 2.6341543579101562e+02,
       3.9926875382661819e-02, 9306368, -1 ]
   - [ 4.7782894897460938e+02, 5.1746136474609375e+02,
       7.5619071960449219e+01, 2.5834957885742188e+02,
       7.9646036028862000e-02, 3146244, -1 ]
   - [ 4.8118664550781250e+02, 5.8376800537109375e+02,
       3.0873639583587646e+00, 8.7174682617187500e+01,
       2.4654608219861984e-02, 5768191, -1 ]
