%YAML:1.0
---
maskKeypoints:
   - [ 1.4207696533203125e+02, 6.1868933105468750e+02,
       2.8319215774536133e+00, 6.8364318847656250e+01,
       1.0157201439142227e-01, 16253695, -1 ]
   - [ 1.5238624572753906e+02, 6.1744158935546875e+02,
       2.8670613765716553e+00, 9.4879821777343750e+01,
       9.6930600702762604e-02, 394239, -1 ]
   - [ 1.5238624572753906e+02, 6.1744158935546875e+02,
       2.8670613765716553e+00, 2.5398074340820312e+02,
       9.6930600702762604e-02, 394239, -1 ]
   - [ 2.9309689331054688e+02, 3.4193057250976562e+02,
       2.1909957885742188e+01, 6.9215179443359375e+01,
       8.8162302970886230e-02, 13828610, -1 ]
   - [ 2.9309689331054688e+02, 3.4193057250976562e+02,
       2.1909957885742188e+01, 3.0027316284179688e+02,
       8.8162302970886230e-02, 13828610, -1 ]
   - [ 3.0010525512695312e+02, 3.6150454711914062e+02,
       1.9697898626327515e+00, 2.8205078125000000e+02,
       4.0131863206624985e-02, 6685183, -1 ]
   - [ 3.0514303588867188e+02, 3.6254141235351562e+02,
       1.9016894102096558e+00, 2.7981420898437500e+02,
       3.6531623452901840e-02, 4129279, -1 ]
   - [ 3.0651388549804688e+02, 3.4226553344726562e+02,
       3.2309944629669189e+00, 8.6527832031250000e+01,
       9.3765288591384888e-02, 9044991, -1 ]
   - [ 3.0734597778320312e+02, 3.3817651367187500e+02,
       3.0752615928649902e+00, 2.7318975830078125e+02,
       2.3692015558481216e-02, 5506047, -1 ]
   - [ 3.1124261474609375e+02, 3.2775894165039062e+02,
       9.8077602386474609e+00, 8.5318664550781250e+01,
       5.6282695382833481e-02, 5833217, -1 ]
   - [ 3.1168655395507812e+02, 3.6295376586914062e+02,
       2.7475049495697021e+00, 2.8730294799804688e+02,
       4.0955848991870880e-02, 14025471, -1 ]
   - [ 3.1506213378906250e+02, 3.6433187866210938e+02,
       2.0958564281463623e+00, 2.7955520629882812e+02,
       4.9198545515537262e-02, 11141631, -1 ]
   - [ 3.1603475952148438e+02, 3.7867691040039062e+02,
       2.0259979248046875e+01, 3.0244461059570312e+02,
       5.8258812874555588e-02, 8126978, -1 ]
   - [ 3.1967184448242188e+02, 3.1187246704101562e+02,
       1.5956473350524902e+01, 7.6332824707031250e+01,
       5.7639691978693008e-02, 7602434, -1 ]
   - [ 3.2180841064453125e+02, 3.1729153442382812e+02,
       8.8389148712158203e+00, 8.6844055175781250e+01,
       6.1337791383266449e-02, 15008001, -1 ]
   - [ 3.2990747070312500e+02, 3.8530941772460938e+02,
       5.1024146080017090e+00, 3.3605142211914062e+02,
       4.4073585420846939e-02, 8651264, -1 ]
   - [ 3.4070767211914062e+02, 3.9760791015625000e+02,
       1.0117369651794434e+01, 2.9710485839843750e+02,
       5.3241003304719925e-02, 8061441, -1 ]
   - [ 3.4070767211914062e+02, 3.9760791015625000e+02,
       1.0117369651794434e+01, 3.3508822631835938e+02,
       5.3241003304719925e-02, 8061441, -1 ]
   - [ 3.4394665527343750e+02, 4.0555520629882812e+02,
       1.9088386297225952e+00, 2.8070935058593750e+02,
       4.2098328471183777e-02, 4391423, -1 ]
   - [ 3.4642599487304688e+02, 3.2448184204101562e+02,
       9.6151294708251953e+00, 1.0975036621093750e+02,
       1.3619408942759037e-02, 4391425, -1 ]
   - [ 3.4800213623046875e+02, 3.8320315551757812e+02,
       3.5279128551483154e+00, 2.8005203247070312e+02,
       1.3977626338601112e-02, 15401983, -1 ]
   - [ 3.4814202880859375e+02, 3.8291424560546875e+02,
       3.8044941425323486e+00, 2.8112130737304688e+02,
       1.3930738903582096e-02, 4129024, -1 ]
   - [ 3.4874203491210938e+02, 3.8805453491210938e+02,
       4.4930934906005859e+00, 2.7907043457031250e+02,
       2.0469067618250847e-02, 16187648, -1 ]
   - [ 3.4901800537109375e+02, 3.4329724121093750e+02,
       3.1219599246978760e+00, 8.3890136718750000e+01,
       1.6491226851940155e-02, 6554623, -1 ]
   - [ 3.5096099853515625e+02, 4.0098382568359375e+02,
       2.7754135131835938e+00, 2.7886361694335938e+02,
       2.0869065076112747e-02, 14746367, -1 ]
   - [ 3.5867733764648438e+02, 4.1087222290039062e+02,
       3.8549020290374756e+00, 2.7965499877929688e+02,
       3.0007466673851013e-02, 5112064, -1 ]
   - [ 3.5919915771484375e+02, 2.7824383544921875e+02,
       4.2603945732116699e+00, 8.4319244384765625e+01,
       4.6717502176761627e-02, 12321024, -1 ]
   - [ 3.6058056640625000e+02, 2.8786312866210938e+02,
       1.9824205398559570e+01, 3.4629821777343750e+01,
       6.5282978117465973e-02, 6554114, -1 ]
   - [ 3.6058056640625000e+02, 2.8786312866210938e+02,
       1.9824205398559570e+01, 8.8983398437500000e+01,
       6.5282978117465973e-02, 6554114, -1 ]
   - [ 3.6222961425781250e+02, 3.3170260620117188e+02,
       4.7851724624633789e+00, 1.3525422668457031e+02,
       1.9209424033761024e-02, 4063744, -1 ]
   - [ 3.6536080932617188e+02, 3.4200961303710938e+02,
       8.4410820007324219e+01, 9.2670806884765625e+01,
       8.3916038274765015e-02, 11076100, -1 ]
   - [ 3.6572750854492188e+02, 4.1199127197265625e+02,
       4.0618433952331543e+00, 2.7929809570312500e+02,
       2.9704831540584564e-02, 8913152, -1 ]
   - [ 3.6753335571289062e+02, 2.9497308349609375e+02,
       3.2192943572998047e+01, 4.8413421630859375e+01,
       6.1654109507799149e-02, 8192259, -1 ]
   - [ 3.6753335571289062e+02, 2.9497308349609375e+02,
       3.2192943572998047e+01, 9.5086730957031250e+01,
       6.1654109507799149e-02, 8192259, -1 ]
   - [ 3.7105386352539062e+02, 4.6635519409179688e+02,
       4.4652686119079590e+00, 3.1999139404296875e+02,
       4.8703920096158981e-02, 15728896, -1 ]
   - [ 3.7267169189453125e+02, 3.5042745971679688e+02,
       7.5923304557800293e+00, 1.0658511352539062e+02,
       2.1259965375065804e-02, 3997953, -1 ]
   - [ 3.7269369506835938e+02, 3.8494860839843750e+02,
       4.8684182167053223e+00, 2.7268017578125000e+02,
       1.4059767127037048e-02, 5308928, -1 ]
   - [ 3.7308990478515625e+02, 3.5349459838867188e+02,
       2.4360058307647705e+00, 1.0166903686523438e+02,
       1.9935749471187592e-02, 5309183, -1 ]
   - [ 3.7764971923828125e+02, 3.3508584594726562e+02,
       2.8841714859008789e+00, 9.0987274169921875e+01,
       2.8315093368291855e-02, 852991, -1 ]
   - [ 3.7764971923828125e+02, 3.3508584594726562e+02,
       2.8841714859008789e+00, 2.7570367431640625e+02,
       2.8315093368291855e-02, 852991, -1 ]
   - [ 3.8018222045898438e+02, 3.3186682128906250e+02,
       2.7717568874359131e+00, 2.7241455078125000e+02,
       1.6821041703224182e-02, 14680831, -1 ]
   - [ 3.8046566772460938e+02, 2.8653170776367188e+02,
       2.0971312522888184e+00, 1.1100231933593750e+02,
       2.1406261250376701e-02, 11207167, -1 ]
   - [ 3.8326141357421875e+02, 3.5299057006835938e+02,
       6.7566466331481934e+00, 9.6058898925781250e+01,
       2.0705796778202057e-02, 12256000, -1 ]
   - [ 3.8556021118164062e+02, 3.5499243164062500e+02,
       3.1629219055175781e+00, 9.2016937255859375e+01,
       2.1151261404156685e-02, 7537663, -1 ]
   - [ 3.8589907836914062e+02, 3.4242767333984375e+02,
       6.3674311637878418e+00, 1.4129580688476562e+02,
       3.1927246600389481e-02, 7996160, -1 ]
   - [ 3.8605401611328125e+02, 2.9036706542968750e+02,
       2.0765995979309082e+00, 1.0196826171875000e+02,
       1.8227903172373772e-02, 10486271, -1 ]
   - [ 3.8641577148437500e+02, 3.9508297729492188e+02,
       3.1751968860626221e+00, 2.6717193603515625e+02,
       4.6143606305122375e-02, 7799807, -1 ]
   - [ 3.8641577148437500e+02, 3.9508297729492188e+02,
       3.1751968860626221e+00, 3.2409423828125000e+02,
       4.6143606305122375e-02, 7799807, -1 ]
   - [ 3.8938122558593750e+02, 3.3493652343750000e+02,
       1.9591311216354370e+00, 2.6881649780273438e+02,
       2.3653844371438026e-02, 6291967, -1 ]
   - [ 3.8980999755859375e+02, 3.9291699218750000e+02,
       2.1549229621887207e+00, 3.2040841674804688e+02,
       1.8067765980958939e-02, 13173247, -1 ]
   - [ 3.8995809936523438e+02, 4.1435089111328125e+02,
       5.0326514244079590e+00, 2.7358370971679688e+02,
       3.0444793403148651e-02, 7668224, -1 ]
