%YAML:1.0
---
maskKeypoints:
   - [ 9.8920959472656250e+01, 6.5303729248046875e+02,
       3.4487915039062500e+00, 8.2422424316406250e+01,
       9.7124695777893066e-02, 13763583, -1 ]
   - [ 9.8920959472656250e+01, 6.5303729248046875e+02,
       3.4487915039062500e+00, 2.6906198120117188e+02,
       9.7124695777893066e-02, 13763583, -1 ]
   - [ 1.1062697601318359e+02, 6.5215789794921875e+02,
       2.2132029533386230e+00, 9.5273590087890625e+01,
       9.9355123937129974e-02, 15139327, -1 ]
   - [ 1.1062697601318359e+02, 6.5215789794921875e+02,
       2.2132029533386230e+00, 2.5092367553710938e+02,
       9.9355123937129974e-02, 15139327, -1 ]
   - [ 2.5771902465820312e+02, 3.5604296875000000e+02,
       2.2678533554077148e+01, 6.8820220947265625e+01,
       8.9755572378635406e-02, 16318978, -1 ]
   - [ 2.5771902465820312e+02, 3.5604296875000000e+02,
       2.2678533554077148e+01, 2.9734790039062500e+02,
       8.9755572378635406e-02, 16318978, -1 ]
   - [ 2.6494219970703125e+02, 3.4952838134765625e+02,
       2.5107190608978271e+00, 2.4218139648437500e+02,
       2.0190734416246414e-02, 7537407, -1 ]
   - [ 2.7037994384765625e+02, 3.5291650390625000e+02,
       8.5579576492309570e+00, 8.2605834960937500e+01,
       3.6373980343341827e-02, 12648705, -1 ]
   - [ 2.7070648193359375e+02, 3.6095465087890625e+02,
       4.8372931480407715e+00, 9.0139801025390625e+01,
       1.8806390464305878e-02, 4850176, -1 ]
   - [ 2.7198461914062500e+02, 3.7909948730468750e+02,
       4.1776533126831055e+00, 2.8222708129882812e+02,
       4.2742729187011719e-02, 10944768, -1 ]
   - [ 2.7224932861328125e+02, 3.4678411865234375e+02,
       2.5856997966766357e+00, 2.7297711181640625e+02,
       1.4040884561836720e-02, 9634559, -1 ]
   - [ 2.7600332641601562e+02, 3.5895785522460938e+02,
       3.4179146289825439e+00, 7.5590728759765625e+01,
       1.5959665179252625e-02, 13108223, -1 ]
   - [ 2.7796759033203125e+02, 3.7750881958007812e+02,
       2.2717528343200684e+00, 2.7758721923828125e+02,
       5.1519230008125305e-02, 262911, -1 ]
   - [ 2.8003421020507812e+02, 3.9214437866210938e+02,
       2.0580289840698242e+01, 2.9890023803710938e+02,
       5.8661974966526031e-02, 9306626, -1 ]
   - [ 2.8602337646484375e+02, 3.2918051147460938e+02,
       1.0547448158264160e+01, 8.2314208984375000e+01,
       6.0718279331922531e-02, 11076097, -1 ]
   - [ 2.9526898193359375e+02, 3.2988146972656250e+02,
       3.2002589702606201e+00, 2.4510528564453125e+01,
       3.9745789021253586e-02, 8389631, -1 ]
   - [ 3.0468487548828125e+02, 4.1172634887695312e+02,
       1.0504861831665039e+01, 2.9344015502929688e+02,
       5.6620556861162186e-02, 10748417, -1 ]
   - [ 3.0468487548828125e+02, 4.1172634887695312e+02,
       1.0504861831665039e+01, 3.3890505981445312e+02,
       5.6620556861162186e-02, 10748417, -1 ]
   - [ 3.1045092773437500e+02, 3.9930197143554688e+02,
       2.2635791301727295e+00, 2.7647088623046875e+02,
       1.9722307100892067e-02, 767, -1 ]
   - [ 3.1110037231445312e+02, 3.9490261840820312e+02,
       4.2909264564514160e+00, 2.8072570800781250e+02,
       1.3639526441693306e-02, 12845312, -1 ]
   - [ 3.1209109497070312e+02, 4.0082437133789062e+02,
       5.5989537239074707e+00, 2.7930529785156250e+02,
       1.9739205017685890e-02, 15401472, -1 ]
   - [ 3.1423913574218750e+02, 4.2645712280273438e+02,
       8.7171726226806641e+00, 2.8314544677734375e+02,
       3.4000195562839508e-02, 14024961, -1 ]
   - [ 3.1448602294921875e+02, 4.1479849243164062e+02,
       3.2256851196289062e+00, 2.7882543945312500e+02,
       2.3024987429380417e-02, 8913919, -1 ]
   - [ 3.1678250122070312e+02, 4.2112188720703125e+02,
       2.1241872310638428e+00, 2.8201992797851562e+02,
       3.2095469534397125e-02, 12124671, -1 ]
   - [ 3.1684274291992188e+02, 3.5940832519531250e+02,
       2.9371187686920166e+00, 7.7496917724609375e+01,
       1.4164166525006294e-02, 2163711, -1 ]
   - [ 3.2314721679687500e+02, 2.9309619140625000e+02,
       2.7373602390289307e+00, 2.8494927978515625e+02,
       1.8292218446731567e-02, 13763327, -1 ]
   - [ 3.2439041137695312e+02, 2.8525189208984375e+02,
       4.1662607192993164e+00, 7.9522552490234375e+01,
       4.9671728163957596e-02, 10748160, -1 ]
   - [ 3.2507617187500000e+02, 2.9351226806640625e+02,
       1.7140626907348633e+01, 8.7098815917968750e+01,
       6.4542628824710846e-02, 12779778, -1 ]
   - [ 3.2616531372070312e+02, 3.9852935791015625e+02,
       1.8198283910751343e+00, 2.7439035034179688e+02,
       1.6380876302719116e-02, 983551, -1 ]
   - [ 3.2935211181640625e+02, 3.4288977050781250e+02,
       5.6852040290832520e+00, 1.3075683593750000e+02,
       1.9583020359277725e-02, 16515584, -1 ]
   - [ 3.3345513916015625e+02, 4.6090991210937500e+02,
       3.9908764362335205e+00, 7.0405761718750000e+01,
       4.1118323802947998e-02, 7602432, -1 ]
   - [ 3.3355960083007812e+02, 3.5411013793945312e+02,
       8.8725944519042969e+01, 9.4616943359375000e+01,
       8.2926981151103973e-02, 14680580, -1 ]
   - [ 3.3355960083007812e+02, 3.5411013793945312e+02,
       8.8725944519042969e+01, 3.1894842529296875e+02,
       8.2926981151103973e-02, 14680580, -1 ]
   - [ 3.3608007812500000e+02, 3.9914831542968750e+02,
       1.9153584241867065e+00, 2.7610528564453125e+02,
       1.5858005732297897e-02, 4653567, -1 ]
   - [ 3.3621099853515625e+02, 4.1687454223632812e+02,
       3.6788449287414551e+00, 2.7160784912109375e+02,
       1.6587380319833755e-02, 1704192, -1 ]
   - [ 3.3639193725585938e+02, 4.1672821044921875e+02,
       3.5293350219726562e+00, 2.7055734252929688e+02,
       1.6812251880764961e-02, 15467519, -1 ]
   - [ 3.3739184570312500e+02, 3.9668045043945312e+02,
       5.4715180397033691e+00, 2.7246661376953125e+02,
       1.4469415880739689e-02, 13763072, -1 ]
   - [ 3.3903067016601562e+02, 4.0923797607421875e+02,
       3.3391845226287842e+00, 9.9543823242187500e+01,
       1.6804182901978493e-02, 11404287, -1 ]
   - [ 3.3903067016601562e+02, 4.0923797607421875e+02,
       3.3391845226287842e+00, 2.6323287963867188e+02,
       1.6804182901978493e-02, 11404287, -1 ]
   - [ 3.3998645019531250e+02, 3.6199902343750000e+02,
       7.7896399497985840e+00, 1.0470732116699219e+02,
       2.0771054551005363e-02, 5832961, -1 ]
   - [ 3.4002645874023438e+02, 2.9631399536132812e+02,
       4.1510567665100098e+00, 2.7195187377929688e+02,
       2.1415198221802711e-02, 10486016, -1 ]
   - [ 3.4464199829101562e+02, 4.1702011108398438e+02,
       3.9714474678039551e+00, 2.7675756835937500e+02,
       1.9311493262648582e-02, 7274752, -1 ]
   - [ 3.4549035644531250e+02, 3.4556234741210938e+02,
       3.4147174358367920e+00, 9.2168853759765625e+01,
       3.1049735844135284e-02, 13042687, -1 ]
   - [ 3.4549035644531250e+02, 3.4556234741210938e+02,
       3.4147174358367920e+00, 2.7261056518554688e+02,
       3.1049735844135284e-02, 13042687, -1 ]
   - [ 3.4715847778320312e+02, 3.4173135375976562e+02,
       3.0613374710083008e+00, 2.7205004882812500e+02,
       1.8767457455396652e-02, 5178367, -1 ]
   - [ 3.5250311279296875e+02, 4.0793371582031250e+02,
       3.3352513313293457e+00, 3.2505114746093750e+02,
       4.9788661301136017e-02, 11338751, -1 ]
   - [ 3.5377252197265625e+02, 3.5293695068359375e+02,
       6.5535454750061035e+00, 1.4239813232421875e+02,
       3.2551690936088562e-02, 10093312, -1 ]
   - [ 3.5502691650390625e+02, 3.4516748046875000e+02,
       2.7544515132904053e+00, 2.6535119628906250e+02,
       2.8314471244812012e-02, 14222079, -1 ]
   - [ 3.5733364868164062e+02, 4.9872470092773438e+02,
       4.2115626335144043e+00, 3.1002041625976562e+02,
       5.4531872272491455e-02, 11534592, -1 ]
   - [ 3.5862277221679688e+02, 3.7311856079101562e+02,
       5.7872843742370605e+00, 9.7396606445312500e+01,
       2.6231922209262848e-02, 1049344, -1 ]
   - [ 3.6173703002929688e+02, 4.2718078613281250e+02,
       4.0851836204528809e+00, 2.7029766845703125e+02,
       2.5482861325144768e-02, 9306368, -1 ]
