%YAML:1.0
---
maskKeypoints:
   - [ 7.2822906494140625e+01, 9.2433367919921875e+02,
       5.0648779869079590e+00, 1.8157318115234375e+01,
       1.0870966315269470e-01, 8126976, -1 ]
   - [ 7.2822906494140625e+01, 9.2433367919921875e+02,
       5.0648779869079590e+00, 1.8283007812500000e+02,
       1.0870966315269470e-01, 8126976, -1 ]
   - [ 5.4084997558593750e+02, 9.2415167236328125e+02,
       1.2170930862426758e+01, 2.0932861328125000e+01,
       4.2591214179992676e-02, 4719361, -1 ]
   - [ 5.4940142822265625e+02, 9.1469421386718750e+02,
       3.3079535961151123e+00, 2.7232391357421875e+01,
       3.5809233784675598e-02, 10748927, -1 ]
   - [ 5.5199450683593750e+02, 9.4414776611328125e+02,
       1.7151294708251953e+01, 1.8122070312500000e+01,
       8.2960955798625946e-02, 12779778, -1 ]
   - [ 5.5446234130859375e+02, 9.5121545410156250e+02,
       3.4687497615814209e+00, 2.0576853942871094e+02,
       1.6458902508020401e-02, 14222335, -1 ]
   - [ 5.6402929687500000e+02, 9.3828863525390625e+02,
       7.9669795036315918e+00, 1.8323243713378906e+02,
       2.1017851307988167e-02, 7471361, -1 ]
   - [ 5.7929455566406250e+02, 9.6549676513671875e+02,
       5.3516917228698730e+00, 2.6729324340820312e+02,
       3.9890255779027939e-02, 12124672, -1 ]
   - [ 5.8741876220703125e+02, 1.2264240722656250e+03,
       7.6342506408691406e+00, 4.4128662109375000e+01,
       2.8022021055221558e-02, 4391169, -1 ]
   - [ 5.9908422851562500e+02, 9.6406481933593750e+02,
       4.2677841186523438e+00, 2.6660653686523438e+02,
       3.8935232907533646e-02, 12452096, -1 ]
   - [ 6.0592053222656250e+02, 1.2850550537109375e+03,
       4.0433106422424316e+00, 2.8170660400390625e+02,
       4.3264444917440414e-02, 8585472, -1 ]
   - [ 6.0809252929687500e+02, 1.2006365966796875e+03,
       4.4098792076110840e+00, 5.2610443115234375e+01,
       2.7444172650575638e-02, 14811392, -1 ]
   - [ 6.0978411865234375e+02, 9.6218084716796875e+02,
       4.4168448448181152e+00, 2.6190002441406250e+02,
       4.3876573443412781e-02, 14942464, -1 ]
   - [ 6.0992254638671875e+02, 9.6300610351562500e+02,
       5.7982277870178223e+00, 2.6011645507812500e+02,
       4.2920883744955063e-02, 1245952, -1 ]
   - [ 6.1628125000000000e+02, 1.2003834228515625e+03,
       5.2636198997497559e+00, 5.4507995605468750e+01,
       2.3602673783898354e-02, 10945024, -1 ]
   - [ 6.1808825683593750e+02, 1.2083718261718750e+03,
       1.6244152069091797e+01, 5.4730468750000000e+01,
       2.3783206939697266e-02, 8847618, -1 ]
   - [ 6.2425415039062500e+02, 1.2910511474609375e+03,
       5.1965632438659668e+00, 2.8717221069335938e+02,
       4.0477737784385681e-02, 10027520, -1 ]
   - [ 6.2457196044921875e+02, 1.1898100585937500e+03,
       2.5603344440460205e+00, 6.0010040283203125e+01,
       2.6307666674256325e-02, 8913663, -1 ]
   - [ 6.3091229248046875e+02, 1.1850294189453125e+03,
       3.8371028900146484e+00, 5.3741119384765625e+01,
       2.6668025180697441e-02, 4784384, -1 ]
   - [ 6.3433807373046875e+02, 9.5609356689453125e+02,
       4.1675677299499512e+00, 2.5556335449218750e+02,
       4.6384349465370178e-02, 10748160, -1 ]
   - [ 6.3470880126953125e+02, 9.6002972412109375e+02,
       1.0923962593078613e+01, 2.5595623779296875e+02,
       4.6177964657545090e-02, 13632001, -1 ]
   - [ 6.4148803710937500e+02, 1.2983134765625000e+03,
       1.0288400650024414e+01, 2.8066558837890625e+02,
       4.0009435266256332e-02, 9241089, -1 ]
   - [ 6.4198669433593750e+02, 1.1831968994140625e+03,
       6.7119574546813965e+00, 5.2692382812500000e+01,
       2.2064410150051117e-02, 11797248, -1 ]
   - [ 6.4239245605468750e+02, 1.1844227294921875e+03,
       8.3727283477783203e+00, 5.1641876220703125e+01,
       2.1849704906344414e-02, 11075841, -1 ]
   - [ 6.4379321289062500e+02, 1.1740866699218750e+03,
       5.0469427108764648e+00, 5.3643707275390625e+01,
       2.5540633127093315e-02, 7864832, -1 ]
   - [ 6.4629553222656250e+02, 8.0142889404296875e+02,
       1.2366668701171875e+01, 5.0035797119140625e+01,
       5.1052149385213852e-02, 5833473, -1 ]
   - [ 6.5351824951171875e+02, 1.1748472900390625e+03,
       7.0428271293640137e+00, 5.6035186767578125e+01,
       2.2584471851587296e-02, 15270656, -1 ]
   - [ 6.5477563476562500e+02, 1.2978907470703125e+03,
       3.7013757228851318e+00, 2.7934851074218750e+02,
       4.0107917040586472e-02, 2162944, -1 ]
   - [ 6.6190478515625000e+02, 1.1621232910156250e+03,
       3.7792663574218750e+00, 5.0947082519531250e+01,
       2.4411490187048912e-02, 3670272, -1 ]
   - [ 6.6238983154296875e+02, 7.8966229248046875e+02,
       1.2910099983215332e+01, 5.5279205322265625e+01,
       5.4608210921287537e-02, 8979201, -1 ]
   - [ 6.6854992675781250e+02, 1.2935158691406250e+03,
       9.0127515792846680e+00, 2.8823873901367188e+02,
       3.7159148603677750e-02, 16384257, -1 ]
   - [ 6.6954656982421875e+02, 1.1578378906250000e+03,
       2.6875495910644531e+00, 6.0246307373046875e+01,
       2.6164105162024498e-02, 12452607, -1 ]
   - [ 6.7326684570312500e+02, 9.4610583496093750e+02,
       4.1546874046325684e+00, 2.5514448547363281e+02,
       4.7230470925569534e-02, 10551552, -1 ]
   - [ 6.7405090332031250e+02, 9.4861462402343750e+02,
       8.8879137039184570e+00, 2.5664123535156250e+02,
       4.6483498066663742e-02, 15401217, -1 ]
   - [ 6.7476330566406250e+02, 1.1579538574218750e+03,
       3.3151874542236328e+00, 5.6832641601562500e+01,
       2.3338988423347473e-02, 10945535, -1 ]
   - [ 6.7748785400390625e+02, 1.1601568603515625e+03,
       8.2669267654418945e+00, 6.0321929931640625e+01,
       2.2411204874515533e-02, 10158337, -1 ]
   - [ 6.8003295898437500e+02, 1.3010670166015625e+03,
       4.0464334487915039e+00, 2.8746612548828125e+02,
       4.3026365339756012e-02, 8651008, -1 ]
   - [ 6.8910052490234375e+02, 1.3070668945312500e+03,
       3.9217917919158936e+00, 2.8069860839843750e+02,
       4.1965242475271225e-02, 6357248, -1 ]
   - [ 6.9075433349609375e+02, 1.1526479492187500e+03,
       7.9134330749511719e+00, 6.3434722900390625e+01,
       2.3811183869838715e-02, 7012609, -1 ]
   - [ 6.9874420166015625e+02, 1.2460975341796875e+03,
       7.3237128257751465e+00, 5.2019836425781250e+01,
       1.3754561543464661e-02, 1376513, -1 ]
   - [ 7.0577185058593750e+02, 1.3112718505859375e+03,
       4.1300482749938965e+00, 2.8528869628906250e+02,
       4.3628934770822525e-02, 10092800, -1 ]
   - [ 7.0759246826171875e+02, 7.5243078613281250e+02,
       3.3636715412139893e+00, 6.3053955078125000e+01,
       3.4302845597267151e-02, 11994111, -1 ]
   - [ 7.1456341552734375e+02, 1.1320866699218750e+03,
       9.4437170028686523e+00, 7.0261749267578125e+01,
       2.3449962958693504e-02, 3080705, -1 ]
   - [ 7.2589129638671875e+02, 1.1336309814453125e+03,
       3.1589407920837402e+00, 6.9082122802734375e+01,
       2.5151977315545082e-02, 7406591, -1 ]
   - [ 7.2974322509765625e+02, 1.1375958251953125e+03,
       1.0305868148803711e+01, 8.0302734375000000e+01,
       2.5302719324827194e-02, 9372161, -1 ]
   - [ 7.4026135253906250e+02, 1.3109011230468750e+03,
       4.9335994720458984e+00, 2.5934869384765625e+02,
       4.1398141533136368e-02, 6226432, -1 ]
   - [ 7.4734118652343750e+02, 1.1274924316406250e+03,
       8.5273666381835938e+00, 8.5084167480468750e+01,
       2.4051044136285782e-02, 12386561, -1 ]
   - [ 7.4946057128906250e+02, 1.2021762695312500e+03,
       7.1737704277038574e+00, 8.9724853515625000e+01,
       1.6638182103633881e-02, 16581376, -1 ]
   - [ 7.4949407958984375e+02, 1.2022630615234375e+03,
       7.1894669532775879e+00, 8.4279968261718750e+01,
       1.6637295484542847e-02, 65793, -1 ]
   - [ 7.5238763427734375e+02, 1.3161153564453125e+03,
       1.0595736503601074e+01, 2.5838684082031250e+02,
       3.6060817539691925e-02, 11403777, -1 ]
   - [ 7.5312402343750000e+02, 1.3198764648437500e+03,
       1.6976816177368164e+01, 2.6006796264648438e+02,
       3.4645058214664459e-02, 12058882, -1 ]
