%YAML:1.0
---
maskKeypoints:
   - [ 2.1085712432861328e+01, 4.1161627197265625e+02,
       2.9634792804718018e+00, 9.3755554199218750e+01,
       5.8043941855430603e-02, 2819071, -1 ]
   - [ 2.3141502380371094e+01, 4.3032141113281250e+02,
       7.8248009681701660e+00, 3.2822689819335938e+02,
       2.3503117263317108e-02, 6160641, -1 ]
   - [ 2.9805231094360352e+01, 4.1351144409179688e+02,
       2.5382678508758545e+00, 1.1025509643554688e+02,
       5.9350550174713135e-02, 8323839, -1 ]
   - [ 2.9805231094360352e+01, 4.1351144409179688e+02,
       2.5382678508758545e+00, 1.4166886901855469e+02,
       5.9350550174713135e-02, 8323839, -1 ]
   - [ 3.5065692901611328e+01, 4.2648782348632812e+02,
       1.0780961990356445e+01, 1.4459829711914062e+02,
       7.9727545380592346e-02, 12648961, -1 ]
   - [ 3.5065692901611328e+01, 4.2648782348632812e+02,
       1.0780961990356445e+01, 3.2623065185546875e+02,
       7.9727545380592346e-02, 12648961, -1 ]
   - [ 2.4597401428222656e+02, 3.1128121948242188e+02,
       4.9858031272888184e+00, 3.5976409912109375e+01,
       8.6061209440231323e-02, 7012864, -1 ]
   - [ 2.5114164733886719e+02, 3.1691406250000000e+02,
       4.3589572906494141e+00, 2.8964181518554688e+02,
       4.7748584300279617e-02, 14024960, -1 ]
   - [ 2.5121661376953125e+02, 3.0374871826171875e+02,
       3.9575893878936768e+00, 4.2688232421875000e+01,
       5.4953817278146744e-02, 7012608, -1 ]
   - [ 2.5172195434570312e+02, 3.1084854125976562e+02,
       3.3057510852813721e+00, 2.0485375976562500e+02,
       1.9052114337682724e-02, 10683391, -1 ]
   - [ 2.5621496582031250e+02, 3.2197702026367188e+02,
       3.7728488445281982e+00, 2.8429064941406250e+02,
       4.7024626284837723e-02, 3539200, -1 ]
   - [ 2.5742169189453125e+02, 2.9861773681640625e+02,
       5.1634902954101562e+00, 4.7378631591796875e+01,
       5.2667029201984406e-02, 9568768, -1 ]
   - [ 2.6425622558593750e+02, 2.9177349853515625e+02,
       4.0286622047424316e+00, 4.9706634521484375e+01,
       5.7041812688112259e-02, 8323328, -1 ]
   - [ 2.7898065185546875e+02, 2.7578945922851562e+02,
       3.9937951564788818e+00, 5.9942810058593750e+01,
       4.4682126492261887e-02, 7667968, -1 ]
   - [ 2.9232360839843750e+02, 2.7477526855468750e+02,
       4.9102730751037598e+00, 6.6923461914062500e+01,
       5.5368188768625259e-02, 5898752, -1 ]
   - [ 2.9718133544921875e+02, 2.6788803100585938e+02,
       2.9720721244812012e+00, 6.9953338623046875e+01,
       4.7009602189064026e-02, 3015679, -1 ]
   - [ 3.0156295776367188e+02, 4.1381347656250000e+02,
       2.5617487430572510e+00, 5.9974975585937500e+01,
       3.7996422499418259e-02, 8979199, -1 ]
   - [ 3.0321923828125000e+02, 4.4749905395507812e+02,
       6.8368973731994629e+00, 2.9640515136718750e+02,
       4.4330283999443054e-02, 13107968, -1 ]
   - [ 3.0420819091796875e+02, 4.5026681518554688e+02,
       1.0058615684509277e+01, 2.9860293579101562e+02,
       4.3678745627403259e-02, 7668225, -1 ]
   - [ 3.0784655761718750e+02, 4.1541561889648438e+02,
       6.0300550460815430e+00, 6.5586303710937500e+01,
       3.2637920230627060e-02, 4064000, -1 ]
   - [ 3.2578198242187500e+02, 4.0312054443359375e+02,
       4.6053543090820312e+00, 8.1101409912109375e+01,
       2.8834069147706032e-02, 1245696, -1 ]
   - [ 3.2975570678710938e+02, 4.2891046142578125e+02,
       2.2972838878631592e+00, 9.0748809814453125e+01,
       1.6063358634710312e-02, 1114879, -1 ]
   - [ 3.3599911499023438e+02, 4.5976699829101562e+02,
       5.4822816848754883e+00, 2.8766888427734375e+02,
       3.7535451352596283e-02, 13894144, -1 ]
   - [ 3.3849206542968750e+02, 4.0522415161132812e+02,
       2.3218691349029541e+00, 8.9662414550781250e+01,
       2.7723163366317749e-02, 1835775, -1 ]
   - [ 3.4242459106445312e+02, 4.6592877197265625e+02,
       3.8983864784240723e+00, 2.7664062500000000e+02,
       3.6926947534084320e-02, 5898496, -1 ]
   - [ 3.4505224609375000e+02, 4.0640716552734375e+02,
       5.3875155448913574e+00, 9.2342376708984375e+01,
       2.6720814406871796e-02, 12583424, -1 ]
   - [ 3.4596041870117188e+02, 4.3608471679687500e+02,
       4.5446815490722656e+01, 9.5037841796875000e+01,
       1.0258152335882187e-01, 16450051, -1 ]
   - [ 3.4596041870117188e+02, 4.3608471679687500e+02,
       4.5446815490722656e+01, 2.7031405639648438e+02,
       1.0258152335882187e-01, 16450051, -1 ]
   - [ 3.4847213745117188e+02, 4.6240655517578125e+02,
       4.2272820472717285e+00, 2.7098080444335938e+02,
       3.9448507130146027e-02, 11796736, -1 ]
   - [ 3.5390347290039062e+02, 4.0188198852539062e+02,
       5.0911116600036621e+00, 9.8592590332031250e+01,
       2.5659635663032532e-02, 8520192, -1 ]
   - [ 3.5904833984375000e+02, 4.0735385131835938e+02,
       4.0286192893981934e+00, 9.9282775878906250e+01,
       2.4201491847634315e-02, 8323328, -1 ]
   - [ 3.6051852416992188e+02, 3.2299728393554688e+02,
       2.5429198741912842e+00, 2.6428421020507812e+02,
       5.6913532316684723e-02, 8454911, -1 ]
   - [ 3.6119638061523438e+02, 3.2397787475585938e+02,
       4.3151330947875977e+00, 2.6348779296875000e+02,
       5.5455543100833893e-02, 13238528, -1 ]
   - [ 3.7224926757812500e+02, 4.6301791381835938e+02,
       5.1259446144104004e+00, 2.5654550170898438e+02,
       3.7612624466419220e-02, 9044480, -1 ]
   - [ 3.8810702514648438e+02, 4.5805697631835938e+02,
       3.8925247192382812e+00, 2.5697589111328125e+02,
       4.0248900651931763e-02, 5832960, -1 ]
   - [ 3.9122259521484375e+02, 4.5271627807617188e+02,
       4.4589776992797852e+00, 2.5940368652343750e+02,
       3.7643805146217346e-02, 15663360, -1 ]
   - [ 3.9409219360351562e+02, 4.3148330688476562e+02,
       1.8595573902130127e+00, 1.1153494262695312e+02,
       1.3990215957164764e-02, 2490879, -1 ]
   - [ 3.9505917358398438e+02, 8.5383325195312500e+02,
       5.1297430992126465e+00, 2.4878112792968750e+01,
       6.0303781181573868e-02, 9044480, -1 ]
   - [ 3.9815136718750000e+02, 4.5609893798828125e+02,
       4.0017242431640625e+00, 2.5989721679687500e+02,
       3.9058279246091843e-02, 7799040, -1 ]
   - [ 4.0246929931640625e+02, 8.5481634521484375e+02,
       4.3261771202087402e+00, 4.1405883789062500e+01,
       2.0767599344253540e-02, 13435136, -1 ]
   - [ 4.0538619995117188e+02, 4.5507354736328125e+02,
       4.2177491188049316e+00, 2.6388763427734375e+02,
       4.0227305144071579e-02, 11600128, -1 ]
   - [ 4.0890045166015625e+02, 8.1378570556640625e+02,
       5.0496068000793457e+00, 2.5438598632812500e+01,
       5.3811896592378616e-02, 7930368, -1 ]
   - [ 4.1410797119140625e+02, 8.3319805908203125e+02,
       3.8523762226104736e+00, 2.4969662475585938e+02,
       1.8382111564278603e-02, 5046528, -1 ]
   - [ 4.1425906372070312e+02, 2.5652893066406250e+02,
       2.4017276763916016e+01, 9.4167938232421875e+01,
       5.5818080902099609e-02, 3736322, -1 ]
   - [ 4.1774981689453125e+02, 7.9586633300781250e+02,
       6.2566819190979004e+00, 2.9106170654296875e+01,
       5.7683318853378296e-02, 6750976, -1 ]
   - [ 4.1814651489257812e+02, 8.0765283203125000e+02,
       6.4316954612731934e+00, 2.6812438964843750e+01,
       6.3047543168067932e-02, 8717056, -1 ]
   - [ 4.2386788940429688e+02, 7.8331823730468750e+02,
       3.9438710212707520e+00, 3.0290222167968750e+01,
       4.8109132796525955e-02, 6750464, -1 ]
   - [ 4.2569180297851562e+02, 7.8959594726562500e+02,
       4.4499449729919434e+00, 2.3392700195312500e+01,
       6.1880592256784439e-02, 15466752, -1 ]
   - [ 4.2589810180664062e+02, 7.7551434326171875e+02,
       8.4004106521606445e+00, 2.9688903808593750e+01,
       4.9681629985570908e-02, 11337985, -1 ]
   - [ 4.2590347290039062e+02, 8.2622235107421875e+02,
       2.1705663204193115e+00, 2.5631903076171875e+02,
       2.1416446194052696e-02, 13697535, -1 ]
   - [ 4.2701495361328125e+02, 7.9330950927734375e+02,
       1.9908726215362549e+00, 4.5704711914062500e+01,
       1.7978923395276070e-02, 7471615, -1 ]
