%YAML:1.0
---
maskKeypoints:
   - [ 7.2121875000000000e+02, 1.3896921386718750e+03,
       4.3036718368530273e+00, 6.9821075439453125e+01,
       9.3724422156810760e-02, 13107456, -1 ]
   - [ 7.2121875000000000e+02, 1.3896921386718750e+03,
       4.3036718368530273e+00, 2.6493814086914062e+02,
       9.3724422156810760e-02, 13107456, -1 ]
   - [ 9.1248004150390625e+02, 8.4281646728515625e+02,
       2.4513518810272217e+00, 2.8123391723632812e+02,
       1.4266164042055607e-02, 5767935, -1 ]
   - [ 9.2936224365234375e+02, 8.2803070068359375e+02,
       4.7320384979248047e+01, 2.9673150634765625e+02,
       8.7895348668098450e-02, 2687747, -1 ]
   - [ 9.4057202148437500e+02, 8.2093566894531250e+02,
       1.5332791328430176e+01, 6.9138702392578125e+01,
       3.4567162394523621e-02, 4718850, -1 ]
   - [ 9.4450976562500000e+02, 8.1610827636718750e+02,
       3.7288093566894531e+00, 2.5340069580078125e+02,
       1.3470202684402466e-02, 2687232, -1 ]
   - [ 9.5174670410156250e+02, 8.6609875488281250e+02,
       4.2610039710998535e+00, 2.8108801269531250e+02,
       3.9019871503114700e-02, 12386560, -1 ]
   - [ 9.6049749755859375e+02, 8.5917175292968750e+02,
       9.7240390777587891e+00, 2.7524496459960938e+02,
       3.8195654749870300e-02, 5177857, -1 ]
   - [ 9.6213476562500000e+02, 8.5084387207031250e+02,
       4.0896482467651367e+00, 2.4888722229003906e+02,
       1.3978882692754269e-02, 9371904, -1 ]
   - [ 9.6295965576171875e+02, 7.7136212158203125e+02,
       2.1062028884887695e+01, 7.2749908447265625e+01,
       5.8833185583353043e-02, 10945026, -1 ]
   - [ 9.6354895019531250e+02, 8.6399719238281250e+02,
       2.8037765026092529e+00, 2.6321728515625000e+02,
       4.5302920043468475e-02, 15532799, -1 ]
   - [ 9.6808557128906250e+02, 8.6646655273437500e+02,
       3.3205471038818359e+00, 2.6731094360351562e+02,
       4.2872440069913864e-02, 11011071, -1 ]
   - [ 9.6816510009765625e+02, 8.6693048095703125e+02,
       4.0339074134826660e+00, 2.6813980102539062e+02,
       4.2034294456243515e-02, 8388864, -1 ]
   - [ 9.6968164062500000e+02, 8.8932360839843750e+02,
       3.8299133300781250e+01, 2.9328607177734375e+02,
       5.7931404560804367e-02, 4063747, -1 ]
   - [ 9.7085229492187500e+02, 7.8241680908203125e+02,
       2.1837642192840576e+00, 4.0908752441406250e+01,
       5.5476203560829163e-02, 14156287, -1 ]
   - [ 9.7085229492187500e+02, 7.8241680908203125e+02,
       2.1837642192840576e+00, 8.1459472656250000e+01,
       5.5476203560829163e-02, 14156287, -1 ]
   - [ 9.7938861083984375e+02, 7.7452770996093750e+02,
       5.1074147224426270e+00, 2.0732299804687500e+01,
       3.5971377044916153e-02, 8782336, -1 ]
   - [ 1.0118449096679688e+03, 7.0281176757812500e+02,
       2.1388297080993652e+00, 4.5520568847656250e+01,
       1.5312270261347294e-02, 12648959, -1 ]
   - [ 1.0133035888671875e+03, 9.3148400878906250e+02,
       8.2441005706787109e+00, 3.0005935668945312e+02,
       2.8689039871096611e-02, 9961729, -1 ]
   - [ 1.0203148193359375e+03, 8.1397888183593750e+02,
       4.7568387985229492e+00, 6.1746948242187500e+01,
       1.9461005926132202e-02, 3604992, -1 ]
   - [ 1.0203148193359375e+03, 8.1397888183593750e+02,
       4.7568387985229492e+00, 2.1133683776855469e+02,
       1.9461005926132202e-02, 3604992, -1 ]
   - [ 1.0204320068359375e+03, 9.1583081054687500e+02,
       2.0059082031250000e+01, 2.9028460693359375e+02,
       5.4493710398674011e-02, 7406082, -1 ]
   - [ 1.0204320068359375e+03, 9.1583081054687500e+02,
       2.0059082031250000e+01, 3.3123873901367188e+02,
       5.4493710398674011e-02, 7406082, -1 ]
   - [ 1.0227649536132812e+03, 6.8834271240234375e+02,
       8.6194896697998047e+00, 7.1769805908203125e+01,
       4.5476995408535004e-02, 13172993, -1 ]
   - [ 1.0244642333984375e+03, 9.2998046875000000e+02,
       3.8064973354339600e+00, 2.8087026977539062e+02,
       3.6859981715679169e-02, 4194560, -1 ]
   - [ 1.0272753906250000e+03, 7.0445922851562500e+02,
       3.4693813323974609e+01, 2.4291381835937500e+01,
       6.4731672406196594e-02, 13631747, -1 ]
   - [ 1.0272753906250000e+03, 7.0445922851562500e+02,
       3.4693813323974609e+01, 7.8170227050781250e+01,
       6.4731672406196594e-02, 13631747, -1 ]
   - [ 1.0280306396484375e+03, 9.3305407714843750e+02,
       2.5300090312957764e+00, 2.6756713867187500e+02,
       3.6501646041870117e-02, 8061695, -1 ]
   - [ 1.0296931152343750e+03, 6.8143701171875000e+02,
       2.4917352199554443e+00, 8.6572021484375000e+01,
       4.8289649188518524e-02, 6947583, -1 ]
   - [ 1.0337519531250000e+03, 9.3869958496093750e+02,
       1.1677641868591309e+01, 2.8021646118164062e+02,
       3.2726164907217026e-02, 1704705, -1 ]
   - [ 1.0446285400390625e+03, 6.7893963623046875e+02,
       5.0914616584777832e+00, 8.6323059082031250e+01,
       4.2232889682054520e-02, 8520192, -1 ]
   - [ 1.0450159912109375e+03, 7.1791137695312500e+02,
       6.2497070312500000e+01, 3.8903259277343750e+01,
       6.1406049877405167e-02, 6095108, -1 ]
   - [ 1.0450159912109375e+03, 7.1791137695312500e+02,
       6.2497070312500000e+01, 8.2718139648437500e+01,
       6.1406049877405167e-02, 6095108, -1 ]
   - [ 1.0521951904296875e+03, 7.0365460205078125e+02,
       8.5672349929809570e+00, 2.5804745483398438e+02,
       1.5462111681699753e-02, 12714241, -1 ]
   - [ 1.0522736816406250e+03, 9.3886816406250000e+02,
       3.7236106395721436e+00, 2.7472491455078125e+02,
       2.7996165677905083e-02, 2621696, -1 ]
   - [ 1.0591285400390625e+03, 8.0574822998046875e+02,
       1.6350532531738281e+02, 8.2970733642578125e+01,
       8.4669969975948334e-02, 8782341, -1 ]
   - [ 1.0591285400390625e+03, 8.0574822998046875e+02,
       1.6350532531738281e+02, 3.1199145507812500e+02,
       8.4669969975948334e-02, 8782341, -1 ]
   - [ 1.0594645996093750e+03, 8.9392309570312500e+02,
       1.0803300857543945e+01, 2.6971655273437500e+02,
       1.8772732466459274e-02, 12780033, -1 ]
   - [ 1.0641601562500000e+03, 8.1882897949218750e+02,
       1.3391474723815918e+01, 9.3862548828125000e+01,
       2.0887611433863640e-02, 11600641, -1 ]
   - [ 1.0656184082031250e+03, 9.3539392089843750e+02,
       3.0904290676116943e+00, 2.6800714111328125e+02,
       2.6014115661382675e-02, 5833727, -1 ]
   - [ 1.0685505371093750e+03, 7.8958227539062500e+02,
       7.7443757057189941e+00, 7.1344848632812500e+01,
       2.0881950855255127e-02, 5439745, -1 ]
   - [ 1.0820760498046875e+03, 7.8738568115234375e+02,
       7.6277937889099121e+00, 8.3155548095703125e+01,
       2.3601628839969635e-02, 4325633, -1 ]
   - [ 1.0853377685546875e+03, 8.2011462402343750e+02,
       1.2634054183959961e+01, 8.5259948730468750e+01,
       1.8175417557358742e-02, 7406337, -1 ]
   - [ 1.0867398681640625e+03, 8.0013842773437500e+02,
       1.2076967239379883e+01, 1.3664312744140625e+02,
       2.9573485255241394e-02, 4129537, -1 ]
   - [ 1.0887775878906250e+03, 9.3776501464843750e+02,
       3.6328446865081787e+00, 2.6041336059570312e+02,
       2.7361951768398285e-02, 852224, -1 ]
   - [ 1.0963657226562500e+03, 1.0050353393554688e+03,
       4.6942672729492188e+00, 6.9223541259765625e+01,
       4.3781440705060959e-02, 2621952, -1 ]
   - [ 1.0993769531250000e+03, 6.9798791503906250e+02,
       6.7266860008239746e+00, 3.7911071777343750e+01,
       2.6071708649396896e-02, 11928320, -1 ]
   - [ 1.0993769531250000e+03, 6.9798791503906250e+02,
       6.7266860008239746e+00, 2.6086364746093750e+02,
       2.6071708649396896e-02, 11928320, -1 ]
   - [ 1.1013311767578125e+03, 8.9824487304687500e+02,
       7.8772416114807129e+00, 2.5648861694335938e+02,
       3.4983079880475998e-02, 6684929, -1 ]
   - [ 1.1013917236328125e+03, 1.0477744140625000e+03,
       2.6550061702728271e+00, 3.1288891601562500e+02,
       4.3452121317386627e-02, 11535103, -1 ]
   - [ 1.1025024414062500e+03, 8.3419915771484375e+02,
       1.0698050498962402e+01, 8.8045593261718750e+01,
       2.2933842614293098e-02, 12124673, -1 ]
