%YAML:1.0
---
maskKeypoints:
   - [ 2.3368301391601562e+02, 7.1032440185546875e+02,
       2.2621982097625732e+00, 2.7321966552734375e+02,
       9.1833502054214478e-02, 16712191, -1 ]
   - [ 2.4582623291015625e+02, 7.0810821533203125e+02,
       2.2537801265716553e+00, 9.3405853271484375e+01,
       9.1723918914794922e-02, 16450047, -1 ]
   - [ 3.7473626708984375e+02, 4.2068710327148438e+02,
       2.5194412231445312e+01, 6.5116821289062500e+01,
       8.9899607002735138e-02, 7209730, -1 ]
   - [ 3.7473626708984375e+02, 4.2068710327148438e+02,
       2.5194412231445312e+01, 2.9887747192382812e+02,
       8.9899607002735138e-02, 7209730, -1 ]
   - [ 3.8102682495117188e+02, 4.3951870727539062e+02,
       1.9310587644577026e+00, 2.7997738647460938e+02,
       3.8321185857057571e-02, 5243391, -1 ]
   - [ 3.8243273925781250e+02, 4.1851364135742188e+02,
       7.8567466735839844e+00, 8.0130950927734375e+01,
       3.6043275147676468e-02, 6488321, -1 ]
   - [ 3.8337002563476562e+02, 4.2572061157226562e+02,
       4.0754714012145996e+00, 8.5412658691406250e+01,
       1.7691541463136673e-02, 9109760, -1 ]
   - [ 3.8577917480468750e+02, 4.4310488891601562e+02,
       4.2754321098327637e+00, 2.7919332885742188e+02,
       3.8486104458570480e-02, 12583168, -1 ]
   - [ 3.9620932006835938e+02, 4.5550192260742188e+02,
       2.0603733062744141e+01, 2.9883419799804688e+02,
       5.6642141193151474e-02, 9372162, -1 ]
   - [ 3.9622625732421875e+02, 3.9502996826171875e+02,
       1.0735216140747070e+01, 8.1225311279296875e+01,
       5.8449864387512207e-02, 12321281, -1 ]
   - [ 4.2242581176757812e+02, 4.7147961425781250e+02,
       9.7804718017578125e+00, 3.1128292846679688e+02,
       4.9483336508274078e-02, 5636609, -1 ]
   - [ 4.3260122680664062e+02, 3.5416714477539062e+02,
       4.0617265701293945e+00, 8.1810119628906250e+01,
       4.5873872935771942e-02, 8913152, -1 ]
   - [ 4.3582269287109375e+02, 3.6399957275390625e+02,
       2.0391965866088867e+01, 8.7922363281250000e+01,
       6.3747398555278778e-02, 8585730, -1 ]
   - [ 4.4092379760742188e+02, 4.8713250732421875e+02,
       4.2700242996215820e+00, 2.7444329833984375e+02,
       2.6944017037749290e-02, 12517632, -1 ]
   - [ 4.4487829589843750e+02, 4.1690179443359375e+02,
       8.4081359863281250e+01, 8.9693115234375000e+01,
       8.3801984786987305e-02, 10813956, -1 ]
   - [ 4.4978665161132812e+02, 4.2407635498046875e+02,
       7.1071982383728027e+00, 9.8546752929687500e+01,
       2.4063775315880775e-02, 15926016, -1 ]
   - [ 4.5699612426757812e+02, 4.0528598022460938e+02,
       2.8885262012481689e+00, 2.6911328125000000e+02,
       1.6513664275407791e-02, 918527, -1 ]
   - [ 4.6195843505859375e+02, 4.2594940185546875e+02,
       6.3152861595153809e+00, 8.9368957519531250e+01,
       2.1207306534051895e-02, 7406336, -1 ]
   - [ 4.6218612670898438e+02, 4.1544680786132812e+02,
       6.1046175956726074e+00, 1.3112831115722656e+02,
       3.1540580093860626e-02, 4915968, -1 ]
   - [ 4.6283761596679688e+02, 4.2794851684570312e+02,
       2.4740581512451172e+00, 9.1129150390625000e+01,
       1.9522691145539284e-02, 6488831, -1 ]
   - [ 4.6767602539062500e+02, 4.6625433349609375e+02,
       3.9833123683929443e+00, 2.6948797607421875e+02,
       3.8093697279691696e-02, 7471360, -1 ]
   - [ 4.6994662475585938e+02, 4.3370373535156250e+02,
       5.4913282394409180e+00, 9.3570922851562500e+01,
       2.4075755849480629e-02, 13959680, -1 ]
   - [ 4.7324261474609375e+02, 3.5716217041015625e+02,
       3.8920719623565674e+00, 9.8365570068359375e+01,
       5.3551238030195236e-02, 5832960, -1 ]
   - [ 4.7386526489257812e+02, 4.1026687622070312e+02,
       8.2159643173217773e+00, 2.5834020996093750e+02,
       3.8685813546180725e-02, 9699585, -1 ]
   - [ 4.7659375000000000e+02, 4.8788589477539062e+02,
       3.8705537319183350e+00, 2.7058923339843750e+02,
       2.3577194660902023e-02, 5374208, -1 ]
   - [ 4.8123687744140625e+02, 4.8454357910156250e+02,
       2.9088323116302490e+00, 2.6863458251953125e+02,
       3.1143940985202789e-02, 1442815, -1 ]
   - [ 4.8365939331054688e+02, 3.6246636962890625e+02,
       1.0224752426147461e+01, 1.0606109619140625e+02,
       4.7610737383365631e-02, 8847873, -1 ]
   - [ 4.8659085083007812e+02, 3.8033389282226562e+02,
       9.8174724578857422e+00, 1.1177148437500000e+02,
       1.7114982008934021e-02, 5898753, -1 ]
   - [ 5.0403369140625000e+02, 5.2181958007812500e+02,
       3.8974380493164062e+00, 9.9766265869140625e+01,
       5.1535446196794510e-02, 5898496, -1 ]
   - [ 5.0710360717773438e+02, 5.7267871093750000e+02,
       4.2794418334960938e+00, 2.9543453979492188e+02,
       4.7053452581167221e-02, 12648704, -1 ]
   - [ 5.0821694946289062e+02, 4.2991079711914062e+02,
       4.3124861717224121e+00, 9.4637176513671875e+01,
       2.3956423625349998e-02, 13238528, -1 ]
   - [ 5.1280609130859375e+02, 4.7810595703125000e+02,
       4.2739167213439941e+00, 2.7170953369140625e+02,
       2.6041349396109581e-02, 12583168, -1 ]
   - [ 5.1312371826171875e+02, 5.3347717285156250e+02,
       3.4560501575469971e+00, 9.4757019042968750e+01,
       1.3534991070628166e-02, 13894655, -1 ]
   - [ 5.1533105468750000e+02, 3.6815539550781250e+02,
       2.1636848449707031e+00, 1.0066186523437500e+02,
       4.5704908668994904e-02, 13500927, -1 ]
   - [ 5.1596484375000000e+02, 4.7051199340820312e+02,
       2.6291570663452148e+00, 2.7011077880859375e+02,
       1.4052583836019039e-02, 10879743, -1 ]
   - [ 5.1748712158203125e+02, 4.0278100585937500e+02,
       2.6806714534759521e+00, 2.7031240844726562e+02,
       1.7818512395024300e-02, 12255999, -1 ]
   - [ 5.2481848144531250e+02, 3.7034167480468750e+02,
       3.9744803905487061e+00, 9.4607757568359375e+01,
       4.4977582991123199e-02, 7340288, -1 ]
   - [ 5.3099926757812500e+02, 4.3580520629882812e+02,
       4.5448608398437500e+00, 9.1561035156250000e+01,
       2.0969172939658165e-02, 328192, -1 ]
   - [ 5.3566522216796875e+02, 4.2260290527343750e+02,
       9.5986585617065430e+00, 9.9403594970703125e+01,
       1.6031475737690926e-02, 4260353, -1 ]
   - [ 5.3676403808593750e+02, 4.2611065673828125e+02,
       4.0085349082946777e+00, 9.7593811035156250e+01,
       1.8001893535256386e-02, 7930112, -1 ]
   - [ 5.3750817871093750e+02, 4.7915136718750000e+02,
       3.1244583129882812e+00, 2.9434497070312500e+02,
       2.9875161126255989e-02, 6620159, -1 ]
   - [ 5.3802380371093750e+02, 4.7883029174804688e+02,
       4.0223498344421387e+00, 2.9248492431640625e+02,
       2.9736712574958801e-02, 8192256, -1 ]
   - [ 5.3952716064453125e+02, 5.8849157714843750e+02,
       1.9329617023468018e+00, 2.8654730224609375e+02,
       4.5530352741479874e-02, 5308927, -1 ]
   - [ 5.4360687255859375e+02, 4.3080676269531250e+02,
       2.1400105953216553e+00, 8.2444091796875000e+01,
       1.9722053781151772e-02, 12648959, -1 ]
   - [ 5.4408734130859375e+02, 4.0601672363281250e+02,
       2.1867787837982178e+00, 2.6948532104492188e+02,
       1.9408121705055237e-02, 14221823, -1 ]
   - [ 5.4601770019531250e+02, 4.7130401611328125e+02,
       6.0446228981018066e+00, 2.7595721435546875e+02,
       1.6047809273004532e-02, 4195072, -1 ]
   - [ 5.4922418212890625e+02, 4.3489544677734375e+02,
       4.8184533119201660e+00, 8.7541564941406250e+01,
       1.6338912770152092e-02, 4522496, -1 ]
   - [ 5.4927947998046875e+02, 4.8807266235351562e+02,
       4.0957217216491699e+00, 2.8710519409179688e+02,
       2.4406149983406067e-02, 9502976, -1 ]
   - [ 5.5394213867187500e+02, 4.6553240966796875e+02,
       6.5084776878356934e+00, 2.7215533447265625e+02,
       2.1412521600723267e-02, 9569024, -1 ]
   - [ 5.5596948242187500e+02, 5.3214593505859375e+02,
       3.0760691165924072e+00, 1.0506286621093750e+02,
       5.1630020141601562e-02, 5506047, -1 ]
   - [ 5.6079602050781250e+02, 4.0276522827148438e+02,
       3.2087028026580811e+00, 2.7042642211914062e+02,
       2.4997932836413383e-02, 8520703, -1 ]
