%YAML:1.0
---
maskKeypoints:
   - [ 9.9367652893066406e+01, 4.4324166870117188e+02,
       4.4840998649597168e+00, 7.8735290527343750e+01,
       7.8965492546558380e-02, 16056576, -1 ]
   - [ 1.0363562011718750e+02, 4.4104910278320312e+02,
       2.0185763835906982e+00, 6.7186309814453125e+01,
       7.5064592063426971e-02, 8454655, -1 ]
   - [ 1.0363562011718750e+02, 4.4104910278320312e+02,
       2.0185763835906982e+00, 2.2398686218261719e+02,
       7.5064592063426971e-02, 8454655, -1 ]
   - [ 2.5688848876953125e+02, 1.0005049133300781e+02,
       4.5519251823425293e+00, 3.2539672851562500e+01,
       6.6587008535861969e-02, 393728, -1 ]
   - [ 2.5858663940429688e+02, 1.4412976074218750e+02,
       6.3757138252258301e+00, 3.3734622192382812e+02,
       4.9079868942499161e-02, 8061696, -1 ]
   - [ 2.5945785522460938e+02, 1.3765750122070312e+02,
       2.7419135570526123e+00, 7.4739135742187500e+01,
       1.8001629039645195e-02, 13894399, -1 ]
   - [ 2.6312988281250000e+02, 1.2495809173583984e+02,
       4.2465882301330566e+00, 9.9385650634765625e+01,
       2.0418824627995491e-02, 12124416, -1 ]
   - [ 2.6312988281250000e+02, 1.2495809173583984e+02,
       4.2465882301330566e+00, 2.2777049255371094e+02,
       2.0418824627995491e-02, 12124416, -1 ]
   - [ 2.6511691284179688e+02, 8.8519416809082031e+01,
       4.1947364807128906e+00, 3.4640045166015625e+01,
       6.0132447630167007e-02, 11206912, -1 ]
   - [ 2.6557312011718750e+02, 1.1774146270751953e+02,
       5.3690485954284668e+00, 2.2195440673828125e+02,
       1.9604535773396492e-02, 12386816, -1 ]
   - [ 2.6570303344726562e+02, 1.0442942047119141e+02,
       5.1228141784667969e+00, 2.4954995727539062e+02,
       2.1090833470225334e-02, 8978944, -1 ]
   - [ 2.6859536743164062e+02, 7.8358283996582031e+01,
       4.0761985778808594e+00, 4.0664703369140625e+01,
       5.0757199525833130e-02, 9175296, -1 ]
   - [ 2.6934088134765625e+02, 1.0935142517089844e+02,
       4.0430912971496582e+00, 2.3852505493164062e+02,
       1.5868507325649261e-02, 8585472, -1 ]
   - [ 2.6943087768554688e+02, 9.1460647583007812e+01,
       2.8705356121063232e+00, 1.3155062866210938e+02,
       2.0210329443216324e-02, 525311, -1 ]
   - [ 2.6943087768554688e+02, 9.1460647583007812e+01,
       2.8705356121063232e+00, 2.3388488769531250e+02,
       2.0210329443216324e-02, 525311, -1 ]
   - [ 2.7309249877929688e+02, 1.6891775512695312e+02,
       2.0837600231170654e+00, 3.0828793334960938e+02,
       6.3471302390098572e-02, 10748415, -1 ]
   - [ 2.7309249877929688e+02, 1.6891775512695312e+02,
       2.0837600231170654e+00, 3.4801403808593750e+02,
       6.3471302390098572e-02, 10748415, -1 ]
   - [ 2.7410705566406250e+02, 1.5968069458007812e+02,
       2.9127793312072754e+00, 1.8481701660156250e+02,
       1.5922348946332932e-02, 1573887, -1 ]
   - [ 2.7495159912109375e+02, 8.1613533020019531e+01,
       8.5417327880859375e+00, 4.1523101806640625e+01,
       6.3055500388145447e-02, 12517633, -1 ]
   - [ 2.7570947265625000e+02, 1.0388479614257812e+02,
       3.9866893291473389e+00, 2.4441923522949219e+02,
       1.3358407653868198e-02, 7536896, -1 ]
   - [ 2.7788269042968750e+02, 9.0846565246582031e+01,
       4.8478183746337891e+00, 2.5533935546875000e+02,
       2.1509494632482529e-02, 4981248, -1 ]
   - [ 2.7813055419921875e+02, 7.4778434753417969e+01,
       4.3636217117309570e+00, 4.9912139892578125e+01,
       5.8556463569402695e-02, 14090496, -1 ]
   - [ 2.8098464965820312e+02, 1.3577316284179688e+02,
       3.7815234661102295e+00, 1.6727008056640625e+02,
       3.2236047089099884e-02, 3735808, -1 ]
   - [ 2.8460299682617188e+02, 6.7695755004882812e+01,
       2.7741935253143311e+00, 5.0288330078125000e+01,
       6.1742916703224182e-02, 14746367, -1 ]
   - [ 2.8498687744140625e+02, 1.4993289184570312e+02,
       2.9517281055450439e+00, 1.2882157897949219e+02,
       5.3041245788335800e-02, 2491391, -1 ]
   - [ 2.8523526000976562e+02, 9.2493629455566406e+01,
       2.8827056884765625e+00, 2.6137979125976562e+02,
       1.7008464783430099e-02, 787455, -1 ]
   - [ 2.8553536987304688e+02, 8.5941658020019531e+01,
       4.1888766288757324e+00, 2.6020910644531250e+02,
       2.0370047539472580e-02, 11141376, -1 ]
   - [ 2.8704809570312500e+02, 1.8014903259277344e+02,
       5.1032614707946777e+00, 3.0629364013671875e+02,
       3.5384673625230789e-02, 8716800, -1 ]
   - [ 2.8841574096679688e+02, 1.0490170288085938e+02,
       7.1286501884460449e+00, 2.2880924987792969e+02,
       3.9350427687168121e-02, 16188160, -1 ]
   - [ 2.8847943115234375e+02, 8.0773681640625000e+01,
       4.8698410987854004e+00, 2.6163397216796875e+02,
       2.3597359657287598e-02, 5308928, -1 ]
   - [ 2.9614761352539062e+02, 8.6660873413085938e+01,
       1.8708028793334961e+00, 1.3622595214843750e+02,
       1.3442954979836941e-02, 2949631, -1 ]
   - [ 2.9661260986328125e+02, 6.4523300170898438e+01,
       4.9688830375671387e+00, 7.0350097656250000e+01,
       6.4044997096061707e-02, 6750720, -1 ]
   - [ 2.9885055541992188e+02, 8.4913772583007812e+01,
       2.2693412303924561e+00, 2.7549426269531250e+02,
       1.4924359507858753e-02, 197375, -1 ]
   - [ 3.0279840087890625e+02, 1.7263238525390625e+02,
       1.6701776504516602e+01, 1.3334490966796875e+02,
       7.4409835040569305e-02, 10879234, -1 ]
   - [ 3.0330502319335938e+02, 1.1870353698730469e+02,
       3.2153045654296875e+01, 2.3662689208984375e+02,
       4.7018390148878098e-02, 8126723, -1 ]
   - [ 3.0391195678710938e+02, 7.6678565979003906e+01,
       3.4577794075012207e+00, 1.2140789794921875e+02,
       2.9364351183176041e-02, 13960191, -1 ]
   - [ 3.0391195678710938e+02, 7.6678565979003906e+01,
       3.4577794075012207e+00, 2.5629336547851562e+02,
       2.9364351183176041e-02, 13960191, -1 ]
   - [ 3.0951181030273438e+02, 7.5386825561523438e+01,
       2.9817008972167969e+00, 1.7073011779785156e+02,
       2.0780120044946671e-02, 3277823, -1 ]
   - [ 3.0951181030273438e+02, 7.5386825561523438e+01,
       2.9817008972167969e+00, 2.7685061645507812e+02,
       2.0780120044946671e-02, 3277823, -1 ]
   - [ 3.1391928100585938e+02, 5.8297012329101562e+01,
       5.1817641258239746e+00, 7.1755523681640625e+01,
       5.6575667113065720e-02, 9765376, -1 ]
   - [ 3.1691345214843750e+02, 1.7344900512695312e+02,
       2.8535790443420410e+00, 1.7128968811035156e+02,
       2.8088804334402084e-02, 66559, -1 ]
   - [ 3.2285629272460938e+02, 7.0340637207031250e+01,
       2.9803235530853271e+00, 1.6192532348632812e+02,
       1.6208987683057785e-02, 3212287, -1 ]
   - [ 3.2285629272460938e+02, 7.0340637207031250e+01,
       2.9803235530853271e+00, 2.5539233398437500e+02,
       1.6208987683057785e-02, 3212287, -1 ]
   - [ 3.2479870605468750e+02, 1.8176312255859375e+02,
       1.3918753623962402e+01, 2.7713012695312500e-01,
       2.8503818437457085e-02, 14418689, -1 ]
   - [ 3.2479870605468750e+02, 1.8176312255859375e+02,
       1.3918753623962402e+01, 2.0074388122558594e+02,
       2.8503818437457085e-02, 14418689, -1 ]
   - [ 3.2615411376953125e+02, 6.7556915283203125e+01,
       2.6124215126037598e+00, 1.5104576110839844e+02,
       2.2264573723077774e-02, 10420991, -1 ]
   - [ 3.2615411376953125e+02, 6.7556915283203125e+01,
       2.6124215126037598e+00, 2.8692758178710938e+02,
       2.2264573723077774e-02, 10420991, -1 ]
   - [ 3.3281494140625000e+02, 4.5844543457031250e+01,
       4.3259816169738770e+00, 6.5040191650390625e+01,
       5.2901290357112885e-02, 13435136, -1 ]
   - [ 3.3469995117187500e+02, 1.8561167907714844e+02,
       2.0235621929168701e+00, 5.5636596679687500e+00,
       5.3265206515789032e-02, 8651263, -1 ]
   - [ 3.3707415771484375e+02, 5.9415248870849609e+01,
       2.4510583877563477e+00, 2.3244316101074219e+02,
       2.1760180592536926e-02, 5767935, -1 ]
   - [ 3.3758090209960938e+02, 6.2564918518066406e+01,
       2.1087892055511475e+00, 1.0480020141601562e+02,
       1.6733458265662193e-02, 11600383, -1 ]
