%YAML:1.0
---
maskKeypoints:
   - [ 4.6968097686767578e+01, 1.7903327941894531e+02,
       4.7783808708190918e+00, 3.5365261840820312e+02,
       2.9433028772473335e-02, 3932672, -1 ]
   - [ 5.1471313476562500e+01, 2.0251841735839844e+02,
       2.7034490108489990e+00, 2.7387033081054688e+02,
       4.6617601066827774e-02, 12845823, -1 ]
   - [ 5.1471313476562500e+01, 2.0251841735839844e+02,
       2.7034490108489990e+00, 3.5702365112304688e+02,
       4.6617601066827774e-02, 12845823, -1 ]
   - [ 5.6209285736083984e+01, 1.7408015441894531e+02,
       1.2752795219421387e+01, 4.1223144531250000e-01,
       5.9680990874767303e-02, 8061697, -1 ]
   - [ 5.9066902160644531e+01, 1.9124586486816406e+02,
       1.4983229637145996e+01, 1.7902961730957031e+02,
       7.0941179990768433e-02, 3014914, -1 ]
   - [ 5.9066902160644531e+01, 1.9124586486816406e+02,
       1.4983229637145996e+01, 3.5229266357421875e+02,
       7.0941179990768433e-02, 3014914, -1 ]
   - [ 6.7884605407714844e+01, 5.7712957763671875e+02,
       2.6608338356018066e+00, 1.9695568847656250e+02,
       8.7685257196426392e-02, 11731711, -1 ]
   - [ 7.0755241394042969e+01, 1.8924887084960938e+02,
       3.7584521770477295e+00, 1.6762153625488281e+02,
       2.5066506117582321e-02, 3277056, -1 ]
   - [ 3.6939147949218750e+02, 5.0285498046875000e+02,
       6.6477251052856445e+00, 1.5001556396484375e+01,
       8.0532200634479523e-02, 11076352, -1 ]
   - [ 3.6958340454101562e+02, 4.8377011108398438e+02,
       4.8234214782714844e+00, 2.2834747314453125e+01,
       4.3284028768539429e-02, 4588032, -1 ]
   - [ 3.7191064453125000e+02, 4.9245043945312500e+02,
       5.1588187217712402e+00, 2.1730072021484375e+01,
       4.7929983586072922e-02, 9503232, -1 ]
   - [ 3.7448663330078125e+02, 5.0058547973632812e+02,
       3.2371048927307129e+00, 1.8548789978027344e+02,
       1.8738001585006714e-02, 9176063, -1 ]
   - [ 3.7534661865234375e+02, 5.0756607055664062e+02,
       4.8602838516235352e+00, 2.7346331787109375e+02,
       4.3288093060255051e-02, 5177856, -1 ]
   - [ 3.9004818725585938e+02, 6.4294006347656250e+02,
       3.2591404914855957e+00, 3.1800692749023438e+02,
       6.1076197773218155e-02, 9700351, -1 ]
   - [ 3.9004818725585938e+02, 6.4294006347656250e+02,
       3.2591404914855957e+00, 3.4579061889648438e+02,
       6.1076197773218155e-02, 9700351, -1 ]
   - [ 4.0252935791015625e+02, 6.1030041503906250e+02,
       4.1371073722839355e+00, 5.2598083496093750e+01,
       2.7044266462326050e-02, 10223872, -1 ]
   - [ 4.0596765136718750e+02, 4.4265103149414062e+02,
       5.1571359634399414e+00, 4.8973937988281250e+01,
       5.2336156368255615e-02, 9437696, -1 ]
   - [ 4.2431356811523438e+02, 6.5801098632812500e+02,
       3.8254756927490234e+00, 2.8157617187500000e+02,
       4.1894752532243729e-02, 4587776, -1 ]
   - [ 4.2550903320312500e+02, 6.4871679687500000e+02,
       1.2265317916870117e+01, 2.8165725708007812e+02,
       4.8670496791601181e-02, 5243649, -1 ]
   - [ 4.2553750610351562e+02, 6.3824810791015625e+02,
       2.6754350662231445e+00, 8.9962982177734375e+01,
       1.3689680956304073e-02, 12124927, -1 ]
   - [ 4.3544537353515625e+02, 5.9455322265625000e+02,
       7.9231147766113281e+00, 6.1712402343750000e+01,
       2.2575022652745247e-02, 7078145, -1 ]
   - [ 4.3628146362304688e+02, 5.9040789794921875e+02,
       3.0893065929412842e+00, 6.2992706298828125e+01,
       2.6197595521807671e-02, 5833727, -1 ]
   - [ 4.3678070068359375e+02, 6.5484558105468750e+02,
       6.7754426002502441e+00, 2.7949264526367188e+02,
       4.3317683041095734e-02, 12452608, -1 ]
   - [ 4.4847940063476562e+02, 5.8684155273437500e+02,
       7.0784182548522949e+00, 7.2302917480468750e+01,
       2.2538973018527031e-02, 15663872, -1 ]
   - [ 4.5119439697265625e+02, 6.5640655517578125e+02,
       7.5869097709655762e+00, 2.6628082275390625e+02,
       4.7414511442184448e-02, 3932417, -1 ]
   - [ 4.5233328247070312e+02, 4.5316799926757812e+02,
       5.9988624572753906e+01, 6.5740814208984375e+01,
       1.2209462374448776e-01, 3080452, -1 ]
   - [ 4.5233328247070312e+02, 4.5316799926757812e+02,
       5.9988624572753906e+01, 2.4588842773437500e+02,
       1.2209462374448776e-01, 3080452, -1 ]
   - [ 4.5865115356445312e+02, 6.0729473876953125e+02,
       3.3884365558624268e+00, 6.8915893554687500e+01,
       1.3425921089947224e-02, 12518399, -1 ]
   - [ 4.6278863525390625e+02, 6.0959497070312500e+02,
       2.8860118389129639e+00, 7.4664276123046875e+01,
       1.6829377040266991e-02, 918527, -1 ]
   - [ 4.6539096069335938e+02, 6.2240924072265625e+02,
       5.9850807189941406e+01, 2.5464224243164062e+02,
       9.2313356697559357e-02, 2949380, -1 ]
   - [ 4.6875143432617188e+02, 5.7722082519531250e+02,
       3.7219827175140381e+00, 8.1464782714843750e+01,
       2.2328540682792664e-02, 2556160, -1 ]
   - [ 4.7639334106445312e+02, 4.8009008789062500e+02,
       4.3814468383789062e+00, 2.4920001220703125e+02,
       5.2503943443298340e-02, 14352640, -1 ]
   - [ 4.8150061035156250e+02, 6.1342065429687500e+02,
       2.6496248245239258e+00, 3.8520050048828125e+01,
       1.3655247166752815e-02, 11404031, -1 ]
   - [ 4.8150061035156250e+02, 6.1342065429687500e+02,
       2.6496248245239258e+00, 8.3946319580078125e+01,
       1.3655247166752815e-02, 11404031, -1 ]
   - [ 4.8150061035156250e+02, 6.1342065429687500e+02,
       2.6496248245239258e+00, 3.5099813842773438e+02,
       1.3655247166752815e-02, 11404031, -1 ]
   - [ 4.9293994140625000e+02, 6.0354394531250000e+02,
       2.3254873752593994e+00, 7.3878906250000000e+01,
       1.7863204702734947e-02, 1966847, -1 ]
   - [ 4.9311553955078125e+02, 6.0762750244140625e+02,
       1.9096478223800659e+00, 5.5412658691406250e+01,
       1.4407196082174778e-02, 4456959, -1 ]
   - [ 4.9311553955078125e+02, 6.0762750244140625e+02,
       1.9096478223800659e+00, 2.2915652465820312e+02,
       1.4407196082174778e-02, 4456959, -1 ]
   - [ 5.0323413085937500e+02, 5.8312066650390625e+02,
       5.1906204223632812e+00, 9.7427337646484375e+01,
       2.4603795260190964e-02, 9896448, -1 ]
   - [ 5.2564202880859375e+02, 5.9801733398437500e+02,
       2.1461172103881836e+00, 7.8632476806640625e+01,
       2.0369138568639755e-02, 12911103, -1 ]
   - [ 5.2852441406250000e+02, 6.2399505615234375e+02,
       4.1425924301147461e+00, 2.4136788940429688e+02,
       4.0802996605634689e-02, 10289408, -1 ]
   - [ 5.3182702636718750e+02, 5.9787377929687500e+02,
       2.4656960964202881e+00, 9.0454284667968750e+01,
       1.3495071791112423e-02, 6226687, -1 ]
   - [ 5.3188183593750000e+02, 5.9498699951171875e+02,
       1.9625809192657471e+00, 8.6464172363281250e+01,
       1.6171464696526527e-02, 6423039, -1 ]
   - [ 5.3627941894531250e+02, 3.9364788818359375e+02,
       4.3934497833251953e+00, 4.3528106689453125e+01,
       3.5813514143228531e-02, 14549248, -1 ]
   - [ 5.3946008300781250e+02, 4.0498849487304688e+02,
       4.2421650886535645e+00, 7.5719665527343750e+01,
       2.2190254181623459e-02, 12058880, -1 ]
   - [ 5.4268896484375000e+02, 5.1195510864257812e+02,
       7.8647010803222656e+01, 2.4428547668457031e+02,
       8.1208229064941406e-02, 5964292, -1 ]
   - [ 5.4573321533203125e+02, 3.8419442749023438e+02,
       3.6714329719543457e+00, 4.5787536621093750e+01,
       3.6750387400388718e-02, 1573120, -1 ]
   - [ 5.4585980224609375e+02, 3.8453439331054688e+02,
       3.2794475555419922e+00, 4.0576110839843750e+01,
       3.7455737590789795e-02, 10159103, -1 ]
   - [ 5.4585980224609375e+02, 3.8453439331054688e+02,
       3.2794475555419922e+00, 6.9985839843750000e+01,
       3.7455737590789795e-02, 10159103, -1 ]
   - [ 5.4697717285156250e+02, 3.2521963500976562e+02,
       8.2048362731933594e+01, 1.9248107910156250e+01,
       4.3698135763406754e-02, 9044484, -1 ]
   - [ 5.4697717285156250e+02, 3.2521963500976562e+02,
       8.2048362731933594e+01, 6.8240234375000000e+01,
       4.3698135763406754e-02, 9044484, -1 ]
