%YAML:1.0
---
maskKeypoints:
   - [ 8.1976615905761719e+01, 1.5225894775390625e+03,
       2.8688666820526123e+00, 1.6864331054687500e+02,
       1.3742572069168091e-01, 459775, -1 ]
   - [ 8.1976615905761719e+01, 1.5225894775390625e+03,
       2.8688666820526123e+00, 3.4391271972656250e+02,
       1.3742572069168091e-01, 459775, -1 ]
   - [ 9.3048667907714844e+01, 3.3290118408203125e+02,
       4.5933947563171387e+00, 3.4921212768554688e+02,
       2.8911754488945007e-02, 1049088, -1 ]
   - [ 9.7979949951171875e+01, 3.3983728027343750e+02,
       3.7554187774658203e+00, 3.5345993041992188e+02,
       2.7414912357926369e-02, 3211520, -1 ]
   - [ 9.8594619750976562e+01, 3.2144769287109375e+02,
       9.5237169265747070e+00, 1.2598074340820312e+02,
       5.5704116821289062e-02, 3670529, -1 ]
   - [ 9.8594619750976562e+01, 3.2144769287109375e+02,
       9.5237169265747070e+00, 3.5372335815429688e+02,
       5.5704116821289062e-02, 3670529, -1 ]
   - [ 1.1282531738281250e+02, 3.4879846191406250e+02,
       2.5820898056030273e+01, 6.4782714843750000e-01,
       5.9472896158695221e-02, 8979202, -1 ]
   - [ 1.1590297698974609e+02, 3.2318539428710938e+02,
       9.1066112518310547e+00, 1.3005766296386719e+02,
       2.7459265664219856e-02, 459265, -1 ]
   - [ 1.1835417175292969e+02, 3.8296246337890625e+02,
       3.0258466720581055e+01, 1.7125540161132812e+02,
       7.0832855999469757e-02, 3735811, -1 ]
   - [ 1.1835417175292969e+02, 3.8296246337890625e+02,
       3.0258466720581055e+01, 3.5167980957031250e+02,
       7.0832855999469757e-02, 3735811, -1 ]
   - [ 1.2350175476074219e+02, 3.3746228027343750e+02,
       1.8095051050186157e+00, 1.4700140380859375e+02,
       3.7129651755094528e-02, 524799, -1 ]
   - [ 1.3023574829101562e+02, 3.4607598876953125e+02,
       3.9438149929046631e+00, 1.6494186401367188e+02,
       2.6412662118673325e-02, 6750464, -1 ]
   - [ 1.3356307983398438e+02, 1.1669232177734375e+03,
       2.8038454055786133e+00, 6.3036804199218750e+00,
       9.1936968266963959e-02, 15532799, -1 ]
   - [ 1.3356307983398438e+02, 1.1669232177734375e+03,
       2.8038454055786133e+00, 1.9980834960937500e+02,
       9.1936968266963959e-02, 15532799, -1 ]
   - [ 1.3666456604003906e+02, 3.6409426879882812e+02,
       9.8036451339721680e+00, 1.6373873901367188e+02,
       3.1967867165803909e-02, 5767681, -1 ]
   - [ 1.3710142517089844e+02, 1.1505826416015625e+03,
       3.5041985511779785e+00, 2.2166717529296875e+01,
       8.9824423193931580e-02, 14943231, -1 ]
   - [ 7.2978875732421875e+02, 9.9139447021484375e+02,
       9.7301740646362305e+00, 1.9528228759765625e+01,
       4.3901126831769943e-02, 5243393, -1 ]
   - [ 7.4429815673828125e+02, 9.8459527587890625e+02,
       1.0573109626770020e+01, 2.1930114746093750e+01,
       4.7148387879133224e-02, 11272705, -1 ]
   - [ 7.4931085205078125e+02, 1.0010355224609375e+03,
       6.3456339836120605e+00, 1.8373638916015625e+02,
       1.9594196230173111e-02, 7734016, -1 ]
   - [ 7.7314093017578125e+02, 1.2771569824218750e+03,
       4.7706599235534668e+00, 3.5741503906250000e+02,
       3.6619327962398529e-02, 3801600, -1 ]
   - [ 7.7658526611328125e+02, 1.2711508789062500e+03,
       3.1267528533935547e+00, 5.3592529296875000e+00,
       5.5710099637508392e-02, 6685695, -1 ]
   - [ 7.7805560302734375e+02, 1.2584221191406250e+03,
       4.4420680999755859e+00, 1.4065551757812500e+01,
       3.3870488405227661e-02, 15335680, -1 ]
   - [ 7.8042871093750000e+02, 1.2861553955078125e+03,
       6.4996147155761719e+00, 3.2146231079101562e+02,
       5.9213239699602127e-02, 9503488, -1 ]
   - [ 7.8042871093750000e+02, 1.2861553955078125e+03,
       6.4996147155761719e+00, 3.4636734008789062e+02,
       5.9213239699602127e-02, 9503488, -1 ]
   - [ 7.9539947509765625e+02, 8.9413220214843750e+02,
       2.6055829524993896e+00, 4.3081390380859375e+01,
       2.7179172262549400e-02, 10224383, -1 ]
   - [ 7.9679327392578125e+02, 1.0169541625976562e+03,
       3.6040656566619873e+00, 2.5032194519042969e+02,
       4.4105801731348038e-02, 262400, -1 ]
   - [ 7.9697363281250000e+02, 1.2336392822265625e+03,
       2.8599615097045898e+00, 5.3414642333984375e+01,
       2.5753391906619072e-02, 263167, -1 ]
   - [ 7.9839508056640625e+02, 1.3022646484375000e+03,
       4.4154334068298340e+00, 2.8314630126953125e+02,
       3.8968101143836975e-02, 14942464, -1 ]
   - [ 8.0208148193359375e+02, 1.2298739013671875e+03,
       2.6193141937255859e+00, 5.6149200439453125e+01,
       2.2047286853194237e-02, 10617599, -1 ]
   - [ 8.0423449707031250e+02, 1.2341510009765625e+03,
       9.4705266952514648e+00, 4.9739257812500000e+01,
       2.2382216528058052e-02, 3277313, -1 ]
   - [ 8.1178680419921875e+02, 8.8601397705078125e+02,
       1.0532842636108398e+01, 4.8793579101562500e+01,
       5.1276978105306625e-02, 10945025, -1 ]
   - [ 8.2408032226562500e+02, 1.2086710205078125e+03,
       4.2998099327087402e+00, 5.2064208984375000e+01,
       2.3835089057683945e-02, 13041920, -1 ]
   - [ 8.2431005859375000e+02, 8.7578045654296875e+02,
       1.0090038299560547e+01, 5.2166412353515625e+01,
       5.5153857916593552e-02, 7864833, -1 ]
   - [ 8.2920843505859375e+02, 1.2048662109375000e+03,
       3.7093656063079834e+00, 5.0021942138671875e+01,
       2.3543838411569595e-02, 2359552, -1 ]
   - [ 8.3756793212890625e+02, 1.2011130371093750e+03,
       1.9028488397598267e+00, 5.5839691162109375e+01,
       2.9241774231195450e-02, 4194815, -1 ]
   - [ 8.5005645751953125e+02, 1.1801218261718750e+03,
       1.8012672424316406e+01, 5.9416900634765625e+01,
       2.4793630465865135e-02, 16384258, -1 ]
   - [ 8.5100445556640625e+02, 1.2979016113281250e+03,
       2.4046030044555664e+01, 2.8166659545898438e+02,
       4.8704043030738831e-02, 3801858, -1 ]
   - [ 8.5155316162109375e+02, 1.2768989257812500e+03,
       5.4396729469299316e+00, 9.2134124755859375e+01,
       1.3672525063157082e-02, 13304320, -1 ]
   - [ 8.5564990234375000e+02, 1.1848272705078125e+03,
       5.8626265525817871e+00, 5.4950622558593750e+01,
       2.6735903695225716e-02, 2032384, -1 ]
   - [ 8.6234014892578125e+02, 1.3170363769531250e+03,
       3.7497284412384033e+00, 2.8294335937500000e+02,
       4.0794160217046738e-02, 3080448, -1 ]
   - [ 8.6630725097656250e+02, 9.9389501953125000e+02,
       3.4012138843536377e+00, 2.4744717407226562e+02,
       5.1448523998260498e-02, 12780543, -1 ]
   - [ 8.7147235107421875e+02, 1.1882025146484375e+03,
       1.5253961563110352e+01, 6.2128234863281250e+01,
       2.3076945915818214e-02, 4325634, -1 ]
   - [ 8.7163452148437500e+02, 1.1814891357421875e+03,
       6.7786064147949219e+00, 6.4931304931640625e+01,
       2.5834713131189346e-02, 12518144, -1 ]
   - [ 8.7395800781250000e+02, 1.3114332275390625e+03,
       1.0929691314697266e+01, 2.8151910400390625e+02,
       4.4419877231121063e-02, 13632001, -1 ]
   - [ 8.7643518066406250e+02, 1.1676798095703125e+03,
       1.2760093688964844e+01, 6.3587585449218750e+01,
       2.3357002064585686e-02, 8127233, -1 ]
   - [ 8.9774957275390625e+02, 1.1724456787109375e+03,
       1.2546355247497559e+01, 7.3560882568359375e+01,
       2.3007933050394058e-02, 6882049, -1 ]
   - [ 9.0298541259765625e+02, 1.3130067138671875e+03,
       1.5243370056152344e+01, 2.6690234375000000e+02,
       4.6990245580673218e-02, 4260098, -1 ]
   - [ 9.0504333496093750e+02, 9.0665911865234375e+02,
       1.1986064910888672e+02, 6.5725372314453125e+01,
       1.2216961383819580e-01, 3014917, -1 ]
   - [ 9.0504333496093750e+02, 9.0665911865234375e+02,
       1.1986064910888672e+02, 2.4605786132812500e+02,
       1.2216961383819580e-01, 3014917, -1 ]
   - [ 9.1145629882812500e+02, 1.1650233154296875e+03,
       3.5338418483734131e+00, 8.3473480224609375e+01,
       2.6811387389898300e-02, 15533055, -1 ]
   - [ 9.1383282470703125e+02, 1.3187362060546875e+03,
       5.1348605155944824e+00, 2.6182293701171875e+02,
       3.9220958948135376e-02, 9110016, -1 ]
   - [ 9.1791040039062500e+02, 1.2146732177734375e+03,
